6  13  295.08704105689174
7  45  189.61147408305976
8  29  195.30553251768058
9  46  362.27493850239841
10  46  341.36502629900571
11  67  217.38820903624256
12  49  400.46004846811445
13  50  448.60056005577576
14  80  219.52313920310192
15  70  199.20566980016687
6  37  160.38449558386742
7  27  314.4137955002588
8  34  266.65821070200087
9  24  576.98050151559232
10  39  298.70757713303288
11  54  236.13560463648537
12  51  234.65878272102736
13  71  260.06092218643141
14  87  79.238368865194303
15  80  188.12374124739608
6  32  109.97593377405741
7  40  284.21039685939655
8  32  167.7649294249143
9  46  267.41741548386295
10  63  180.92188791769414
11  66  257.98607883995288
12  52  303.94491035601669
13  75  250.22790612405629
14  90  79.199397927730274
15  96  37.103205176471981
6  28  188.41551337581069
7  17  451.77472425440305
8  44  209.43451847965292
9  57  219.51362309638526
10  52  304.57474531689115
11  79  101.56717089845178
12  60  244.86677929602905
13  57  372.39570555806915
14  76  172.24240308449978
15  75  180.65803903522308
6  44  152.59656547060948
7  30  278.07976362421851
8  38  113.84251184700911
9  47  227.03618631468328
10  68  279.55030628346361
11  65  146.55986955622336
12  75  212.30646573759262
13  93  51.750958489516009
14  77  177.71133275860177
15  88  90.335623693343805
6  19  344.97212238842565
7  59  108.3521865973639
8  27  349.09716622807474
9  47  278.49855326364718
10  46  340.91881699140663
11  71  205.47701085025139
12  83  126.24997814498752
13  86  101.3665174413847
14  84  125.59546289509542
15  83  155.96874966765981
6  41  123.59214608118236
7  21  175.25355511584723
8  23  410.98714997387538
9  32  268.63358362298356
10  73  124.93852653566381
11  77  103.29600790560823
12  67  142.29004990332368
13  67  229.17431791813877
14  79  122.00397387052234
15  83  139.48940006020564
6  30  129.31283838851107
7  20  300.37423182568955
8  43  342.4647493426329
9  46  161.35151260467279
10  68  145.15626959332326
11  53  283.8134706059833
12  70  202.02569612390013
13  47  334.7294230738068
14  89  130.47736102020116
15  66  213.15284645980771
6  59  171.20093110865997
7  18  295.99128932329717
8  87  45.998488639568471
9  55  339.83013125537354
10  65  205.64618841527567
11  67  232.9772890365486
12  65  234.38944985086002
13  46  428.14315877191547
14  84  121.51249283421123
15  79  139.78643412783902
6  39  239.11663662253304
7  33  273.45130742894912
8  60  130.17049841611922
9  45  306.76798874360009
10  37  363.07046770651601
11  72  218.85334329296998
12  40  323.14651362954464
13  53  215.03479131857753
14  90  75.679181480385353
15  76  117.94255875788659
6  39  272.44011731418448
7  66  175.83356904315013
8  76  90.514426377891908
9  30  461.65167084536768
10  57  199.04901662212777
11  61  253.66806652178494
12  66  232.44895229541928
13  73  183.1859471386673
14  61  357.03999313501924
15  68  210.08869606398446
6  37  204.05504767329404
7  34  195.04758989412389
8  31  273.90914938854581
9  29  392.47577697349084
10  55  382.59547269538086
11  82  91.19974307910077
12  68  185.50365570951416
13  48  257.69018049042506
14  45  420.1272549976884
15  86  117.87204821754111
6  54  105.2558722645522
7  40  140.07369667909501
8  57  227.90767261008526
9  86  89.015729031291599
10  73  166.73515518599012
11  74  132.41911437137702
12  48  282.17083461915786
13  50  406.5682460008739
14  79  206.53692755711833
15  83  156.25861630153105
6  17  202.6667267697444
7  26  263.28231857301029
8  33  271.57754545805574
9  38  437.80647089430317
10  75  132.19137092695081
11  43  395.35889449795314
12  86  92.090222057488404
13  83  115.63199297373238
14  69  196.22369588059126
15  87  106.87222123479454
6  18  112.35708380497638
7  44  192.27112846200964
8  66  204.20248063321634
9  49  275.73266000369983
10  44  388.33941577559858
11  73  229.07993451156364
12  68  217.12375788387217
13  86  83.382782752565745
14  78  146.86381656581267
15  87  169.24025369848226
6  52  151.2150633249401
7  60  117.16368437391222
8  37  253.15591985588071
9  53  190.43144654246481
10  65  129.00785424204145
11  53  294.38168139307987
12  80  133.20765133941259
13  51  367.89848835862313
14  74  137.75116409527979
15  82  155.28129707776935
6  53  179.6461959767982
7  33  204.85657565874868
8  50  213.20228016530993
9  36  267.23937495897815
10  37  380.84886115202767
11  75  91.051983255219398
12  49  289.29920490185663
13  25  745.99415585512099
14  76  197.35038391337343
15  62  251.24818700488612
6  23  215.41163519125928
7  22  265.69189318019482
8  37  174.48213623339666
9  42  394.64880901979291
10  92  43.02174564080498
11  44  359.46386239694476
12  64  183.13587164056466
13  71  186.10238509761518
14  56  335.25898604401078
15  84  99.556494591421284
6  18  300.78032145056392
7  48  177.518404802585
8  52  182.62443277992062
9  50  337.26399627762663
10  51  125.25981225188679
11  31  477.65066517014083
12  44  538.86400486936725
13  79  170.17724229929394
14  85  135.82096233091423
15  68  251.57105041548544
6  41  211.12637861233537
7  27  414.15926275629573
8  60  197.27621540492501
9  59  242.8983542599438
10  44  268.12516813313664
11  54  270.11786667520397
12  45  359.96775631918348
13  79  127.20937053412813
14  69  230.09593594879794
15  68  245.27154316136395
6  50  251.39868446540325
7  56  201.18704882521894
8  35  294.98085332632451
9  63  260.21018042365989
10  66  165.64097991108494
11  70  162.16029833840176
12  52  311.32185070011246
13  80  275.68603309956046
14  70  232.68783718529983
15  87  80.478664280754742
6  14  267.95074099683649
7  42  246.71478743013648
8  28  380.68407143809975
9  50  304.45181952149994
10  27  516.05857060883682
11  49  210.14654889099967
12  44  396.09054073687366
13  50  317.90611052769259
14  35  309.43550814249318
15  84  147.43739411891806
6  36  175.89502008834222
7  39  160.51407946177613
8  24  291.58077030583223
9  70  154.7306395426863
10  47  416.32018991855369
11  50  304.19917668928321
12  59  368.0775351922864
13  77  194.09526910539967
14  77  125.71509863533056
15  81  160.52165898845629
6  37  253.05270924690356
7  33  368.00891190314729
8  56  208.05415252784206
9  46  235.08204307744259
10  46  446.74457530238271
11  54  269.91495310396112
12  59  310.96298597467973
13  74  248.91050887821896
14  73  194.61429888153353
15  83  136.56456420283976
6  47  172.7847697714333
7  55  272.73604155243203
8  62  142.83684521937079
9  55  128.8690893739535
10  24  646.18835792180903
11  75  135.9726646362067
12  50  329.537062362499
13  70  164.72878585761768
14  70  144.40087794201392
15  68  182.37371178123891
6  42  138.05976236645242
7  54  199.30557635416676
8  62  199.18581026457866
9  45  283.87562095482298
10  46  295.71125041725895
11  49  368.41982314987882
12  66  210.14608664899043
13  66  182.52622255106238
14  77  186.94589941887787
15  77  166.69310723875375
6  45  149.45851044119101
7  38  245.18847990552683
8  29  412.62591978947023
9  81  113.17468020175721
10  34  478.50353090370845
11  73  162.41197370628308
12  89  84.009529891226407
13  67  245.84850558708519
14  44  535.71455972531191
15  80  168.37839916568061
6  49  61.077417509895227
7  32  348.7679020349895
8  51  280.53111713842031
9  60  204.63370746652478
10  39  394.32997848771089
11  71  175.8763680396562
12  87  64.46365802423918
13  64  238.62827153634242
14  59  416.79789987270738
15  83  150.90864821004257
6  31  204.8635712287124
7  55  189.29870595677232
8  40  273.30032614556796
9  57  222.41270814414463
10  80  81.436479396982321
11  43  338.24379114878593
12  55  244.20101801196731
13  52  410.95095516116635
14  93  58.488481061364986
15  87  113.16083779513963
6  29  215.06832865998933
7  58  192.58117204147655
8  68  132.27723453313669
9  51  333.86530172981691
10  41  321.63957105902693
11  49  272.32006221081451
12  77  175.46895081130165
13  61  287.99483921968908
14  83  94.765683275103058
15  84  120.17443168148654
6  28  117.53960791263523
7  64  121.67564081373135
8  55  224.80959176918839
9  31  464.62414212081359
10  70  186.89593264352297
11  80  168.8743239812425
12  71  183.00031987216067
13  61  309.68698529930043
14  64  217.6837676629419
15  93  69.661897146234196
6  24  187.52481153728306
7  35  439.0164142833703
8  62  232.6555484466129
9  54  168.24782181689028
10  73  103.30537893155463
11  55  226.62294208169055
12  54  303.15360219012047
13  81  91.7118844883408
14  55  404.46702219757316
15  84  133.71428254125041
6  34  77.953202321627515
7  42  150.57747463210075
8  34  243.34878884642075
9  56  267.63085982330796
10  66  188.957455471347
11  75  185.84485253911171
12  74  160.61429071532902
13  58  337.44337642377405
14  64  270.25137241354344
15  65  256.31879093452926
6  20  272.93765961291916
7  28  422.95896654731928
8  47  142.58151306332221
9  63  221.41613932403951
10  66  160.22814943600628
11  37  509.85894131971162
12  67  279.48493233436398
13  72  203.8318573407025
14  84  111.06620568180388
15  78  173.48224900912538
6  41  164.0862546369676
7  15  113.12466201600576
8  46  247.97496675094504
9  58  251.77805204041709
10  36  476.84926136926578
11  51  211.46914329562554
12  60  266.38540408078114
13  82  215.02622938799368
14  65  285.67490589475972
15  81  169.22860831154759
6  33  216.10028821085103
7  47  170.3012964193527
8  64  208.49971966161627
9  62  199.38892396597646
10  69  184.04082303632754
11  57  352.98078115899432
12  61  244.62684051535371
13  79  143.36404530873656
14  87  104.00000000000009
15  86  112.58003398565614
6  51  126.5424683150943
7  26  305.54358498589295
8  57  243.29457013708415
9  57  180.07031228651238
10  62  255.78422242272029
11  63  253.12083992766244
12  79  192.98117389497523
13  68  254.0956198512153
14  78  190.55199968666889
15  74  208.34504646834964
6  42  295.80593928413583
7  51  116.8316005378343
8  63  250.79998161027882
9  48  272.46668438944374
10  29  198.21121750802635
11  72  214.19817576224779
12  66  250.51993383160502
13  59  306.45275154513041
14  79  144.18327369833332
15  89  75.241131724119697
6  36  292.26958360860812
7  24  161.42678648844685
8  60  169.84015887223043
9  63  216.06849656558151
10  43  338.66066295774442
11  46  364.85432405548124
12  51  434.41359577119977
13  66  213.8574863562485
14  55  438.7062514330197
15  92  69.662985528047173
6  53  156.45483182170469
7  26  479.61684909558045
8  62  165.53784671896503
9  44  340.57459982498261
10  68  306.56280246789822
11  78  132.5346929532501
12  39  329.1996088348821
13  71  205.44194522394687
14  90  70.207758675048041
15  78  200.61975227465499
6  26  329.45088373761507
7  41  218.73893021779085
8  40  220.64881827462446
9  61  354.56381329608513
10  63  223.25296716421047
11  74  168.78480500393334
12  50  279.25460057867571
13  58  184.04767944652443
14  72  208.40000916479207
15  73  237.27919087174098
6  28  250.45162457595382
7  53  165.66305216104283
8  30  212.75228194304171
9  53  359.91001455956837
10  41  446.65328216000421
11  74  187.89264469676428
12  43  416.43625296910022
13  69  170.65602364303061
14  75  172.74434325003466
15  55  425.7439526313122
6  26  153.74450839683195
7  52  180.93482247601773
8  64  149.89739134760168
9  31  451.41886917938939
10  68  271.09421775781198
11  57  330.18994061688579
12  47  375.64613386245219
13  57  257.93796077484615
14  70  238.6256600320315
15  69  143.75091818272597
6  32  271.5854688449009
7  67  234.22339440430596
8  57  214.51801916790296
9  61  213.96829255035675
10  44  365.96328438455856
11  71  152.19887047116629
12  57  419.95280053771722
13  71  216.18957327390115
14  71  237.73919341091408
15  81  151.06327396650613
6  20  250.76224044168802
7  45  187.65252306819383
8  53  193.40364957068613
9  67  166.10698025488858
10  63  288.44606085808567
11  80  156.0165958896896
12  68  209.09599870229147
13  68  249.03932157658429
14  96  82.527943208711818
15  79  161.74213994971029
6  12  159.91256459426728
7  36  107.97622367940885
8  39  389.23124468666236
9  68  104.25552486712373
10  68  170.74391599313782
11  88  83.506921044669923
12  64  177.61038463681848
13  57  370.74979460568233
14  80  145.63337862624635
15  85  130.79989009328111
6  19  113.36041263477003
7  65  243.51612100536485
8  32  266.70816155958954
9  56  221.28996671641903
10  58  293.91830939899944
11  64  196.2950578032405
12  65  253.43442161373815
13  56  260.06759523853748
14  69  202.21594401170969
15  88  95.68553345193088
6  42  152.2114700524092
7  25  278.3091502052759
8  38  300.21217664573794
9  78  119.5757306557594
10  53  397.36212089413715
11  79  181.15063388688057
12  75  217.33101740538487
13  39  415.29411459129267
14  68  263.76083249568273
15  79  151.76424982415088
6  38  154.59331052231792
7  50  247.52126952992361
8  57  169.09729120792557
9  45  205.73818371299714
10  55  287.29875038975075
11  58  153.94463008869087
12  76  176.36156920663663
13  62  320.10332159932722
14  67  214.38382264567343
15  59  219.5519136764394
6  23  363.05398318114487
7  33  259.55156303795121
8  42  252.35995382470134
9  54  254.42314149255009
10  47  342.60293021799328
11  62  259.14767261010991
12  42  489.9334072155533
13  56  269.59995837132897
14  85  111.47082196602129
15  99  0.0
6  34  373.12034756475123
7  54  120.07734999957874
8  47  135.24482066498695
9  41  288.58785339771651
10  59  280.2683473473993
11  55  365.23421546606232
12  78  205.38270437457984
13  65  344.50786045282479
14  79  138.63641258584227
15  94  51.230474503947683
6  14  183.0078843077296
7  34  316.99171266931222
8  50  167.16797594230081
9  69  132.22311367329743
10  54  275.84077831553242
11  85  84.814873076612457
12  70  214.44247377489478
13  82  120.05097371505553
14  84  133.94591023187598
15  83  128.79922584940914
6  38  211.62481367859428
7  42  264.1605937747297
8  40  301.78441208619819
9  44  200.57944803650599
10  66  216.44411909733628
11  72  159.13409912539774
12  68  140.33125205838348
13  90  82.122935736901056
14  53  361.94272686640272
15  78  145.0850335802171
6  46  161.35763962747151
7  13  125.38044989300514
8  29  265.39223366627476
9  71  56.303212175369723
10  73  181.93047353189448
11  69  143.02483336089074
12  58  212.154908159201
13  77  135.22486152181267
14  61  307.76880692740912
15  85  111.28850427632946
6  21  180.69966393867202
7  28  466.94031525982149
8  16  237.49977920515724
9  41  246.42571326881736
10  81  116.43455980919974
11  85  99.626241976299696
12  68  186.28499026921577
13  55  322.08776333774034
14  80  250.28312862810785
15  78  179.39403103955129
6  43  141.57031231753908
7  42  316.61732663457713
8  41  217.55466664542661
9  56  195.27748566841538
10  39  368.31421268311766
11  38  487.17380159125389
12  61  252.99039786489794
13  66  198.50809730804013
14  95  40.73415723604635
15  70  245.09316734099878
6  53  246.2407246273963
7  47  181.1062753236294
8  35  190.63619439553077
9  30  386.87466684128714
10  42  336.62478471491181
11  84  77.776494876458315
12  68  196.45494573643137
13  76  117.41046457551873
14  69  245.23685624901285
15  88  102.547939010956
6  55  164.00801854984346
7  39  390.94209997127626
8  60  175.65308051609415
9  57  165.37487541375333
10  73  168.32531214152908
11  53  315.21069160363965
12  61  325.05903348024867
13  64  194.7855893042555
14  83  119.1398516367897
15  82  142.19849208175199
6  35  160.25548095173704
7  18  220.81846068159788
8  69  72.080981095787152
9  48  299.60674514505695
10  63  245.28450697851795
11  50  210.00495446409712
12  48  288.45320181007372
13  45  413.09703188046336
14  86  104.12034248509245
15  80  160.02536966195836
6  8  156.72097488072464
7  36  150.44334797288965
8  48  234.42936278761167
9  45  343.29910400478695
10  34  248.23901207163635
11  56  179.99267233379132
12  65  229.97529681194266
13  56  308.02073140157154
14  80  210.48327445188747
15  78  194.46749890709245
6  28  192.25049240531897
7  40  318.84343684959185
8  29  398.3870862419227
9  41  354.49616382659002
10  52  262.43741260979851
11  70  230.61476680920742
12  50  242.4937417157559
13  53  271.54759768235505
14  55  326.13451260423687
15  83  140.11489529723511
6  53  62.913144677540437
7  49  224.44705757539231
8  40  273.44951385428982
9  48  233.36312104817543
10  65  223.15304171480474
11  45  252.79353875680749
12  62  349.67620317368579
13  79  130.09737994336572
14  92  49.976223286050235
15  98  19.422046904931101
6  9  243.33915777831993
7  26  149.55626528889164
8  42  321.39065446603655
9  69  146.56157052879573
10  70  170.7560643077191
11  55  342.55954536940874
12  58  373.17854212472628
13  62  218.1669550768631
14  74  140.5803802131085
15  81  150.15029668474406
6  17  233.22366365944214
7  43  218.99875495981425
8  42  292.20520829489601
9  41  190.32249502025118
10  51  191.71789699867816
11  62  321.47042634029702
12  59  222.22832371812788
13  49  284.55344434961881
14  56  367.69511086099789
15  83  154.4725258874266
6  54  132.91353879871099
7  27  216.97272382342283
8  38  394.48076878294199
9  44  242.4074221297258
10  49  248.54113352660502
11  35  402.56904546169108
12  69  238.82535292658144
13  61  369.96149002970526
14  57  383.22306028283322
15  93  55.266034959034677
6  28  269.73844282141852
7  42  268.32414547354392
8  42  320.69706548881055
9  31  322.39684047973037
10  58  375.14086033921001
11  52  320.55041311453272
12  50  345.32238386249605
13  58  256.6376829553696
14  81  99.552379421869006
15  83  118.00080717985148
6  34  221.43636387910627
7  25  365.50289157407167
8  41  294.44252706268145
9  59  163.40830073966941
10  54  308.3681751481646
11  65  212.60529424988215
12  61  242.93518339801579
13  73  177.72464918041777
14  59  294.40318026666552
15  92  56.432066702108443
6  32  254.56846563301343
7  53  296.38336938619921
8  32  227.93686144527075
9  47  278.3592012955425
10  90  59.265590110975303
11  50  229.36446205502929
12  44  384.41825831559134
13  80  172.0836821674512
14  77  150.77339348383123
15  52  416.00187319433724
6  30  194.54254850535438
7  25  255.69524140510276
8  71  236.52510330599853
9  58  306.2841775155789
10  62  246.78527047031608
11  78  127.94833132587152
12  65  138.14326039113612
13  80  138.95198542828075
14  72  173.51596146744407
15  95  47.518892574842795
6  21  213.25960357338153
7  34  311.71923575687589
8  33  161.36861705783247
9  64  131.51619769640448
10  76  185.50908326715287
11  59  308.4292708202135
12  32  409.10007278758246
13  84  122.03338438896697
14  58  310.52503401776914
15  74  206.85342752228857
6  52  155.01803464099459
7  17  139.42743221338517
8  45  134.11404279318177
9  47  243.47913273409608
10  64  258.33213218416074
11  72  113.4311713820226
12  77  205.44163390079316
13  76  181.63999989689279
14  84  127.49582959033894
15  68  272.14576475938151
6  43  173.0328791239952
7  29  286.34802124120506
8  48  249.35353730358639
9  56  228.21384216376026
10  68  201.09008505257469
11  31  430.94126871005869
12  57  373.45407253443091
13  66  274.63592194771979
14  85  107.57491531900959
15  80  171.73871742843306
6  59  173.63729564313871
7  47  169.28592956418186
8  43  277.93496921574359
9  51  387.26058744444623
10  48  185.36050465132186
11  83  77.932643400558035
12  69  245.88573503887477
13  83  127.60504238046074
14  76  148.15226979045877
15  60  263.99848496353786
6  25  173.4053213121158
7  59  204.82011598924825
8  23  588.08546177821643
9  48  380.27757526278236
10  44  302.71457777549665
11  62  169.03255951631849
12  43  372.66366302784149
13  66  349.79869419330379
14  66  276.14778270854953
15  89  101.86558903608028
6  29  176.55199904355845
7  37  260.5722678411471
8  53  187.63391025529765
9  54  332.3676379200254
10  42  265.68854818600221
11  70  189.8942769488855
12  55  371.54198180481944
13  86  85.820827618124568
14  88  95.439217303948524
15  80  101.33818778473494
6  46  215.90529826394541
7  34  151.76007066319562
8  42  173.98123881059607
9  42  283.69681200977652
10  48  288.52600672995061
11  76  140.15423207030108
12  55  287.12806368431086
13  39  548.55883226189633
14  70  188.38450391257209
15  55  360.36918585592764
6  24  66.789072735874555
7  30  191.26642516406392
8  55  283.10490107889729
9  66  145.49087602204693
10  75  163.82634657633318
11  48  346.3388713938578
12  84  87.162721446759164
13  74  257.24607922622556
14  78  187.55636983841043
15  85  102.65638781622101
6  38  220.74272519314025
7  54  272.43619130515822
8  32  64.671602101066213
9  76  97.652015983196463
10  40  322.03814604442033
11  29  291.02139235178362
12  85  91.380782119234397
13  80  180.56565162965512
14  85  117.11106476944697
15  96  30.50987344977824
6  32  149.54048122473426
7  41  335.70110032021574
8  25  393.31702247169153
9  65  193.0862560476946
10  57  313.1532350849406
11  46  388.61143728238358
12  78  258.62800279639532
13  81  195.44125711201096
14  77  176.15003679408929
15  81  131.40821401850951
6  4  102.62469263583358
7  21  497.63110804462707
8  58  221.38977285740989
9  65  255.53669866510197
10  81  120.32150429003265
11  81  104.42988292338411
12  77  166.4497285657296
13  32  401.7650982498435
14  65  233.1403749416481
15  78  208.74095012262794
6  8  305.77894556102945
7  47  48.651479814467393
8  49  289.93701212140274
9  76  114.94422479972044
10  42  364.35578096848479
11  90  56.930697154388959
12  68  195.92479883859448
13  74  171.34154202165234
14  74  180.45422204446427
15  67  342.52972282925913
6  13  301.97006968491587
7  36  358.84051011442551
8  39  278.78184490659595
9  41  270.41783056791701
10  41  418.73817956759859
11  29  526.94401998015155
12  60  180.88258738136429
13  73  130.41353349096349
14  65  332.7155822103025
15  74  127.27564523586541
6  46  186.85831195194419
7  23  333.94057934118371
8  21  302.98139839181505
9  35  389.15874956646672
10  62  138.19595381721146
11  37  451.00419711263464
12  66  239.26988517403296
13  71  233.71619787465107
14  71  173.44960067173292
15  68  222.52267883136699
6  38  179.75346289281325
7  43  204.08598358538126
8  38  213.77226480281908
9  44  256.59812394281556
10  68  180.98962185681029
11  56  292.40957171728661
12  53  292.32778502757412
13  55  349.80287962611919
14  86  108.06022103267468
15  53  371.3489637427835
6  42  119.61746906119929
7  33  257.81120865418973
8  51  204.9673292795336
9  72  183.68976479258745
10  69  225.20620158756066
11  60  149.1071692432522
12  83  89.399178100485287
13  80  123.18689103528854
14  83  119.86910488427652
15  87  101.36879796814192
6  28  289.60609108190101
7  54  289.37834285344957
8  33  328.83761313713217
9  54  311.55763846352181
10  65  179.21420228283617
11  96  29.451939343457266
12  74  119.52662207272226
13  74  217.05227139455587
14  62  307.43123329891472
15  61  284.44979279664625
6  38  187.45486396911599
7  54  162.34919605470128
8  36  182.14017445061086
9  69  112.18506693633252
10  68  217.37057812662005
11  65  208.72474918321274
12  61  350.50981670339269
13  70  209.0488302628263
14  90  70.22678061397545
15  61  317.75162573224969
6  33  197.26752742600232
7  45  248.74932579211077
8  48  218.97803767301747
9  77  127.91171098775882
10  69  211.48099492980464
11  51  280.80094175084628
12  63  290.6152165316945
13  73  182.40513309927763
14  76  185.31534671271675
15  74  216.51158916011732
6  55  197.85915417442087
7  47  288.67236035605941
8  42  277.42124585354054
9  37  474.03596013767026
10  29  260.6074922832002
11  67  228.5782291371828
12  55  305.96538861059003
13  75  214.3843196733545
14  90  85.144997786208535
15  68  264.56736274561058
6  38  223.09421431576149
7  54  195.1002459995124
8  45  385.37907545433785
9  49  172.73975626893207
10  68  280.59348251101505
11  68  191.12484181499343
12  64  273.62046995778149
13  80  225.7780598091816
14  79  191.40348919694071
15  79  174.645685802782
6  36  216.45495911051387
7  35  189.77228129798891
8  53  83.446907050845965
9  46  228.05581569263362
10  83  133.29867299470368
11  65  206.89616055957825
12  79  150.30475242875804
13  72  205.02414944002007
14  86  89.402351212373532
15  70  246.14396756023586
6  39  136.88229066488336
7  39  325.55070816280522
8  39  243.28087152776601
9  58  110.82744560643253
10  56  255.80382647591688
11  75  153.03030806755601
12  85  163.05343220564751
13  52  272.94662934568453
14  62  253.51295060093634
15  100  6.7572887452348445
6  46  192.97697139224346
7  37  59.108089488169469
8  66  154.57273435012397
9  75  153.78237041216178
10  63  220.89790999097553
11  39  369.51928077030914
12  82  221.06213749518159
13  64  268.91115546359561
14  79  177.67748009821307
15  74  190.10490571264111
6  35  130.5880961575684
7  60  183.3467924897918
8  33  254.86505343723456
9  45  230.80872392302376
10  32  465.51489203870585
11  68  186.11250661790871
12  63  233.62196080638549
13  78  172.01952114806969
14  79  157.68900340232707
15  68  237.02050813035416
6  34  281.95760728804549
7  29  267.53625297914016
8  35  308.77120820475443
9  34  264.83337062508497
10  49  312.6421798166989
11  45  221.09541735611364
12  74  252.30724238331729
13  57  250.18122209596243
14  71  242.20184321098964
15  70  261.28664991078915
6  37  214.36165542607802
7  74  99.323266171287017
8  52  285.10802261389557
9  52  224.22763422606101
10  54  311.68799108166195
11  59  218.2225300329095
12  55  276.05164785633968
13  77  159.33792806598251
14  91  66.530859955238881
15  79  138.60776790888204
6  49  133.10503581264783
7  40  142.8153464749916
8  63  134.08685894033627
9  37  311.38379655951849
10  58  284.62062445476681
11  42  378.61631898922212
12  61  220.61796014015167
13  87  103.19035529516748
14  81  137.61481240591823
15  90  96.59477887130106
6  40  199.09081631687687
7  45  238.86181084825307
8  38  262.03257100257605
9  42  284.50566132473801
10  67  192.99044234073301
11  64  287.58488556224091
12  85  111.13402447584875
13  70  284.04201080440953
14  82  132.01774078441039
15  70  283.67470860063202
6  38  223.51152163773622
7  28  182.50922486121547
8  50  178.34001152133331
9  53  345.60766621288559
10  71  138.87311119645028
11  61  198.02064729622575
12  67  212.82154976218206
13  77  150.66511653145736
14  76  124.86670676740673
15  89  81.863610405636081
6  15  164.05323081724379
7  37  264.38034551674087
8  55  152.09201678715024
9  56  252.55815790781989
10  42  319.97232775633205
11  59  373.94788442809772
12  78  85.363340789745791
13  77  196.03227945788132
14  40  439.42960062347714
15  88  69.755447902165528
