2  46  55.839224619522568
4  0  68.000000000000085
6  38  109.88285245735658
8  24  93.139883468193716
10  32  111.15522792078549
12  64  202.4214640265167
14  47  191.10225650009701
16  66  136.23306516793511
18  92  75.051142086438418
20  83  108.06226612128023
2  64  47.909399623604983
4  35  68.177994530910325
6  20  133.56206067672781
8  37  178.80841474278884
10  82  103.24950459240583
12  91  93.732773436610756
14  96  73.548797336659604
16  78  130.91758086735081
18  80  141.40822279587096
20  86  81.865734661555805
2  24  71.408863921338579
4  46  93.647769921355319
6  39  107.58656368313501
8  62  66.14799326819265
10  40  125.39706416484556
12  92  90.534993523331266
14  85  120.76214208738119
16  72  152.18100802456954
18  91  91.123243102435865
20  81  114.23641433370986
2  31  84.003173058939751
4  55  73.051357073175168
6  56  131.0742461951337
8  72  127.10124300008516
10  73  118.21344464592384
12  48  137.00682918422891
14  60  150.39104806484002
16  84  126.21121998682351
18  99  67.735665624738644
20  70  167.28984343836032
2  34  59.825712591788808
4  56  30.434516300832957
6  57  99.808360780112011
8  59  107.44628922950703
10  95  74.328229423961091
12  67  121.58472580128587
14  87  92.760580657604919
16  66  140.95447413788116
18  49  167.71864703728826
20  90  120.97553244307346
2  21  64.363291255439904
4  61  70.575449751674782
6  48  137.94006711499819
8  97  54.977310107621911
10  35  130.65817366556624
12  62  166.05931835671419
14  90  92.128585807701526
16  82  115.16404517494391
18  58  182.85898384234332
20  92  81.682121046764678
2  38  57.391753827750605
4  55  147.29547628372541
6  42  163.29877665761941
8  65  75.77656942090816
10  70  91.777286150196147
12  63  148.03832895430295
14  66  148.20538982892498
16  84  116.96397750579528
18  53  193.96600787386893
20  53  193.82779306339188
2  84  92.33567773076345
4  40  79.651296558313391
6  29  71.061225440633535
8  72  104.74526149446436
10  67  161.59256508072778
12  42  221.09651907394687
14  48  177.5338672672238
16  64  131.91290862337721
18  55  150.87220146643088
20  86  68.86629492610345
2  0  44.000000000000036
4  50  90.684725840034446
6  44  90.296343670676123
8  62  107.49570723550153
10  80  52.241643224207728
12  68  85.688271151003192
14  58  146.82184061654777
16  57  193.96270421081081
18  77  134.17585899451998
20  87  114.82640346060248
2  0  20.000000000000004
4  41  105.86458785305966
6  70  81.499565043392806
8  27  200.70930086303309
10  84  102.63512853456427
12  90  59.31442424903868
14  92  86.972255532558677
16  87  97.696798020537656
18  85  100.93117460619008
20  80  97.123657729923181
2  34  46.181395708481148
4  51  90.185419809422982
6  26  148.89062629505509
8  56  142.40126643934607
10  36  161.08271255606809
12  56  158.50692044217976
14  65  110.04659838240411
16  76  147.76692200367344
18  89  97.04198209544424
20  72  172.84690466574943
2  0  37.999999999999943
4  57  81.64474407876385
6  62  58.949351853366231
8  54  72.582681371563723
10  76  116.18680451161993
12  14  131.66712189766869
14  64  141.23943286565796
16  91  85.235874113670718
18  88  98.049380328202645
20  61  149.5024701346897
2  41  43.44801109141455
4  0  24.999999999999989
6  57  82.485376048546584
8  64  81.123509024843855
10  52  155.36784269959611
12  62  126.8034300029643
14  90  90.163008445863298
16  69  80.10549419361368
18  83  118.87263918618574
20  89  93.924699612163963
2  23  47.648149795550282
4  28  76.553784539340725
6  67  83.801072782922461
8  20  53.574806366808048
10  84  94.364437890337896
12  77  105.88785217282441
14  89  75.459218094532915
16  78  116.26608239281644
18  92  84.314614485719275
20  65  132.77167479331564
2  13  51.000000000000028
4  10  44.208712210556946
6  73  84.913958147617493
8  63  89.943098831348522
10  94  83.918989919256774
12  33  161.04230972710045
14  91  77.610616661444709
16  73  139.14141097876353
18  68  133.52806051735095
20  79  140.97916170456077
2  21  51.819499798574867
4  13  66.905554805354782
6  70  99.038458514698348
8  51  84.253691435649486
10  80  79.683272675170684
12  65  158.29872183295481
14  62  130.4637148114208
16  98  54.939877228427392
18  84  117.11208163476819
20  91  58.437349504874845
2  39  75.493936954433167
4  31  29.419639730278881
6  63  70.810865421317132
8  75  117.72655884023601
10  75  97.646819342256123
12  74  96.859662724005304
14  54  108.04082186554247
16  83  108.25363287264865
18  83  118.79891227686612
20  86  122.61514074437046
2  0  22.999999999999982
4  36  79.394137529910637
6  72  78.921040363766792
8  70  75.567006005400643
10  100  66.645072784659774
12  95  81.183607527528196
14  79  124.62106294985742
16  57  186.32790041781692
18  93  103.41393447292899
20  66  133.86039450596175
2  0  0.0
4  29  51.847317607740159
6  30  37.66963429534519
8  0  76.999999999999957
10  85  127.28778210731328
12  95  77.342498435293336
14  72  105.36325412741309
16  44  250.1229283777979
18  100  56.259643997578387
20  99  63.976342525593004
2  3  19.999999999999989
4  36  81.846015286887422
6  47  101.47698340813619
8  56  74.641563313308453
10  63  76.048290056957725
12  84  120.39871149322035
14  70  119.39219721926351
16  32  305.12719664060438
18  48  153.3605527576141
20  88  106.62750863086364
2  27  31.082236532506759
4  44  73.00625946520303
6  19  63.368353634002304
8  51  166.99831831521308
10  66  129.49239572083013
12  95  69.418720108749625
14  61  172.45912712622609
16  52  222.35752221889751
18  100  58.928576177653476
20  95  91.383321098296605
2  13  36.32596295931215
4  56  77.336544258139568
6  8  97.563987911699243
8  73  78.510946378610768
10  70  134.00952069622218
12  65  121.07227961410764
14  82  106.43112552319971
16  76  128.59503837407954
18  87  108.54220297551464
20  90  95.695430387751514
2  39  25.358927574222335
4  63  71.670805084931189
6  43  77.175058920434196
8  95  89.048111878080235
10  84  92.107090476144649
12  57  185.32428390463403
14  44  152.80041447279578
16  69  159.88684967670002
18  98  84.401944471282022
20  77  138.29419053624224
2  0  80.999999999999957
4  39  85.927372603427088
6  79  78.822401623069482
8  36  122.23859726519241
10  52  113.85569378356226
12  89  77.215109190068347
14  46  96.511437656042006
16  74  148.65967874669016
18  88  93.59782691164159
20  99  50.914059347977883
2  39  35.24999205225069
4  46  119.058998352123
6  95  72.215503896465691
8  49  150.95695053851301
10  86  92.211087219894168
12  73  124.30891816628196
14  49  199.96906312787911
16  77  105.21355756201312
18  64  160.38480738566813
20  72  157.3703663708649
2  0  43.000000000000028
4  0  88.999999999999943
6  45  97.893741855737204
8  50  87.838241517263469
10  70  122.80791507683853
12  64  156.79971051499393
14  41  147.50599422083278
16  55  212.21678898954494
18  75  150.40987548705959
20  96  60.982273204310772
2  0  25.999999999999979
4  47  105.28045328990515
6  33  78.735265339597149
8  38  130.09577828778362
10  73  95.751965242656013
12  47  205.94421292241864
14  67  157.34636123740336
16  79  136.13604533908114
18  96  81.245957871512189
20  93  67.997568514865236
2  13  44.788501543089886
4  52  58.406483767956267
6  15  87.721214941202618
8  89  64.402210743037386
10  42  171.02501630628407
12  25  133.92433755669546
14  71  98.349385041169967
16  76  90.48668208985012
18  88  93.998450642628981
20  82  118.82882599908095
2  0  0.0
4  33  98.900262106467181
6  52  111.26139223975812
8  52  133.58001989621746
10  82  114.67549791254037
12  48  174.86104542928641
14  75  132.70553986823955
16  84  129.38754064351284
18  78  105.85888417203675
20  79  137.40596478199754
2  0  37.999999999999979
4  35  50.93852605351001
6  62  68.726844312277677
8  72  82.652007205917812
10  100  76.464090721771996
12  100  55.309415247953176
14  83  89.508764648316571
16  90  75.189073564222383
18  91  112.69691099196933
20  64  148.99433063129783
2  22  28.035580496059804
4  23  103.23188970296312
6  42  84.052301321371289
8  61  103.25571841727799
10  48  174.44865003759384
12  55  195.75200150695127
14  76  139.39168716679288
16  63  212.9088318660672
18  58  166.96060874668254
20  77  74.290496587490424
2  20  73.000000000000028
4  22  84.471313273308709
6  75  93.272371112605114
8  60  79.310406791979432
10  73  125.09283347188334
12  54  196.28913927218485
14  89  81.726668868391258
16  76  122.92874366754201
18  82  121.30020568076286
20  60  194.33533498459289
2  53  76.978774952819975
4  89  62.552186553977201
6  21  121.85692212221231
8  57  107.56955576401747
10  75  126.08763603610555
12  68  132.0971115859729
14  90  90.890425250270042
16  65  178.65456735765875
18  81  130.98600266131064
20  72  164.13786389108444
2  0  6.9999999999999982
4  5  64.000000000000043
6  28  78.288625417136117
8  47  99.37823023632636
10  57  176.81710241271702
12  44  154.37311338379843
14  72  115.54300254473604
16  70  119.81554938256937
18  92  110.91634326597051
20  93  74.028430460686806
2  44  63.532471815565621
4  25  120.13381754454372
6  63  134.08239503238269
8  47  108.10679796855145
10  68  126.78670041283353
12  73  149.46069915494169
14  66  179.97873563865883
16  78  95.3060642807108
18  75  166.67692365622383
20  98  83.043141892601682
2  54  78.18243858873744
4  72  83.473630989552063
6  67  72.102363895057792
8  85  57.38367500610471
10  37  108.07746993733383
12  62  139.51090237163262
14  61  110.22972231566897
16  81  116.48187994204397
18  76  129.79228464933576
20  86  102.82424538152995
2  17  71.37276251894454
4  64  95.470590620079378
6  48  89.298283550569352
8  54  135.90390632563239
10  55  96.146477390269624
12  53  185.68529066604845
14  86  108.64865048158349
16  63  177.44400015128716
18  49  217.85502404016552
20  83  116.76696783956986
2  45  92.28172177709277
4  0  35.000000000000021
6  56  84.939009270451805
8  53  167.45146402125079
10  32  188.18809001410284
12  88  66.447040295523067
14  31  80.698051065088436
16  68  111.3157214142165
18  72  134.78736128191986
20  72  138.45205650713308
2  30  62.784811837993075
4  0  46.000000000000007
6  63  103.13464704696386
8  34  137.95132938399095
10  72  157.69203215681051
12  67  67.319707744680031
14  98  59.58073813635869
16  58  129.66973263517704
18  77  132.17185702339521
20  66  155.8906874461014
2  73  91.98086899354945
4  34  59.077582775792578
6  57  76.278756264971619
8  28  198.75077532334464
10  90  77.73841937013529
12  69  70.639530353171864
14  62  173.00543057321477
16  61  171.59589592897285
18  70  141.87811188242461
20  70  167.6050924209701
2  0  57.999999999999915
4  54  72.096487115185084
6  28  116.63248413122626
8  75  113.17231726640789
10  37  116.97575925709589
12  65  135.29655516349413
14  68  142.6761115750522
16  86  106.24571675616986
18  71  158.23798400373241
20  91  86.8069535443326
2  8  36.046373445360558
4  20  125.52939741369435
6  44  118.76020974073265
8  83  59.794197205246512
10  27  81.558563193817761
12  66  144.24406950718927
14  63  156.86159070813932
16  83  120.4397080498476
18  72  162.86725110663869
20  68  68.164991280537549
2  23  66.510704891752482
4  40  177.65988544585107
6  66  132.33164858634996
8  73  103.8502163889749
10  61  167.41971343703929
12  74  127.35847696164346
14  100  79.227709199763027
16  80  144.71079843213246
18  68  165.50044730542899
20  74  162.494031118484
2  27  55.00872884673619
4  34  111.48474522893328
6  82  108.5410075732199
8  32  113.87591741936139
10  43  91.115897581438617
12  42  170.49707876768787
14  62  147.31004112360273
16  22  258.13598781450747
18  76  130.1098115245934
20  58  180.34100953181988
2  0  15.999999999999996
4  69  82.128649435075033
6  50  103.14848201020231
8  58  120.48375615861903
10  36  155.83653422580613
12  62  113.31590323954129
14  54  195.28210943004666
16  69  163.21228083254618
18  92  79.318333507034865
20  86  96.408255865249473
2  60  33.337083778687102
4  75  107.78215984171769
6  61  122.74417539983823
8  49  130.56614620199619
10  40  86.122746045225711
12  58  150.11533748514603
14  96  85.310564294992275
16  74  138.62069385455757
18  53  191.87619947470074
20  95  81.591213515404235
2  31  66.724687700517691
4  38  71.041127256192368
6  46  66.137311845304609
8  62  137.52545644273374
10  46  143.23612245952651
12  71  145.07847292622861
14  46  223.09868936064714
16  94  82.767564399942032
18  49  199.59057953919793
20  60  206.31979758766605
2  0  47.0
4  38  98.267138626752768
6  77  106.99189315275802
8  59  126.15360344561574
10  100  71.87906847124178
12  55  163.07613768848071
14  71  162.30168603374759
16  97  62.348159975786274
18  81  167.96159580595668
20  91  94.174265875982513
2  33  51.17269304323672
4  40  86.303782131490379
6  23  91.109920668012521
8  51  152.89996893500765
10  45  184.19525972613147
12  85  114.04825022888457
14  89  89.500213242071524
16  84  132.31588859038845
18  66  143.07274579426448
20  75  156.81518232496398
2  28  45.153563984357817
4  33  105.54658141114
6  40  112.66908920951589
8  57  124.60267539362188
10  91  79.300876479097099
12  75  157.7969507420666
14  98  77.015346271593344
16  64  153.57982421849286
18  87  96.25583015039939
20  72  159.61313321798877
2  59  56.98938085370618
4  26  55.477014192408248
6  72  115.83888678504862
8  73  95.637438723519296
10  19  230.29504287070469
12  77  137.63490768581318
14  92  90.928764133653345
16  42  137.30769978755879
18  61  169.61836443950486
20  89  89.299072351602462
2  19  60.929889948096559
4  23  26.206578002500308
6  73  118.74403896275862
8  45  143.38793520018748
10  41  172.82584840632657
12  87  82.64872979704667
14  40  123.85350337716245
16  80  106.93281350217278
18  74  150.32614953893676
20  91  69.586192166926466
2  16  89.336130703334305
4  70  93.169932201523437
6  0  35.999999999999979
8  78  92.449217033284029
10  57  165.15589577970002
12  79  126.00850449354161
14  37  226.98883630489004
16  94  67.807331999256391
18  56  159.45793626982848
20  73  133.66570594717402
2  35  55.62072307319827
4  62  106.861447247085
6  43  116.96935075728199
8  65  91.726093529523808
10  61  134.42384437036975
12  95  100.77148045136758
14  64  140.1796902946154
16  82  80.221347321879279
18  66  150.6573014486606
20  77  148.31013424083866
2  17  48.049985598231572
4  33  87.22408779294669
6  31  99.21866518193012
8  45  98.029462840255363
10  76  126.14446691332378
12  54  166.53293820306368
14  50  73.701075301960529
16  69  173.51404398160363
18  78  153.42753181779034
20  69  172.49404022834568
2  11  93.613575863452198
4  66  57.676565820555851
6  62  94.800935625268295
8  43  136.9123960179277
10  99  73.295467183043073
12  72  102.74368777163431
14  54  161.92064461272011
16  91  85.548822038714974
18  57  143.86776924430262
20  54  243.09641886745041
2  26  75.963366793962123
4  55  106.70106866186676
6  25  98.562831188285003
8  64  59.323484240548098
10  73  64.867502922494126
12  74  117.14300136241015
14  58  190.51267555750201
16  74  129.66140671365551
18  81  131.23230883497743
20  87  108.65763097284915
2  83  57.186959547282335
4  17  55.689943927727974
6  28  117.67733775530803
8  57  131.89244173973287
10  51  127.75495037511116
12  88  117.57438265260664
14  87  101.72862436993351
16  74  142.66180242556712
18  36  83.516352352363697
20  78  139.85659428760661
2  0  34.999999999999993
4  47  92.855262355692446
6  53  83.419992171850424
8  55  107.2095478952735
10  78  90.960280031777728
12  58  178.74394801339818
14  62  165.07045449595827
16  76  99.650397010618718
18  84  104.67796178578467
20  66  188.06218977166333
2  21  28.901372424822437
4  71  57.435483728310302
6  64  128.31362250324145
8  57  143.00523709290709
10  62  82.264518626154711
12  49  163.62678083702426
14  62  174.0506957824735
16  85  103.40892890067089
18  56  112.47781858999866
20  75  145.73127307558252
2  21  62.379763420611972
4  28  141.14595904716816
6  56  65.392291249370061
8  73  36.88944358279609
10  71  142.77684980133085
12  90  75.489621189901385
14  89  89.434923453895081
16  64  192.52475101388345
18  89  97.874764509911657
20  72  138.75867664850475
2  37  51.167912953435263
4  44  64.180982890824978
6  100  46.261036600175579
8  73  72.302183713349677
10  95  49.776759280600238
12  80  105.2003765124189
14  41  258.08893442945811
16  57  158.46771019021432
18  68  166.7200370202288
20  94  83.318064159544065
2  17  84.222711887279587
4  24  99.088885650988715
6  24  108.86063225971175
8  75  91.865917363808293
10  66  102.8058973693964
12  62  175.65361497956243
14  60  182.87029151679425
16  67  145.59613921052457
18  76  155.59559751603433
20  73  135.19920289019362
2  57  57.468533597708628
4  42  90.457812580454117
6  87  79.181196306582734
8  50  97.43392188380497
10  41  151.03474750121796
12  79  107.52895472048395
14  70  128.15661212679444
16  91  100.15718907558609
18  72  154.60439119712731
20  69  134.11748144969286
2  22  44.957130669393337
4  38  69.689878790561636
6  58  143.7202805362306
8  49  166.10579364002027
10  70  143.38528415834605
12  87  95.242447467659872
14  48  98.68565510077525
16  47  227.35444662621606
18  58  191.07679195895389
20  79  144.93143635117931
2  69  79.057171853606775
4  62  85.354401650791331
6  19  98.687532885224812
8  29  219.58418134308809
10  51  174.04604615417369
12  88  64.849678058612355
14  68  169.80899404664314
16  31  253.45262489898948
18  95  51.932597268356659
20  82  102.81533833811717
2  45  69.488550500975137
4  55  77.841128810867318
6  30  105.96844450903735
8  68  69.377152832298393
10  36  135.22876609693122
12  62  161.508992476949
14  75  140.95240275993652
16  72  116.82153449592363
18  93  85.155796158568961
20  76  156.63114642070693
2  6  34.625363120599559
4  59  124.13246709247406
6  43  83.465033743874329
8  51  121.88590967900025
10  69  113.41832247164788
12  26  160.27932323452276
14  91  77.161357373155042
16  86  99.560103206214436
18  84  114.90084424928827
20  49  266.87371589144902
2  62  46.400821559600971
4  70  94.583470504303776
6  64  121.81839087928992
8  89  70.25368674299034
10  88  74.333685163865212
12  74  152.65125185941432
14  82  123.00608083034237
16  87  108.1412088876895
18  71  94.757568646189725
20  93  75.628044431171432
2  0  9.999999999999984
4  12  90.114232292893305
6  32  75.895739007341078
8  44  98.23763126217203
10  73  122.12556056886186
12  97  67.245813419038981
14  60  211.73989202543058
16  76  128.49700955197375
18  71  145.84381529023642
20  78  111.72402989430186
2  33  24.254141561662038
4  46  84.436192602389866
6  24  97.970872895900001
8  73  97.285457728454929
10  42  145.2447685602645
12  77  123.57093908443925
14  58  187.48530971284328
16  77  123.95525022372397
18  62  173.53110597252351
20  65  169.51100122867086
2  54  47.863131590128084
4  55  108.04844971934725
6  48  83.046000094162935
8  48  134.27516034349534
10  64  106.17684783201933
12  89  90.903599829486225
14  49  216.81193386910564
16  84  115.7777133897829
18  85  103.79384209763495
20  16  184.99999999999977
2  39  89.951939604715264
4  88  52.42065251183562
6  74  75.88927185608614
8  49  95.319328456919493
10  69  104.19911538491249
12  63  165.61454663359274
14  47  169.02676293832971
16  85  105.57218039574339
18  83  128.26958461600816
20  75  132.30862603552828
2  17  45.695885283964948
4  20  67.270082696038273
6  54  115.22306812700981
8  28  94.839397416433968
10  81  110.89409290411241
12  75  98.087522861194259
14  100  61.899576899015543
16  96  66.532034723779731
18  87  101.41305781628613
20  79  111.687946663573
2  70  49.770507089023802
4  10  23.683352468487207
6  77  56.139237829226218
8  84  79.64177294641398
10  80  107.17580929781553
12  65  107.67954724633789
14  66  163.9358838699344
16  72  165.49366727838151
18  79  138.06626753739482
20  100  69.98648731832904
2  13  38.979380738877992
4  19  67.893605970796187
6  49  132.24351337854142
8  80  86.924509279202326
10  78  125.66827588124382
12  54  160.4563165366967
14  75  167.36422784501266
16  73  88.139638609021077
18  77  124.55593157146524
20  41  243.28396751743605
2  0  12.999999999999993
4  58  45.355082544981549
6  56  93.912452827468712
8  55  140.93407346343949
10  64  153.93247153664501
12  73  137.14577044806754
14  64  177.20405461878428
16  83  123.05072209427779
18  92  84.485720863581804
20  87  99.453752268826861
2  28  28.762766434958461
4  60  61.184624644449599
6  32  102.8082967708408
8  75  78.59797068917733
10  44  149.03888174934812
12  60  98.667709934557735
14  66  145.53258006924904
16  70  154.98245737867055
18  67  175.579277090689
20  88  111.62706197227232
2  16  68.32264917744638
4  97  72.891660238428017
6  46  121.70961298091358
8  38  160.60363185246914
10  47  171.60181682770326
12  63  102.34348705156201
14  91  89.992402566848881
16  80  141.44277503576967
18  95  76.844664241493916
20  94  95.686396705858812
2  2  79.0
4  29  76.126148101907702
6  56  92.712732615174687
8  56  139.69371857101925
10  83  97.54766658842297
12  71  175.53172647810706
14  61  102.96602741116384
16  87  99.923956919725669
18  85  110.61576933716037
20  98  60.643989886131131
2  0  19.999999999999979
4  38  94.452316061868274
6  80  85.27811524337902
8  37  90.697349929265101
10  91  81.53918111144435
12  85  84.887182596346435
14  62  114.6707006602911
16  47  145.84531233689304
18  89  89.254227777540635
20  80  136.6528940953927
2  1  15.000000000000023
4  44  98.147648534738735
6  82  103.86170406784871
8  39  143.80757973419708
10  76  100.16371765617679
12  41  216.26342025387228
14  50  193.82062100413094
16  92  91.157390145454116
18  77  88.97851006196305
20  82  153.51428773615314
2  0  32.0
4  51  93.949168178905737
6  63  100.35106462974545
8  63  104.18558757507789
10  84  124.7550470082229
12  50  120.31237456078912
14  70  164.13896388821522
16  74  104.48248154871031
18  92  76.887371383825851
20  52  172.75257641948951
2  23  47.056356372755786
4  38  48.909383416081901
6  39  83.730629570407061
8  67  103.07119541302569
10  51  98.786823567432805
12  83  96.374856599998466
14  91  92.446640479101475
16  41  174.48258120022589
18  93  99.683553379695809
20  77  139.63572516116972
2  7  19.287004762135716
4  50  72.570874022440861
6  44  140.08705521555717
8  57  133.00038071955203
10  33  153.0711716013659
12  71  162.5674975105413
14  48  204.66901835063356
16  58  187.47903599532256
18  77  156.02991800596445
20  84  124.6876014905796
2  33  43.022368511859575
4  42  58.842830473403083
6  55  95.435603328271668
8  42  122.74047455533213
10  80  82.985242496302121
12  55  104.72015190970428
14  86  111.39639585872305
16  78  106.13681257250818
18  80  137.16317612551242
20  63  180.98159011840193
2  41  51.923216808970338
4  28  41.519010926898041
6  17  67.672677380909221
8  43  150.51714739789477
10  63  127.3916110074228
12  74  131.942534883429
14  50  167.03734249148886
16  92  86.505019645065474
18  73  155.09556173208941
20  70  166.44979428066597
2  0  15.000000000000004
4  40  83.312754109515126
6  16  95.010968585534911
8  41  187.57382080498701
10  89  98.533020356330994
12  67  149.67962614857726
14  66  174.98508409073432
16  61  189.32920379031506
18  50  171.26431232987886
20  93  62.897590939036277
2  13  13.581412603358785
4  48  99.642699255743466
6  64  86.463442440492344
8  22  73.328956551309616
10  76  115.77103910523716
12  73  105.52347575139716
14  74  125.46973860610869
16  84  106.48984830467236
18  82  124.49175353408398
20  67  119.50661190148108
2  9  54.0
4  50  73.335193091475631
6  52  180.05708556713674
8  43  92.056904392916323
10  45  148.60513724305784
12  65  141.10706707375678
14  71  136.84757800412189
16  92  85.221310160118392
18  86  113.18342744109401
20  64  199.89218519837331
2  16  91.69567076878873
4  66  42.348829401351232
6  26  75.955380137830218
8  82  76.5161635377046
10  52  166.74607326883233
12  42  160.90656109903577
14  84  113.3179395290377
16  84  88.059864775173907
18  90  110.96872735213498
20  84  104.30314652074473
2  51  29.226022510266816
4  28  69.247533027175081
6  21  139.22038956674569
8  78  101.10573786307209
10  54  101.52587378392145
12  45  174.0955108991495
14  97  74.843367030700932
16  96  73.558844655804876
18  96  80.877420837428303
20  62  204.20446453542121
2  3  15.04658519865583
4  41  30.539365686199986
6  72  95.394811310817701
8  71  106.81409662102502
10  41  167.64478151612644
12  88  77.525870510660752
14  87  81.66321307196182
16  50  210.00750391198417
18  92  96.796333635782503
20  65  179.95056556196818
2  0  32.000000000000014
4  23  103.60698951818034
6  62  102.02519763016147
8  96  50.91470873639328
10  27  81.383785144163483
12  47  85.561260633459739
14  81  86.905441498137776
16  87  120.86376471797499
18  93  71.589115024839771
20  56  239.29781586272728
2  30  30.992966546071351
4  57  98.947572194183039
6  60  96.523232057838243
8  68  125.17662230463003
10  50  82.879301823834652
12  92  90.298831032822392
14  83  72.875167819281003
16  69  186.49695112418004
18  85  105.54322620170041
20  87  104.10224349295351
2  32  56.122466761563679
4  56  82.848716411861091
6  42  83.023634553937384
8  37  157.38051178041579
10  84  117.47447120930285
12  73  145.45746936847146
14  83  96.396361723936181
16  68  173.49717739773257
18  83  113.17041670588918
20  65  198.38373720662611
2  33  39.268997057186233
4  45  87.276201658201302
6  37  97.013308102934417
8  74  131.74475022644694
10  80  106.57040151183212
12  63  159.50206034656267
14  51  78.151694075763942
16  42  156.02046078334203
18  70  167.51982600327273
20  70  153.27104151169894
2  29  77.056775371209724
4  61  51.417695489722746
6  29  96.830970506549136
8  86  94.557901478789091
10  100  52.377419027363615
12  87  98.784431563900824
14  61  142.00474175504877
16  85  112.73877670454843
18  68  119.90343219548622
20  84  112.4878797050596
2  16  52.000000000000007
4  63  59.574358477241503
6  43  112.4512852205698
8  87  104.39560114612979
10  39  246.9255911807235
12  82  105.94221952997449
14  67  163.96071522116191
16  61  172.68991168610648
18  66  161.42834462203484
20  100  56.186095972519261
2  21  25.368603552679399
4  8  81.468366180280128
6  43  112.9460833088195
8  38  83.864716033986909
10  77  114.09221111067191
12  54  196.95437490166876
14  70  180.24793676802344
16  64  144.30396891571775
18  81  123.80968546523353
20  59  141.82682986038375
