6  17  189.57265134428823
7  43  170.66066365735742
8  64  108.37308583230252
9  90  65.829242146545639
10  73  149.65364003120933
11  58  326.60435944482106
12  100  51.021879760016198
13  86  129.10458336843936
14  86  134.13916244599929
15  90  115.4727430347623
6  87  78.535382472016934
7  10  54.423752342367834
8  47  317.11848932821357
9  57  153.25338500385544
10  49  297.79582551038948
11  71  187.86419120912336
12  58  390.94595446476706
13  88  116.8147901111729
14  83  203.94930854500893
15  82  185.26115805675249
6  42  165.50338738043445
7  58  153.86099712022576
8  81  148.69760484448926
9  75  54.495777931731233
10  81  186.85015556235641
11  88  106.70972975860754
12  89  113.23491275100284
13  100  64.881523698775922
14  93  89.011016964296928
15  100  59.039953612580213
6  29  227.20291709991193
7  32  119.76126639439406
8  82  96.548791709855209
9  52  246.31416957044539
10  66  205.90942647500944
11  88  124.54255871504651
12  96  73.684305808732631
13  86  110.90578604050995
14  94  84.767125170092129
15  79  158.38140291129329
6  67  128.28761267793197
7  61  116.50963299021826
8  50  195.10657877478795
9  58  208.57616412793422
10  64  203.5742881106915
11  85  129.20496693828045
12  51  273.01517535115954
13  78  164.25751003869843
14  91  129.80269638288192
15  87  109.09897708118186
6  50  105.78718222186043
7  52  288.06180575484132
8  60  174.8725081906212
9  67  188.11534219274395
10  100  46.632076677602953
11  82  159.39489630223537
12  79  144.52514647701233
13  76  214.12273543644361
14  86  124.66625434453044
15  92  112.1175496889892
6  23  94.723744592009922
7  51  127.95117020449449
8  62  157.36519688649182
9  32  322.25929593930766
10  61  223.86305602721305
11  78  201.71012824241029
12  68  180.29775449865829
13  82  162.43736524298072
14  95  96.85887442537684
15  91  136.35113442665684
6  92  71.228112844064242
7  28  117.67966305871701
8  65  121.93547788021316
9  93  90.450739369144671
10  75  130.478390039765
11  81  131.87121280166079
12  83  161.74338605233683
13  75  241.31377736972428
14  80  204.18287270364709
15  88  127.82421458733205
6  26  235.342606287
7  95  67.76918061858612
8  89  79.4643769162886
9  83  122.83543903329534
10  93  84.074314702426449
11  60  293.17704150187069
12  99  74.184200391288854
13  50  209.52787918470955
14  69  154.2475560506218
15  88  146.60900996098988
6  52  165.96064805355488
7  35  155.53493803866377
8  90  85.425163771726403
9  87  103.40232153044334
10  81  204.96525375951938
11  78  185.82793522467341
12  75  142.58825649946016
13  98  72.855402859036531
14  92  134.24215502563879
15  89  144.37293765949448
6  70  103.70417516833655
7  59  105.55260714542192
8  82  125.70763602304035
9  87  108.27939604405707
10  83  128.23754663247223
11  74  193.72595522393399
12  88  57.312075995716221
13  77  207.80775733609383
14  91  107.75417889703797
15  83  185.80014762852869
6  48  240.81318638869809
7  65  156.65490461318711
8  61  118.62103840308845
9  80  131.83942276455218
10  75  148.25129542895016
11  82  186.12275737377269
12  78  193.10637071762324
13  90  108.0983514214502
14  100  49.148549717491335
15  74  235.13217744918197
6  100  78.336035220150407
7  7  153.58756005787833
8  50  178.52802001507337
9  69  138.32727715385749
10  50  208.43638288715087
11  59  251.26870750193851
12  88  108.95134395349766
13  91  101.16232904569249
14  100  63.342363030648443
15  81  174.45442624776405
6  97  74.386367906958981
7  89  86.046907630215216
8  51  194.30667604418085
9  46  260.51111863101596
10  99  57.201656484621537
11  48  294.05592822404657
12  86  127.15173749852158
13  76  207.61749557236823
14  64  256.04111841820338
15  95  87.690751258983042
6  49  212.19740782056351
7  54  156.98344239269048
8  43  243.19125814590905
9  78  133.5453669927015
10  63  129.97024147979801
11  77  174.20268266982373
12  95  82.767581823745346
13  81  146.55257812402613
14  100  61.196408051848323
15  75  209.10705723329147
6  52  124.38136165626906
7  55  208.39509000808152
8  65  152.03107710574861
9  76  159.6254053743865
10  93  84.153770240324661
11  80  153.37145959415415
12  91  124.61872755808791
13  93  94.096424697359581
14  77  190.27663913472563
15  52  421.06145790586174
6  39  182.77129245553863
7  85  73.208771070621154
8  37  202.88532404149635
9  94  83.470107721644524
10  60  194.50878483934082
11  66  199.13883368831108
12  88  99.025541346458184
13  88  99.905581606946541
14  90  117.92621943456273
15  78  197.69765601204415
6  25  159.1812619870459
7  45  164.58743761708774
8  61  212.11684914668658
9  60  199.98123239199603
10  49  286.21108423805214
11  96  81.466763155170199
12  81  186.70327315277876
13  93  103.69194187166997
14  82  175.16446928121005
15  88  150.65361868319096
6  93  90.481936468834022
7  46  68.336177260699998
8  96  74.346849379761252
9  43  232.2256561068931
10  64  157.17244361415121
11  79  179.93923864602391
12  69  197.29895993869266
13  94  94.175635893405456
14  90  124.29609672978275
15  93  105.13672686751913
6  38  114.26753775935546
7  73  91.644503322776472
8  67  164.63945929001022
9  40  145.73964352036174
10  85  139.18820631216911
11  78  213.80650149394575
12  73  169.42036049828565
13  97  53.334583992733023
14  91  121.54113696699919
15  65  317.17308739846101
6  42  121.82229571642736
7  61  145.88237153905075
8  66  137.84259674161294
9  59  177.45075180788049
10  71  217.97675174642075
11  78  108.71242234191941
12  77  105.84064196663898
13  95  79.886615091019536
14  88  143.49790746440587
15  64  255.75424356338692
6  56  154.0083652458658
7  76  62.461541909132052
8  72  150.45966472702818
9  37  307.72257806448471
10  73  157.48390812660003
11  100  90.289418744777095
12  99  59.519732166977384
13  88  123.92162330153198
14  82  153.94045305804346
15  100  47.235430696107343
6  29  186.1105354301823
7  55  142.4314510465245
8  68  108.32826597659937
9  67  189.3132424200503
10  83  153.37838292654456
11  88  131.0551260158835
12  91  130.76776622758078
13  58  317.0064770621741
14  73  169.94092211095858
15  52  397.24014295583629
6  37  174.56212173065228
7  58  224.17021857524844
8  75  145.5374445894002
9  32  189.45125304634038
10  78  149.35207682170906
11  77  171.05049272681163
12  82  139.10640005455053
13  99  64.964632800488104
14  85  160.60455448032226
15  88  124.06342200825378
6  77  106.72259694789923
7  61  186.75610502523796
8  36  202.60398384684603
9  50  86.987945401798228
10  94  89.097494990263925
11  71  151.12793137467483
12  76  223.33893583938951
13  99  67.338231869627464
14  89  154.30896138818972
15  93  104.56111785877087
6  73  106.74167886000177
7  35  152.82142384312735
8  72  94.530668994173325
9  77  137.46398374910791
10  78  127.18501813541127
11  93  87.798615532602341
12  79  200.35162780835955
13  73  184.09729199211293
14  75  186.41498989819405
15  76  206.59070101298258
6  80  120.71610796644057
7  74  122.26657486217852
8  87  99.793530132131224
9  77  114.14751866202809
10  71  176.89180560364565
11  95  69.336747530396721
12  81  114.82706276878862
13  86  167.73648850880352
14  98  73.423946030061487
15  91  98.717069900078556
6  25  149.16855604931766
7  59  162.89407588934409
8  51  166.1637941552481
9  40  200.30677552381371
10  55  189.42519012129512
11  84  157.59627616659003
12  75  194.11790993361271
13  71  228.15806579985801
14  75  191.50393682730137
15  92  125.80672543624304
6  52  143.88529344008361
7  62  172.28649789059682
8  61  204.88667602012092
9  97  64.285241968261118
10  91  73.20173992055642
11  65  182.09800047718244
12  90  104.64799245534358
13  79  203.55842559464929
14  90  108.13357090009778
15  74  196.50656768829333
6  83  98.193060063863115
7  60  130.43859061650576
8  56  208.6734616374012
9  77  158.93205722920291
10  88  99.45589415796492
11  75  97.068073238967131
12  83  129.99574508622504
13  94  95.690590539154982
14  98  65.309472544994151
15  65  259.69227178201913
6  78  98.299751633722849
7  68  145.31498269925819
8  39  285.30779749826706
9  73  189.92144019245001
10  88  129.75101552308323
11  97  76.89801983443958
12  85  157.51665498166733
13  84  98.652341455656881
14  86  165.25927628114471
15  91  114.25089487287914
6  46  132.42833647558268
7  63  158.9759236484735
8  85  89.135345332725365
9  71  200.577221801044
10  75  126.37291011398284
11  95  93.093921111432522
12  81  203.96116216570829
13  79  171.98068959017385
14  77  186.87605806458498
15  94  97.111046675870895
6  100  67.523054468654863
7  22  187.21746264870345
8  52  171.25817093029468
9  78  133.25793849931097
10  100  70.078896465608437
11  99  73.927387449904586
12  80  169.34915955074544
13  91  137.78981779573741
14  100  57.147519301597669
15  91  115.75210771038444
6  48  191.66414438861463
7  63  54.90679640709736
8  100  69.297896658729172
9  65  114.60297357581325
10  90  70.617718083824187
11  98  73.0785666086026
12  100  52.524908211181057
13  100  57.958661608268251
14  61  351.51147437240513
15  80  216.00944302552062
6  59  105.24437815486247
7  41  193.39803126184552
8  85  89.462671583448895
9  57  223.42381618983327
10  77  99.455259427741979
11  64  234.10273687789871
12  83  95.747645182438319
13  46  238.63667435581041
14  98  78.910109792385143
15  76  226.27846589299668
6  37  198.38306116732736
7  82  70.67061676521871
8  68  92.273703855037454
9  85  93.969620707387264
10  70  171.49256662142815
11  66  238.47402101556852
12  84  117.89591860910826
13  86  128.74304408263049
14  89  122.85760130895774
15  88  141.39396123208411
6  45  160.58876344444656
7  71  104.98117742088186
8  63  99.863062871795506
9  53  231.772901499537
10  83  189.88896844370805
11  74  239.39214300143294
12  81  110.91354222908826
13  78  154.53747161728299
14  92  118.74038476650048
15  84  163.62106739636016
6  56  103.18184711717457
7  45  194.07489650542794
8  59  152.86537944196252
9  85  66.499967710033673
10  70  113.38386268839065
11  86  135.93079920263824
12  95  86.790350564416897
13  99  76.165989356539356
14  74  196.76680039752259
15  96  82.828358998472865
6  34  101.80301265916165
7  14  105.20331208891982
8  76  142.1856540062667
9  94  82.594666892979646
10  61  153.39398075586695
11  50  278.92398057959304
12  59  343.69421460961939
13  100  47.043915893369189
14  80  195.70963981824931
15  82  100.24552559752493
6  29  158.34623842735806
7  32  187.66286107251145
8  47  212.09281080089684
9  87  133.23451060243019
10  100  74.75114071327269
11  75  183.28024982861402
12  94  76.937517885113607
13  100  72.693688064698222
14  79  188.36994044956739
15  98  84.357273560583536
6  49  42.437686745606001
7  62  84.259135880757569
8  49  108.44899555542138
9  38  116.80723051526397
10  71  204.65732172307989
11  80  180.22728419113372
12  87  142.42463598485006
13  71  282.60139036601663
14  86  145.53857281091865
15  78  212.35605994462168
6  74  87.895775568908689
7  79  113.49541923389837
8  13  168.61377026404801
9  66  137.02637538171874
10  65  182.00009255544634
11  39  174.34947926372354
12  68  242.60304901367155
13  61  256.20083955681486
14  79  210.73352100924888
15  96  78.880582946127817
6  67  116.57796914380472
7  70  135.77628552328491
8  77  134.19745019311256
9  58  121.71502257156095
10  42  355.89183128427283
11  71  162.47559085671026
12  93  70.212924031177266
13  91  107.35215532811993
14  100  57.023039404093652
15  75  207.88134445222809
6  22  225.354036681249
7  69  107.93576104797361
8  59  169.58211915998942
9  86  115.00851192901879
10  75  94.064138336569854
11  100  80.673234264561913
12  63  239.22369460057178
13  87  131.63067471389198
14  76  235.41526220102327
15  93  88.101508381356837
6  65  84.992718868318775
7  57  167.90715298949104
8  45  240.36682194677454
9  89  108.62225717992969
10  75  178.10870244904157
11  74  194.18071273445867
12  65  201.46276889713457
13  73  201.46758584922995
14  88  130.58799540559613
15  95  84.898417302611136
6  45  144.0453296496303
7  71  140.2124607500418
8  80  119.85211648258932
9  63  134.94124347118318
10  100  59.425647966264506
11  77  182.82389680746914
12  72  137.68194753760196
13  87  150.31800501316604
14  74  227.5361116915239
15  100  57.259621976516584
6  77  145.78450865060455
7  72  142.3233132326622
8  97  69.101205179256027
9  86  122.29516929230381
10  89  86.65485408885074
11  85  109.85267892666505
12  87  140.13370620865456
13  84  84.215142792131658
14  100  75.770613209146248
15  63  206.17330084362086
6  56  146.15301281018245
7  51  156.85387049166792
8  68  145.70648783421873
9  71  135.03390991453205
10  92  79.357171766493536
11  87  68.644379088731696
12  60  291.97300028199913
13  85  128.17180820473999
14  88  134.55977783392041
15  92  111.26668535481234
6  41  91.339794045934241
7  100  79.916636179799568
8  64  213.09096376379864
9  63  216.38539720618286
10  61  203.11484370795702
11  62  207.10818038822299
12  79  224.08511458554096
13  93  111.8821564059258
14  88  151.46635944889132
15  88  136.87245790562375
6  43  156.37401772818578
7  41  94.850321521032527
8  91  99.6013174469701
9  48  233.31913661994921
10  55  238.19090295141345
11  82  125.18001204550643
12  78  180.54565609879262
13  100  75.807343988462875
14  99  74.116058266298126
15  100  82.145988249020419
6  89  80.125663548865063
7  52  175.24456036991145
8  65  155.16407414079541
9  40  239.23944949845853
10  82  102.18423322491613
11  73  202.66494973630481
12  83  119.4211101700873
13  89  115.31473976478649
14  90  136.04542470506647
15  99  71.042616821338171
6  8  119.67181628561458
7  87  77.61249970714303
8  62  158.93052188793138
9  58  222.3093668663854
10  75  197.4887663318045
11  58  218.01922421559954
12  58  275.94376080623385
13  71  207.43234138801833
14  100  64.219706457243419
15  100  62.645897913926767
6  25  80.160625650022979
7  52  188.01714389100943
8  44  209.88574666355592
9  74  161.00783149298061
10  62  149.80202385486345
11  89  130.1546586530016
12  84  111.55115808642502
13  64  306.7978527419283
14  96  87.687523078620046
15  89  116.61797918408362
6  67  151.93842315674681
7  24  130.73624809101761
8  93  69.38267296668586
9  65  177.72093732487312
10  62  193.18154276278037
11  58  248.93196458894926
12  75  193.1641045155792
13  88  121.09351288004564
14  85  131.0990509130699
15  71  232.48754926384527
6  64  137.75253209452148
7  80  97.743890476623704
8  59  245.68876535117806
9  52  199.90037981477255
10  85  104.21433868427241
11  83  153.18706976230519
12  81  156.24284750879107
13  86  131.21361426460095
14  94  99.740853975515265
15  67  248.97904836783462
6  82  85.826601283272879
7  61  207.09774138816519
8  67  199.61792033229031
9  76  151.10632200302317
10  85  156.04511085760481
11  79  133.88884255154576
12  51  265.03136292513636
13  95  94.004985223510531
14  86  174.6200152005629
15  100  51.141185280242738
6  78  105.72910246640679
7  50  143.90687884185948
8  58  194.57392173572129
9  79  108.88917192774271
10  90  102.34834881721248
11  91  108.13417803449809
12  72  243.20802937476918
13  94  67.268467023364096
14  85  84.957690805951557
15  100  59.459349652958174
6  39  208.53184891108927
7  50  128.23800549619867
8  55  209.45427138027253
9  76  131.50088283896446
10  97  82.541481820904252
11  93  92.540099039531682
12  64  234.20462221454119
13  92  109.09012172834369
14  80  178.81164883965113
15  89  130.50605810838826
6  55  253.7089774129818
7  85  103.77292450359627
8  100  68.107215759741877
9  42  185.42482020449768
10  85  127.32721408635125
11  79  141.37239073831725
12  76  83.975756984710529
13  97  64.228723930693491
14  90  108.61435021191514
15  96  73.729233018890795
6  35  138.16132018062493
7  73  176.94658354520763
8  75  130.50085130292496
9  85  111.10540446649276
10  80  152.97731941981317
11  74  174.58296365932009
12  100  63.692145855379913
13  93  97.376216170530284
14  70  190.84284069099502
15  96  84.997605368006163
6  43  164.19739447646162
7  68  214.53529823205378
8  67  192.78769726245753
9  78  124.60469274938993
10  77  191.85538117335352
11  88  125.42125226283292
12  88  111.24904079914175
13  96  83.74680068287482
14  85  163.32371652385532
15  71  276.81005839958527
6  0  9.0000000000000213
7  43  147.14008964179285
8  68  126.92492019003878
9  74  160.7718808135686
10  65  231.94982511210148
11  67  232.09442082770613
12  67  159.39543377417851
13  77  192.4460363448342
14  82  143.30521781224678
15  97  67.280499159302394
6  75  103.60450514267185
7  50  182.39074225417968
8  43  104.87438894261781
9  98  47.750497993436255
10  80  127.61802673413409
11  80  156.66425228205389
12  75  183.08819331130974
13  94  97.332867062714769
14  64  168.36320332305937
15  69  247.23277735785095
6  51  158.5543798036361
7  82  76.418618050478145
8  96  58.533715471511371
9  46  276.24943207320467
10  48  251.49359436382557
11  65  151.87564661172038
12  75  165.36158555654202
13  93  110.81072761469387
14  67  254.45870138564715
15  79  174.37505899352627
6  39  164.49118003974445
7  57  186.3321252152553
8  69  138.8709280794007
9  80  107.29327208687353
10  62  188.11082203469718
11  100  55.376142205046087
12  100  65.20837524298895
13  72  149.61962107067606
14  85  158.12094765553883
15  100  54.532824003404926
6  28  219.47753222690977
7  59  102.87111064057645
8  96  72.92162957308264
9  61  220.23938843977933
10  97  73.569823268334034
11  92  96.176516879665229
12  96  80.48610088009751
13  84  150.92394785541623
14  88  127.98600293359442
15  99  77.160298276832791
6  42  136.67991822778694
7  30  197.4901736477363
8  51  115.95320489619742
9  73  171.70372510648374
10  71  173.49721927098858
11  89  95.992314288845293
12  54  237.61391507790276
13  93  98.758860531452598
14  80  152.08275602642175
15  82  181.48519139591332
6  75  119.68513893787913
7  33  106.75375582484192
8  67  141.29317028021316
9  93  85.006630646815736
10  68  158.67355744980591
11  100  71.854855413872272
12  76  195.37659361678985
13  68  299.57224453792458
14  87  137.63937622050869
15  74  200.89319431646885
6  79  141.52812932529329
7  40  204.0176943377098
8  59  230.56108785969695
9  88  104.33165699742469
10  83  79.805370451792811
11  69  218.2207965213706
12  73  224.52104790135968
13  72  272.46904136648743
14  86  154.59176979095889
15  84  97.10060111655055
6  33  110.42533035424529
7  45  128.6630229483352
8  49  178.16895486388236
9  97  64.974271932166133
10  51  49.034327217275468
11  65  190.92645640919227
12  84  116.36717998727056
13  56  324.8778806793203
14  96  78.514105333207226
15  99  79.665147849665701
6  96  69.214809268601783
7  55  148.8749720231088
8  86  119.49682197747198
9  65  151.52780027241224
10  89  104.87813600768614
11  59  251.06460771141707
12  94  68.967071033829967
13  50  243.53904750527735
14  91  97.821742158180484
15  92  96.032475134898945
6  18  211.45246043748674
7  57  162.81391296333706
8  83  133.52377682141906
9  65  205.40549579599269
10  46  374.98125163237751
11  81  127.24839908329488
12  92  110.87850784812737
13  94  81.540996793947798
14  69  306.59620024480802
15  87  149.51656923422283
6  46  145.95932338553189
7  78  92.729484006264244
8  55  176.00967749177104
9  78  185.81932071493398
10  59  191.58960167175078
11  85  142.88951904939191
12  82  88.654879671568509
13  79  178.67572391393244
14  61  302.18430235386677
15  92  130.51964681755706
6  25  229.05903185646127
7  76  146.25756300035843
8  92  90.93047816971044
9  73  181.15851471119788
10  62  262.48618779768412
11  65  162.84798306441962
12  67  213.42027855581185
13  64  178.44424286906417
14  60  232.19890942643525
15  89  81.49015511891227
6  57  144.61485865063332
7  49  196.88488460009583
8  55  177.76332572177907
9  41  242.50667074984818
10  75  148.55589534632657
11  77  197.37898111991387
12  78  176.63037787466115
13  90  88.076716045248972
14  83  156.90209920551129
15  87  136.24987651915711
6  43  108.78631396453018
7  24  201.31743371914257
8  81  144.85986944203478
9  47  245.88305090460409
10  88  106.97724195062074
11  44  201.55914328034441
12  95  63.387730095726155
13  70  142.55489734782864
14  82  182.48122796413924
15  89  138.15489460465091
6  87  80.300974860107161
7  57  126.76732991932317
8  80  154.12762734619594
9  81  140.95060667280202
10  82  92.920710159105909
11  63  277.53907974526442
12  63  229.18377381611762
13  100  59.991817174247771
14  54  283.75638799477235
15  89  140.74050671777718
6  58  123.67280662544371
7  23  231.53155593551625
8  94  73.581863742413873
9  65  197.48309518190513
10  72  189.09175066699012
11  82  119.18911386836774
12  69  188.32630089083537
13  80  186.48556335611536
14  71  158.76199287883031
15  87  139.22907843102701
6  59  102.9471558466869
7  100  72.692523465977331
8  68  170.09370201705963
9  41  275.94590607204242
10  93  82.759548966376585
11  75  185.06455871473233
12  76  151.54085631226042
13  77  230.25885287068169
14  68  218.40973937382145
15  86  168.34200718147181
6  48  151.29092163929403
7  91  95.855097807895405
8  68  101.13473785343696
9  36  346.8478226353144
10  73  170.57674951057268
11  84  118.94573526105748
12  75  176.10976212701308
13  75  209.93264906188716
14  89  132.52237117794434
15  83  179.43876233880513
6  56  118.47085118705488
7  34  290.76930675581445
8  89  94.220020957847282
9  52  141.97718165540914
10  87  99.56316299223036
11  72  178.89098981020808
12  76  223.20170307992558
13  64  235.30356953804107
14  90  131.20836635435001
15  100  65.598714676423796
6  73  92.674863959963233
7  58  212.28155080314636
8  87  110.16644873329322
9  57  182.21269929717928
10  55  234.52442140723542
11  92  95.986455266735817
12  69  256.76524752147463
13  73  272.33276521156563
14  78  196.54274719127474
15  91  130.78437278691024
6  78  104.68367117917562
7  79  110.72579027040125
8  64  155.6124512187113
9  21  292.86359894703583
10  62  228.0327364228514
11  81  109.3509147749599
12  72  198.58302856238589
13  73  216.86282937648295
14  67  224.86603024928755
15  62  227.46990295057782
6  64  119.61005315603659
7  62  151.58592507173287
8  56  243.92235624476149
9  55  207.03256608966126
10  53  134.07777002387337
11  61  206.23865396301352
12  81  152.84950260066805
13  81  119.40579486200636
14  84  140.62171637025409
15  94  106.00439189416326
6  44  129.39108710705639
7  65  178.28225680053944
8  26  180.32407523544893
9  88  116.69577555433297
10  75  178.04735590352476
11  56  229.01638904345657
12  81  123.8489318568686
13  92  115.64561342385531
14  88  104.41622828859357
15  93  101.24917228325208
6  37  61.869297889937975
7  71  163.9940064342214
8  56  211.80570170942721
9  88  118.59090546549761
10  53  199.63794940844878
11  98  56.339217495309555
12  70  214.84269560476497
13  65  292.9187908594364
14  90  108.12595068039336
15  90  124.96610085255692
6  87  80.122190209581333
7  50  158.91973558936664
8  48  207.52023075882011
9  86  102.93924605265765
10  89  116.45652202947717
11  88  131.60401178947765
12  72  198.00008851466637
13  100  66.546908251261215
14  69  245.52839885566303
15  90  136.46068315253416
6  83  80.617060102423807
7  13  249.99999999999994
8  72  109.0912265185426
9  87  93.990966966192914
10  86  130.93560175070766
11  54  178.6993845370005
12  56  214.68426117487857
13  87  124.19782050978105
14  91  115.10628985082228
15  96  89.002897981407258
6  59  91.934212558245534
7  51  139.81273107827548
8  72  133.63618516336655
9  93  83.389643304781302
10  87  141.7935100253477
11  66  221.73253080033743
12  80  147.05813522647267
13  76  201.50268520173398
14  86  148.64786287463755
15  100  57.582499912995729
6  36  128.69689857348743
7  58  149.50442739224894
8  57  153.51810490820444
9  51  274.45122252058957
10  71  183.78423974898465
11  80  159.12232435843165
12  85  148.7083672186711
13  84  159.71155947417219
14  83  147.0998422853061
15  78  222.68091012791442
6  29  190.93544889725709
7  100  72.828124804962812
8  66  187.35858119957228
9  79  120.39542090105003
10  92  78.562847311088262
11  96  95.970368061742917
12  82  134.89613288742351
13  94  85.89145276369976
14  95  82.565629762743441
15  88  140.88255748387954
6  82  82.254348768268756
7  20  102.38036316252418
8  75  147.26422678799571
9  60  127.66201974441178
10  76  171.54733985770744
11  77  191.96412514418122
12  94  107.50415122762779
13  89  130.48320352450551
14  75  187.27758925066189
15  100  59.986081052568672
6  99  61.188422948498548
7  55  191.05222954591923
8  47  175.15984534250742
9  84  121.00860935024207
10  65  226.57664736132142
11  60  155.43975448297695
12  67  186.89529587825425
13  86  133.25816051758412
14  100  60.570431883177967
15  90  140.95138235329986
6  55  107.49597311021671
7  36  111.6894073713117
8  80  142.70153502540015
9  49  209.95102683842768
10  95  97.373087283867903
11  93  101.2085185423777
12  91  87.636615031523505
13  84  175.22454940600937
14  93  96.918486676570552
15  100  54.043867565054398
6  65  145.35872707263343
7  53  198.62976238038968
8  82  122.11722808795275
9  56  186.23164211988569
10  77  181.60022785604809
11  73  161.43412381642344
12  58  182.5023042961441
13  90  117.85741082099165
14  79  204.65922591109378
15  99  46.636261066496871
6  19  161.59532574918225
7  60  90.460355950777839
8  44  207.71380302998614
9  92  61.288724624894023
10  84  83.900789571470071
11  89  119.95151335022538
12  91  119.12036587727962
13  88  131.07770173877401
14  77  214.12706591750481
15  91  124.31680908477134
6  77  75.879584368642242
7  42  163.13819658146889
8  70  141.68742322904623
9  46  179.44782789690262
10  58  195.82656928929416
11  89  95.875672393685477
12  83  160.57561139917789
13  78  202.56353958290666
14  96  82.889986121079332
15  51  346.2673331360723
6  36  134.47159675867272
7  43  103.19466995619044
8  30  167.62354442002203
9  91  107.75686683714517
10  95  75.676037404531883
11  71  184.91436658266718
12  97  72.763209773207706
13  75  206.66118624029951
14  90  117.50749601969939
15  97  80.990821720840358
6  74  120.98142937090222
7  87  74.404687524095777
8  47  208.33631018909708
9  85  94.538210000764636
10  71  205.51660190500874
11  90  76.306992136880382
12  67  180.72997310763796
13  86  136.0793578949509
14  79  186.89496671697739
15  100  68.996623059834448
6  45  126.50708803583366
7  59  185.87873083191445
8  55  238.35063706036684
9  87  85.542847632477105
10  78  114.61145207738571
11  70  232.1865323906336
12  82  177.70223493152909
13  83  112.38635289784104
14  84  167.89796602559005
15  90  135.66163088637637
