2  11.0  168.79964638831714
4  52.333333333333336  256.41734619906481
6  58.333333333333336  330.124767536337
8  65.666666666666671  407.4700905303477
10  85.666666666666671  274.75557309665027
12  66.666666666666671  444.02827888732043
14  72.0  451.63529530569235
16  66.333333333333329  499.00940611787155
18  68.0  509.49409754967553
20  82.333333333333329  431.56046688647348
2  21.333333333333332  156.17608726336377
4  36.666666666666664  174.99452521569972
6  52.666666666666664  365.39715604987151
8  63.666666666666664  395.75240517645346
10  66.666666666666671  411.43426993653782
12  70.666666666666671  460.18149461779842
14  60.666666666666664  482.72515636352313
16  86.666666666666671  358.90040539303209
18  70.666666666666671  689.52677476988356
20  81.666666666666671  408.75185841884451
2  27.0  187.69517337694958
4  39.0  269.76926984965985
6  45.666666666666664  316.47729691603337
8  35.333333333333336  483.03117906454293
10  90.333333333333329  260.02678865284901
12  63.666666666666664  540.84885116781902
14  78.333333333333329  359.53472156167203
16  82.0  370.96778492922232
18  57.666666666666664  677.25918218876711
20  93.666666666666671  329.2497238284023
2  14.0  114.00434450970901
4  62.333333333333336  247.12050222646178
6  72.333333333333329  302.83510776581323
8  59.666666666666664  421.36134737703475
10  66.666666666666671  428.83156086671119
12  83.666666666666671  282.05977153234551
14  82.666666666666671  404.66590636832228
16  75.666666666666671  390.59038707731531
18  76.666666666666671  487.118100879758
20  82.333333333333329  428.78830601397539
2  38.0  150.45776941945726
4  72.333333333333329  264.44534488581695
6  56.333333333333336  388.33045507156038
8  63.333333333333336  388.39437432060322
10  77.333333333333329  397.81527761610067
12  80.0  401.58686796689335
14  72.0  496.0254197601875
16  81.666666666666671  394.67545145585825
18  66.666666666666671  503.58488297505073
20  85.0  451.53229633501905
2  30.666666666666668  157.56140019011258
4  73.0  221.65012745982636
6  66.0  272.17408242328804
8  72.0  296.05654033172169
10  79.333333333333329  300.34834103552998
12  52.666666666666664  522.48034977050236
14  85.0  335.9356970595677
16  63.333333333333336  624.03530919694788
18  80.333333333333329  449.95078410815478
20  75.333333333333329  536.99955491136711
2  20.0  129.74005781758771
4  33.666666666666664  311.4927136515725
6  50.666666666666664  231.74576960654781
8  63.333333333333336  335.22126639478154
10  73.666666666666671  274.65552260772404
12  69.333333333333329  407.53350656321749
14  82.666666666666671  398.93949197074437
16  77.666666666666671  546.91446699070184
18  80.333333333333329  452.12646179080167
20  87.666666666666671  336.27499722190004
2  38.0  170.70831458525041
4  46.333333333333336  235.93121540496679
6  67.666666666666671  326.53319265624384
8  71.333333333333329  397.27338948293715
10  68.0  374.30470938528862
12  75.666666666666671  347.95403285736768
14  80.333333333333329  441.91546707118664
16  78.0  490.08245371290531
18  72.333333333333329  451.40596678665059
20  79.666666666666671  548.39019362264446
2  10.333333333333334  191.42957225641462
4  61.0  269.01699438850534
6  50.666666666666664  385.30555743180344
8  55.333333333333336  362.53036841991127
10  80.666666666666671  273.5862382027712
12  75.0  387.18098515391733
14  77.0  425.93669592448998
16  78.0  465.9900659106579
18  80.666666666666671  418.98552073445018
20  62.0  698.30702768344406
2  34.0  181.8019326578783
4  24.333333333333332  312.29584845165232
6  53.0  322.26916661523887
8  53.333333333333336  422.47104699437159
10  61.0  468.9325894695408
12  76.333333333333329  347.28934155009989
14  80.666666666666671  369.87271191090269
16  83.0  375.29732668412282
18  73.333333333333329  494.35458635386573
20  74.666666666666671  589.71122645208845
2  23.0  164.01029957903711
4  42.666666666666664  264.88370129766793
6  63.666666666666664  325.8488617861729
8  62.666666666666664  418.95181179579475
10  64.666666666666671  366.05096182551563
12  78.0  364.35141128690975
14  77.666666666666671  386.72574908335127
16  75.333333333333329  435.60030044060636
18  79.666666666666671  433.55336060288278
20  71.333333333333329  608.84695553743552
2  21.333333333333332  170.95947776099982
4  52.0  270.40155796650197
6  37.666666666666664  335.32495142835899
8  66.0  357.97137470944915
10  67.0  418.39278723144787
12  81.0  372.34339314833505
14  67.333333333333329  554.4797030039706
16  70.0  509.28319861251651
18  80.333333333333329  312.9080737871281
20  83.666666666666671  482.24385598397924
2  21.0  100.44211786454085
4  33.0  324.6819982269061
6  62.0  320.13017930693366
8  61.0  301.23683704288919
10  64.666666666666671  441.44058410411554
12  70.666666666666671  420.90891842155224
14  71.666666666666671  502.98691650196258
16  90.333333333333329  348.62053225910478
18  93.0  316.4733428402011
20  85.666666666666671  377.44616429952777
2  23.666666666666668  108.14916490105568
4  38.666666666666664  296.698436140745
6  35.333333333333336  326.53170291622774
8  54.0  318.81858714435197
10  59.333333333333336  414.99502138447099
12  70.0  458.21572244640765
14  77.333333333333329  456.58470822204902
16  83.333333333333329  427.29344097956118
18  69.333333333333329  460.27892614224925
20  84.0  432.93508755407538
2  16.0  112.23746805502199
4  34.666666666666664  304.24656018907865
6  67.0  297.00087492114358
8  61.0  304.51497109670754
10  67.666666666666671  365.19970570787422
12  48.0  425.29527076387183
14  64.333333333333329  548.93469839847955
16  75.333333333333329  498.55286784837807
18  85.333333333333329  379.87762119283838
20  84.0  439.44457162973208
2  18.333333333333332  143.79152522919281
4  65.0  276.842407636286
6  39.0  389.71153360971795
8  55.0  394.10611844352138
10  53.333333333333336  521.2537160494204
12  74.333333333333329  437.66076542951805
14  80.666666666666671  410.02236862589149
16  70.0  462.23961874561206
18  80.333333333333329  419.78219881475638
20  75.0  563.55688846521775
2  14.0  188.66435677068725
4  49.0  250.07053626709734
6  69.666666666666671  289.49035620800674
8  53.0  386.58836095641317
10  75.333333333333329  354.18422921286219
12  82.666666666666671  276.98439725895821
14  63.666666666666664  519.23039453100102
16  71.0  480.6437148331882
18  88.333333333333329  324.0478176147106
20  79.666666666666671  516.88085807524021
2  8.6666666666666661  182.38534152013719
4  54.333333333333336  218.79840424364787
6  75.0  280.19742246919668
8  48.333333333333336  414.6891017437041
10  45.666666666666664  499.11740067377838
12  67.666666666666671  459.88407196814558
14  85.666666666666671  306.22805559069053
16  66.666666666666671  563.64833321335698
18  78.333333333333329  520.99239290960804
20  85.333333333333329  405.77567705239414
2  29.666666666666668  165.18331373303067
4  17.666666666666668  316.42021540126558
6  59.0  375.39703081726026
8  59.666666666666664  346.82295105679424
10  75.0  322.98632025309041
12  54.666666666666664  507.75593678751193
14  77.666666666666671  480.32252816140857
16  77.666666666666671  479.85144923667735
18  81.666666666666671  450.08783223476388
20  79.0  458.71671657068123
2  12.0  166.02619603552955
4  62.333333333333336  272.28999240836697
6  53.333333333333336  357.02701628265032
8  59.666666666666664  440.78707134173601
10  78.666666666666671  332.74784065676573
12  77.333333333333329  367.92977563151948
14  79.333333333333329  407.75725364297034
16  73.333333333333329  489.48364632687583
18  74.333333333333329  464.53254298240796
20  75.333333333333329  571.92134731723706
2  22.666666666666668  148.75014607470595
4  31.666666666666668  208.8377484039066
6  55.333333333333336  325.83917892612203
8  74.333333333333329  299.58438994378929
10  69.666666666666671  397.16276235297943
12  74.333333333333329  351.44792273289585
14  76.666666666666671  391.22352415165381
16  74.666666666666671  410.57980185526782
18  78.0  439.74567463052648
20  95.333333333333329  263.98426420440774
2  22.0  165.27924255968983
4  43.333333333333336  281.50181118044009
6  57.666666666666664  328.98964302455948
8  53.0  424.5233498843242
10  64.333333333333329  398.29586548067738
12  79.666666666666671  405.66799472619579
14  78.666666666666671  396.81986345016145
16  72.333333333333329  379.1045874303976
18  69.666666666666671  509.10202559307356
20  83.666666666666671  453.39588381835915
2  38.333333333333336  168.01352913147124
4  57.333333333333336  253.34756183504877
6  45.333333333333336  343.290042090383
8  35.333333333333336  468.64181232685229
10  62.666666666666664  364.25041233792462
12  72.666666666666671  371.23563847133545
14  82.0  342.22331217049754
16  66.0  558.52835027223944
18  78.333333333333329  512.92076963262832
20  78.666666666666671  420.4313214147665
2  47.0  120.8738140046477
4  51.0  203.33155956333346
6  63.333333333333336  385.95480928125977
8  59.333333333333336  357.82928971774243
10  68.0  369.89821634092198
12  74.666666666666671  356.08737307835986
14  75.0  448.6250528096171
16  79.0  354.92364722451225
18  84.666666666666671  406.2242136026145
20  69.333333333333329  610.26067646118315
2  30.0  138.0174112113379
4  54.666666666666664  313.92327350079557
6  37.0  460.0412580788186
8  57.666666666666664  396.15142054470908
10  70.0  339.99823204542258
12  51.333333333333336  469.08336725319288
14  74.333333333333329  381.31976689215207
16  65.666666666666671  576.85318539828381
18  88.333333333333329  340.38513254785482
20  69.333333333333329  604.06504604267343
2  35.0  149.23447387730405
4  46.333333333333336  200.00627751856643
6  52.0  331.13053278074773
8  49.333333333333336  448.16510511243621
10  70.0  341.16236226267824
12  58.333333333333336  457.54791206180818
14  63.666666666666664  458.60819710417513
16  87.0  323.39757527247599
18  75.0  472.88981798900357
20  89.666666666666671  341.48774820575909
2  49.666666666666664  181.50136199944563
4  31.0  312.61719131180729
6  48.0  413.31706942850479
8  62.666666666666664  350.96286845665941
10  68.666666666666671  383.88412995484742
12  80.333333333333329  378.18506705438631
14  87.0  326.35070229768627
16  79.333333333333329  429.19508496787682
18  86.0  435.75723353851237
20  83.333333333333329  437.68821659980927
2  32.666666666666664  135.31520058322013
4  61.333333333333336  258.32144061769719
6  47.666666666666664  323.27141604031732
8  61.0  387.68813914579999
10  77.666666666666671  343.32413907640296
12  80.0  309.81360854635511
14  43.333333333333336  637.26818206158805
16  76.0  386.12978476724993
18  95.333333333333329  234.58551900310886
20  77.0  524.32268731407214
2  16.333333333333332  147.64098734480075
4  42.0  193.94121962325892
6  59.0  328.70189197525264
8  61.333333333333336  384.18858983081088
10  74.333333333333329  401.5466839234972
12  74.666666666666671  371.42607604884535
14  87.0  315.64610680753049
16  70.0  512.46618812242696
18  89.666666666666671  357.07590683309326
20  74.0  497.5769730302959
2  16.333333333333332  166.92226191185992
4  29.333333333333332  233.27787496126012
6  32.0  372.63814345444115
8  74.0  324.77528598224507
10  71.666666666666671  357.54492621301677
12  58.333333333333336  538.68391955660502
14  89.333333333333329  291.48931572721148
16  85.0  420.1589975317645
18  83.666666666666671  391.40926322082112
20  88.333333333333329  389.33426077181997
2  35.666666666666664  130.71995209638405
4  34.666666666666664  214.0306897611444
6  47.333333333333336  337.01996936601176
8  52.0  391.38256670289701
10  58.666666666666664  366.34877955318115
12  75.0  325.43575112979113
14  97.666666666666671  237.40093796265845
16  83.333333333333329  400.95301548688025
18  83.666666666666671  439.16994625780774
20  86.333333333333329  327.73159210924416
2  6.0  95.921684928489285
4  33.0  237.29611613905831
6  62.0  328.05556756595229
8  49.333333333333336  375.59431553111449
10  71.0  381.41434092436685
12  67.666666666666671  424.91337044437535
14  71.333333333333329  370.9397561275976
16  65.666666666666671  525.95689016784388
18  86.666666666666671  306.013591351049
20  84.666666666666671  430.56867395689341
2  10.666666666666666  198.34343072902445
4  34.333333333333336  295.33099337315684
6  57.666666666666664  312.65651286813215
8  68.666666666666671  444.53825995730381
10  59.666666666666664  474.20320876834467
12  83.666666666666671  323.88213778952075
14  67.333333333333329  501.01971216115908
16  84.0  405.00166100620254
18  73.0  554.37070116232189
20  72.0  506.74458121097678
2  29.666666666666668  138.09934658855119
4  41.333333333333336  240.54766875273629
6  51.0  354.24265852494921
8  48.0  433.53326146280847
10  61.666666666666664  454.83235614963291
12  69.666666666666671  453.91163779386608
14  83.666666666666671  313.00188256332234
16  68.333333333333329  529.20020972099883
18  80.333333333333329  406.51993040198005
20  81.333333333333329  490.6896909219804
2  18.0  167.07723290812035
4  18.666666666666668  170.45942742745132
6  55.666666666666664  291.5185807499318
8  58.333333333333336  340.59027269306557
10  54.333333333333336  431.76639443972664
12  62.666666666666664  390.33209805137972
14  73.333333333333329  442.10587210014057
16  80.333333333333329  460.56827034649831
18  73.666666666666671  476.48209460969389
20  81.0  394.83352238248301
2  15.666666666666666  189.57468437200149
4  38.666666666666664  215.57773385818857
6  29.333333333333332  445.71443363621711
8  52.0  424.20244146811575
10  52.0  473.82279966232846
12  64.666666666666671  436.82372110900872
14  73.333333333333329  470.46869250259255
16  75.666666666666671  410.04908497515623
18  66.333333333333329  520.32644016810923
20  74.666666666666671  467.68234980428923
2  19.0  186.92100557085692
4  19.0  224.29902417939539
6  41.666666666666664  369.47926045352028
8  81.0  305.06117944172144
10  69.0  373.02761986811277
12  71.333333333333329  397.78457354040353
14  70.333333333333329  461.73115443451354
16  86.666666666666671  326.55260630521309
18  92.666666666666671  302.75228978167797
20  78.0  555.95126370199239
2  57.0  154.03207710712604
4  54.0  282.97658209136432
6  75.0  284.16545358706509
8  61.666666666666664  404.65254616266304
10  66.333333333333329  417.65670090529255
12  69.666666666666671  465.06492593636182
14  69.0  420.61871992602931
16  84.333333333333329  353.55418167085725
18  69.333333333333329  530.82892958605498
20  83.666666666666671  419.60712702212612
2  15.666666666666666  171.21740256529881
4  56.666666666666664  244.46078096149469
6  44.333333333333336  297.27051576026054
8  72.333333333333329  381.86930381901061
10  68.333333333333329  374.37253104581663
12  70.0  422.19295282384667
14  50.333333333333336  656.40382442993575
16  63.0  447.26205412218627
18  86.666666666666671  358.74467946108797
20  79.666666666666671  515.22002870262418
2  21.0  151.95190665792248
4  32.666666666666664  299.24158799665827
6  58.333333333333336  358.44538446700966
8  55.666666666666664  357.36434731591464
10  42.0  567.69236720901631
12  63.333333333333336  520.27080245931961
14  78.666666666666671  432.06126211323817
16  92.0  288.31778846473594
18  78.666666666666671  536.82573788382558
20  84.666666666666671  392.20413308184993
2  31.0  191.61366845498998
4  46.333333333333336  267.59475035161762
6  45.666666666666664  280.86533573329575
8  67.333333333333329  403.30976057733579
10  68.0  428.25637751925962
12  64.666666666666671  464.463805568537
14  70.333333333333329  512.68091089031225
16  76.666666666666671  452.77512115763648
18  82.666666666666671  347.9606633805567
20  86.0  382.80348179244214
2  29.0  193.57592959192053
4  43.333333333333336  273.21300625616175
6  43.666666666666664  329.58362868964838
8  57.333333333333336  318.56641189091647
10  63.0  432.13604563362537
12  62.666666666666664  492.01711006154687
14  77.333333333333329  406.07230954644996
16  77.0  436.06300451688281
18  79.0  450.92406528638094
20  86.333333333333329  449.25213622601876
2  26.0  106.12175281821251
4  50.0  233.15498940249864
6  29.0  434.55515374125321
8  71.666666666666671  345.5645390046102
10  69.0  423.62271538966576
12  88.333333333333329  310.83641963788443
14  73.0  436.58297531229215
16  70.0  492.74419668319456
18  81.333333333333329  393.34513426635186
20  69.0  592.07679071768121
2  24.333333333333332  114.21305703918465
4  28.0  310.70261445762048
6  45.333333333333336  298.89928368285678
8  68.0  346.21198336913903
10  66.333333333333329  448.62965371457375
12  71.0  417.64677944878935
14  65.666666666666671  514.48208892731486
16  74.666666666666671  370.42639939683386
18  70.333333333333329  559.69862933344461
20  93.0  247.04962602878072
2  30.666666666666668  79.08532714050223
4  31.333333333333332  252.61328537773986
6  44.333333333333336  392.92738401844764
8  61.333333333333336  404.82164070277861
10  69.333333333333329  400.89694880653104
12  78.333333333333329  359.13109578316931
14  88.0  329.36899151666751
16  66.0  493.70660904592796
18  74.333333333333329  475.28927692423804
20  82.333333333333329  416.48990409688491
2  23.333333333333332  181.33550115605959
4  38.0  249.25016145682423
6  65.666666666666671  300.94796907560254
8  72.666666666666671  379.14184578237223
10  88.666666666666671  319.24506415851897
12  71.666666666666671  349.32982165770221
14  88.666666666666671  268.90819983466264
16  80.0  366.35825579532798
18  77.666666666666671  442.24541829604681
20  82.0  421.10716853093561
2  35.333333333333336  163.65698674430254
4  36.666666666666664  198.35036665477938
6  55.333333333333336  309.73627652471936
8  59.333333333333336  331.74893169408512
10  81.333333333333329  339.39081844889546
12  85.333333333333329  313.78065906749913
14  74.333333333333329  441.77580865957367
16  77.333333333333329  403.93300334228985
18  76.666666666666671  500.65340453399352
20  81.0  447.59063588918718
2  22.333333333333332  183.01852075041893
4  51.0  302.2970140155291
6  53.333333333333336  387.03104318845277
8  71.0  280.7840168461197
10  54.0  467.89352898897943
12  68.0  394.23068121184042
14  68.666666666666671  505.55141335376237
16  79.0  410.53505351265892
18  75.666666666666671  481.91952107410782
20  84.0  403.07189216472977
2  49.0  150.98355201677666
4  23.333333333333332  249.45492983439291
6  29.333333333333332  366.89574724618916
8  62.0  363.63817134329361
10  75.0  372.69916503380148
12  78.0  387.08657839735702
14  88.0  312.40002392491823
16  69.0  450.31959833187608
18  77.333333333333329  493.19011581401617
20  80.666666666666671  363.42327745164846
2  62.0  148.13475049337836
4  31.0  327.3291791675183
6  16.0  324.04384009211134
8  65.333333333333329  401.53358344563435
10  74.666666666666671  366.98701718826197
12  68.333333333333329  386.216401366588
14  74.0  439.32980007709995
16  82.0  437.77063661565251
18  74.333333333333329  424.61056080457519
20  90.666666666666671  319.20599692769292
2  39.333333333333336  135.95618962398379
4  48.0  340.72307706756317
6  64.666666666666671  249.07572610548672
8  63.0  318.8076491964996
10  53.666666666666664  495.7309392003848
12  76.666666666666671  336.42347291843885
14  67.333333333333329  420.96124105810856
16  86.666666666666671  365.78706711938696
18  77.333333333333329  510.90113494462815
20  73.666666666666671  485.44117282462935
2  33.666666666666664  174.04019074754981
4  32.0  313.691860073302
6  63.0  239.13821162589565
8  51.0  332.8393706559678
10  57.666666666666664  528.11733262907876
12  63.333333333333336  421.19572986299346
14  80.333333333333329  324.80085033911348
16  71.333333333333329  504.13490181356048
18  81.333333333333329  453.31588710216391
20  87.333333333333329  392.66377963262613
2  21.333333333333332  113.09457145546679
4  26.0  366.2842606061883
6  40.0  381.29105072044104
8  60.0  335.99745219158928
10  48.333333333333336  489.48461561800548
12  70.333333333333329  446.06561113335289
14  78.666666666666671  349.82793414299636
16  76.333333333333329  520.48234838222459
18  76.0  523.55866794723215
20  89.666666666666671  354.58690331660858
2  42.333333333333336  159.93873383154585
4  44.333333333333336  289.08182562451697
6  69.0  306.04519197579816
8  58.0  382.99754061543837
10  57.666666666666664  447.04335075255727
12  74.0  412.511867495849
14  72.666666666666671  450.30340883652849
16  79.666666666666671  361.96578782622782
18  70.333333333333329  506.08557819981354
20  80.0  471.02675515781664
2  15.666666666666666  170.88282155764173
4  57.333333333333336  230.95870178597065
6  57.0  314.58537631532721
8  72.333333333333329  336.51025382844426
10  75.666666666666671  300.23283572249841
12  67.333333333333329  510.61202116892684
14  65.666666666666671  516.03542968554905
16  91.666666666666671  309.09171515918041
18  68.666666666666671  534.65153153570589
20  88.333333333333329  359.45118825623922
2  19.333333333333332  73.176120397155174
4  29.333333333333332  244.34523180662038
6  66.666666666666671  291.28472090637598
8  72.333333333333329  336.55317826689975
10  76.333333333333329  281.48769101501546
12  76.666666666666671  398.69074023495079
14  78.333333333333329  366.19698222196644
16  65.666666666666671  592.02513377820503
18  95.0  241.94703066755037
20  85.666666666666671  399.86726598299094
2  0.0  12.999999999999972
4  45.0  291.29739875214722
6  53.333333333333336  358.19828337759054
8  47.0  344.39122533159286
10  65.666666666666671  410.10452210637652
12  64.0  428.78217022906153
14  62.333333333333336  540.22326658904649
16  81.333333333333329  417.1374472469048
18  67.666666666666671  505.54371377302789
20  88.0  333.78770666955177
2  34.0  184.23790355035084
4  27.0  311.61767266322926
6  52.333333333333336  332.59723235825135
8  62.333333333333336  319.86032353565599
10  74.333333333333329  344.53650675242238
12  77.333333333333329  360.27722845793454
14  71.666666666666671  397.3734209070015
16  86.0  343.62505790972227
18  71.0  517.80748945136349
20  82.666666666666671  401.22323512897952
2  40.0  170.64696904779603
4  49.0  250.89804389661614
6  36.666666666666664  374.75959425839045
8  60.0  405.99229223991068
10  62.333333333333336  334.36363550473652
12  56.666666666666664  474.13260878674714
14  83.666666666666671  341.875286721968
16  77.666666666666671  451.323352742456
18  76.0  426.23498051492658
20  67.0  740.45596295768723
2  18.666666666666668  66.508539695495656
4  24.666666666666668  219.55316219507867
6  59.666666666666664  270.52968388613982
8  48.333333333333336  334.31909860620129
10  56.666666666666664  472.91152434487191
12  80.333333333333329  325.2996965305415
14  70.333333333333329  494.14100687681815
16  85.333333333333329  432.1087463537358
18  74.0  448.55222255138614
20  64.0  584.6253449162225
2  43.0  134.07543504100735
4  55.666666666666664  264.00501998947044
6  40.666666666666664  384.84599897770954
8  63.0  384.53811975033676
10  73.0  369.85084805126837
12  61.666666666666664  488.58514899228555
14  73.666666666666671  425.06335750435801
16  69.0  481.66775888599869
18  83.666666666666671  402.03625355962311
20  90.0  332.98699360149806
2  29.0  68.27199470870508
4  30.666666666666668  309.90660932373953
6  36.666666666666664  333.6209896696061
8  50.666666666666664  343.57014936533
10  67.0  418.22162596092573
12  69.666666666666671  424.6476510548008
14  77.333333333333329  346.53734377552087
16  64.666666666666671  487.63401223304481
18  79.0  458.85913875445368
20  85.0  409.99777991167201
2  18.333333333333332  184.8154248990198
4  59.666666666666664  258.57608907721522
6  62.666666666666664  298.42775881631695
8  78.333333333333329  275.54934340803294
10  65.0  355.42509345879347
12  68.0  418.16136156485004
14  77.666666666666671  339.58612736581364
16  85.0  379.61645813867381
18  94.666666666666671  280.50805107056641
20  91.0  301.90206467839806
2  23.333333333333332  105.42807899015949
4  60.0  260.19786495395363
6  43.333333333333336  356.01213700690226
8  63.666666666666664  356.02731725965015
10  72.666666666666671  389.85634053364441
12  63.0  402.79603133710344
14  59.666666666666664  533.33107374705264
16  83.0  361.12138896643677
18  93.333333333333329  314.17107907851801
20  87.333333333333329  392.26141559335679
2  23.0  132.56913176627364
4  38.0  292.98943031204431
6  68.0  247.66617719223734
8  48.666666666666664  436.37482956657658
10  55.666666666666664  457.23696110342831
12  69.0  476.98699217428248
14  74.666666666666671  458.97865432206146
16  68.333333333333329  468.41163593757312
18  79.666666666666671  439.74259964503807
20  83.333333333333329  404.58032741608798
2  32.333333333333336  177.36726075084235
4  51.0  190.32755543993815
6  54.333333333333336  356.70882741186392
8  66.666666666666671  361.02819044843926
10  67.333333333333329  444.63963223743411
12  88.333333333333329  286.47327498096746
14  77.333333333333329  414.51391837840293
16  85.0  351.23690643369565
18  84.666666666666671  366.62899629592403
20  81.333333333333329  428.56264237625737
2  37.333333333333336  143.26472591811796
4  35.333333333333336  258.95572812438081
6  44.0  368.60367270370267
8  58.0  361.71029559290236
10  77.0  310.11802922770738
12  83.666666666666671  314.98054435322052
14  50.0  509.63450407109337
16  87.333333333333329  343.69153712533557
18  78.0  412.58193165383017
20  75.333333333333329  582.16486959156771
2  45.333333333333336  142.0489866307156
4  33.333333333333336  173.13652122397707
6  57.333333333333336  356.71877097935345
8  75.333333333333329  281.19594047288837
10  74.0  344.14666572433629
12  82.666666666666671  303.743892225058
14  67.666666666666671  405.32869568861071
16  61.333333333333336  483.1983614373429
18  80.0  482.13166585917122
20  76.333333333333329  532.68172941240573
2  28.0  162.27878077561513
4  26.0  305.10560921294353
6  55.0  250.96114541680373
8  50.333333333333336  407.78055478032678
10  73.666666666666671  345.84741232576056
12  61.666666666666664  539.08056116342311
14  76.0  358.50922892689971
16  84.0  362.82610877793576
18  60.333333333333336  565.62511173977407
20  81.333333333333329  396.33442472019919
2  30.666666666666668  136.52632959330634
4  46.0  298.83112355800199
6  72.333333333333329  315.51766475004592
8  32.666666666666664  492.71942574217866
10  78.0  354.85413395518322
12  73.333333333333329  331.42168080443861
14  86.0  356.28420616796814
16  76.666666666666671  367.4876396712005
18  86.666666666666671  386.07560132082426
20  80.0  418.22198333616734
2  32.333333333333336  151.12212244100093
4  46.333333333333336  285.12309402047583
6  60.0  339.42167650224451
8  81.0  264.74117004953916
10  67.666666666666671  344.10756042775375
12  58.666666666666664  455.46261849293666
14  74.666666666666671  437.36375645680232
16  83.333333333333329  367.33756771774284
18  83.333333333333329  348.81529272683059
20  69.666666666666671  547.87170003896892
2  46.0  166.0135330078071
4  46.666666666666664  286.537780865184
6  20.0  162.48183974833731
8  74.333333333333329  288.83552819671269
10  71.0  416.31246371981831
12  77.0  326.83113125812423
14  63.0  405.89918236981367
16  88.333333333333329  285.6487568708468
18  71.0  517.96356073981531
20  82.0  451.90248440677465
2  10.666666666666666  193.95426247992046
4  59.666666666666664  283.3618502880181
6  68.333333333333329  325.06227274481228
8  62.0  368.30339773169641
10  77.666666666666671  314.10190756508064
12  65.0  411.34335467939417
14  83.666666666666671  370.30018760327005
16  62.0  641.42084920854938
18  69.333333333333329  418.08301449361255
20  76.0  520.29031788730015
2  24.333333333333332  189.03546942233817
4  30.333333333333332  279.20963526385594
6  43.333333333333336  323.07333113447743
8  64.333333333333329  337.70035355239202
10  60.333333333333336  432.16946913038157
12  73.666666666666671  428.97534037820145
14  73.666666666666671  430.04642581592094
16  58.333333333333336  630.99856689164892
18  76.0  385.87188789186371
20  65.0  531.68086511948661
2  14.0  157.15966864330471
4  37.333333333333336  287.75020380076427
6  31.333333333333332  418.15415420251503
8  58.666666666666664  407.03686263760562
10  59.333333333333336  473.76116419638913
12  65.666666666666671  400.76184458177386
14  88.666666666666671  316.32682773581337
16  75.333333333333329  354.35965168259503
18  78.333333333333329  543.61049391679182
20  85.0  397.59304364676029
2  22.666666666666668  187.00759212726987
4  58.0  218.61326726015699
6  48.333333333333336  388.15960009782293
8  42.333333333333336  459.47186121357856
10  75.666666666666671  388.9785880664657
12  45.333333333333336  627.9959931596112
14  66.333333333333329  409.16565347203209
16  74.0  423.23617440348045
18  83.0  386.04406037991373
20  78.0  475.74516633784117
2  50.333333333333336  177.55334261341619
4  68.333333333333329  303.2283961753688
6  47.0  183.07871044233198
8  62.666666666666664  315.17892875396194
10  73.0  339.54129508281068
12  84.0  303.54251840086681
14  76.0  446.95674561686485
16  60.666666666666664  463.62996845856645
18  75.0  383.05187528469855
20  86.333333333333329  392.74274938115826
2  37.666666666666664  130.0272047105334
4  33.666666666666664  248.98241433648496
6  39.666666666666664  355.07532641954037
8  67.333333333333329  411.44641143401896
10  60.0  455.94630301120503
12  78.666666666666671  311.17139503503392
14  77.333333333333329  378.67759871042892
16  81.0  379.53919654123558
18  75.333333333333329  509.65113594482347
20  72.0  588.99287420737824
2  14.0  185.69565530570981
4  51.666666666666664  242.23646733125338
6  42.0  276.57548764928418
8  56.0  426.59248193439214
10  71.333333333333329  362.3796380507701
12  83.0  315.39580281704724
14  72.666666666666671  441.8818808194568
16  72.666666666666671  385.50810086092463
18  76.0  545.62291503386678
20  75.0  563.40419712360926
2  27.666666666666668  182.78062793514397
4  29.666666666666668  280.05272423509348
6  56.666666666666664  287.89046268066176
8  73.0  275.21365703625611
10  81.666666666666671  318.17058030298654
12  83.333333333333329  349.12307522107631
14  76.666666666666671  371.52951593183008
16  81.0  384.76205017690859
18  79.0  405.79403326125816
20  82.666666666666671  445.64678264621728
2  7.0  105.07908513401171
4  51.0  179.83598142960091
6  57.666666666666664  387.37544285194321
8  49.0  428.7360023942349
10  66.0  456.26250782807261
12  46.666666666666664  639.17230120210763
14  74.666666666666671  449.03244805175325
16  82.0  374.91294452888326
18  78.0  474.56256887430249
20  77.666666666666671  440.18265940398481
2  25.666666666666668  107.5681966525226
4  40.666666666666664  256.02331111410354
6  78.0  287.79524475850417
8  59.333333333333336  344.80093870304563
10  73.666666666666671  412.84122171660408
12  85.333333333333329  306.72187361371601
14  74.333333333333329  467.67851956687525
16  73.0  459.90621935292472
18  90.666666666666671  306.0946131389889
20  93.333333333333329  308.39157609586107
2  18.666666666666668  188.83182388311252
4  42.0  249.36613733432654
6  42.333333333333336  361.7535879453464
8  58.0  326.78512072643076
10  70.0  258.44325352793828
12  59.333333333333336  558.29209948610492
14  75.666666666666671  424.62613363395087
16  79.0  413.78074077481625
18  60.666666666666664  622.07502747037893
20  85.0  366.8623440549955
2  11.333333333333334  107.39568766567962
4  46.666666666666664  257.76635210298252
6  63.333333333333336  316.03746689209652
8  58.666666666666664  464.88267737714864
10  64.666666666666671  374.45806045507243
12  64.0  502.87851955112632
14  80.666666666666671  303.82619105376892
16  72.0  445.40095434233677
18  81.0  391.34366988149424
20  76.333333333333329  404.07164500734166
2  13.666666666666666  198.65913550932439
4  23.666666666666668  153.28706314040667
6  71.0  270.86573526520704
8  67.666666666666671  328.84116935215877
10  65.333333333333329  413.22749698861702
12  67.0  429.01439098335271
14  54.666666666666664  494.58955872292518
16  89.0  281.09722277262745
18  78.333333333333329  440.75131488435187
20  82.666666666666671  411.48620942005198
2  33.666666666666664  150.08024049474864
4  29.0  288.438008084834
6  49.666666666666664  341.38192262001786
8  62.333333333333336  432.87072921408236
10  60.0  422.10228215131667
12  62.666666666666664  443.47677815355871
14  81.666666666666671  387.00734633298924
16  79.333333333333329  385.22142763868038
18  78.0  453.10361232195322
20  84.333333333333329  406.53086752702512
2  19.0  149.6375415719279
4  40.333333333333336  261.05393493875596
6  46.0  376.30509664770881
8  82.0  297.33331449145743
10  77.0  362.87645432678124
12  81.0  355.50839065329899
14  83.333333333333329  368.16825183872697
16  84.666666666666671  396.28309396899056
18  84.0  377.61332189129735
20  91.0  332.74937927947946
2  6.0  159.33955396451776
4  42.666666666666664  221.74606696369216
6  41.0  404.70639104618766
8  50.0  440.05028471000855
10  61.666666666666664  374.60764317629548
12  73.333333333333329  355.70055902485416
14  70.333333333333329  419.41332726548563
16  86.333333333333329  389.60583612078625
18  77.666666666666671  440.44993983993101
20  80.0  495.97902905686664
2  29.666666666666668  182.91089557954086
4  32.0  341.79895338120463
6  48.666666666666664  298.70349001667591
8  53.0  390.26926749459273
10  73.0  323.45779161706929
12  69.333333333333329  489.82766976972226
14  65.666666666666671  457.62736483675815
16  76.333333333333329  482.15529483785451
18  85.666666666666671  377.28107687275497
20  77.666666666666671  400.464777065004
2  23.333333333333332  176.68080743039965
4  55.333333333333336  241.51406167150162
6  43.333333333333336  437.56154621555442
8  55.0  380.44105315013053
10  87.0  272.92993980473005
12  78.333333333333329  343.73305810601215
14  80.666666666666671  334.19534110832399
16  86.0  364.34225614856081
18  68.333333333333329  579.0725358994772
20  82.333333333333329  385.44588343699746
2  21.333333333333332  93.649222002328031
4  65.0  291.60310874310943
6  53.666666666666664  384.30979087543346
8  44.333333333333336  457.07638614661488
10  76.666666666666671  291.11374808066347
12  51.666666666666664  500.01563333465663
14  73.0  440.31631732725339
16  78.666666666666671  363.63768147756622
18  86.333333333333329  369.55440388564097
20  84.333333333333329  413.69396325115139
2  25.333333333333332  162.21774533535861
4  33.666666666666664  289.83043514533011
6  40.666666666666664  348.72389547704108
8  54.333333333333336  359.11218100604168
10  62.333333333333336  382.44164320934192
12  72.666666666666671  413.61581436207121
14  90.333333333333329  315.07768676762726
16  77.333333333333329  440.69850712711929
18  96.0  256.66566961032538
20  77.0  524.2323784008795
2  42.333333333333336  185.69446918692969
4  34.333333333333336  262.88464313749392
6  44.333333333333336  266.25485549186197
8  66.333333333333329  356.24159806396625
10  58.666666666666664  340.3863456197127
12  79.333333333333329  376.46000935209321
14  55.333333333333336  591.16073230280097
16  65.666666666666671  448.89982648537665
18  75.333333333333329  403.58944707503929
20  84.666666666666671  464.02444020345422
2  10.333333333333334  140.37419376792022
4  46.666666666666664  242.13609086903497
6  62.333333333333336  310.97426207104883
8  53.666666666666664  345.76598035607276
10  67.333333333333329  400.57053816024541
12  47.666666666666664  577.64257114595205
14  61.666666666666664  505.166106489443
16  81.333333333333329  386.31532786632573
18  79.333333333333329  325.25842405845009
20  84.666666666666671  399.26053029448519
2  14.0  197.64229193447511
4  37.666666666666664  269.94068337938518
6  33.0  398.09973969309647
8  69.0  341.52061035553015
10  90.0  248.5359614721641
12  67.0  444.89199875609444
14  69.0  441.18532169717588
16  93.333333333333329  267.89198203814243
18  77.0  468.6614138473106
20  84.0  407.77221094241389
2  48.666666666666664  163.62268479458692
4  48.666666666666664  174.06761994923735
6  50.333333333333336  292.4578944466956
8  53.0  348.97089181544919
10  55.666666666666664  492.91256911837246
12  80.333333333333329  332.91896957182041
14  72.333333333333329  508.99193120517418
16  58.333333333333336  534.12358559358677
18  60.0  449.55037241375908
20  78.0  430.66447360749265
2  29.666666666666668  87.954143519494437
4  76.666666666666671  233.93981530504894
6  55.666666666666664  338.85815578547442
8  35.333333333333336  382.28676073010786
10  86.333333333333329  279.9098842309794
12  75.333333333333329  334.53596732529189
14  80.0  342.0970922234157
16  79.666666666666671  436.40484076680605
18  83.333333333333329  403.19123484241618
20  92.0  340.03052974276051
2  29.666666666666668  181.36051069205786
4  31.333333333333332  215.8585593959595
6  55.0  336.35633544253119
8  83.666666666666671  347.71262395303688
10  58.666666666666664  427.19442209833062
12  72.333333333333329  345.06329578279446
14  77.666666666666671  311.76779336223808
16  74.0  566.55108263661066
18  83.0  413.63575181357839
20  75.666666666666671  556.16656169025134
2  29.666666666666668  175.92092331359024
4  57.666666666666664  246.87042443822565
6  48.666666666666664  357.58323437780047
8  53.0  396.40900074837276
10  47.333333333333336  489.64632002920564
12  59.0  430.29733568727556
14  75.333333333333329  377.19224359920156
16  84.333333333333329  390.99772556714481
18  81.333333333333329  458.91673667314637
20  82.666666666666671  395.1506540004944
2  48.333333333333336  172.37820124363418
4  41.0  293.004206242843
6  41.666666666666664  315.37062421470023
8  56.666666666666664  420.76718544382402
10  54.0  516.57715400322888
12  71.333333333333329  382.61446522629143
14  82.0  311.00695358114535
16  68.0  512.97706555012724
18  70.0  521.39715819904904
20  89.0  307.00982356792684
