6  17  101.17767389640107
7  42  163.64104155453532
8  68  109.84683261543367
9  49  258.64156483033742
10  64  249.42789858637323
11  85  132.95177672438385
12  100  44.111423006023998
13  73  161.37275278416138
14  86  109.63544334128642
15  67  251.03407860162969
6  33  131.86775684185048
7  42  184.84820341943276
8  63  168.79860912755601
9  98  81.044982965912965
10  76  128.63940919892039
11  82  153.90456749182331
12  86  135.07007982621948
13  78  163.34748388404785
14  74  261.75288362391001
15  86  128.00108461884074
6  46  194.6519274618166
7  28  169.24864569864502
8  63  107.25141803032419
9  80  114.76613233466797
10  66  205.1735494948764
11  78  172.99283901538104
12  84  158.29846157051003
13  78  161.37689291962505
14  88  144.78212942146007
15  86  155.7193989209093
6  56  108.5887391456973
7  73  107.76882462291685
8  26  149.78506426410203
9  70  155.16570358674213
10  82  110.54409951687985
11  70  135.99294023227793
12  67  223.50015228860923
13  79  135.64368888535677
14  91  104.31373127490505
15  95  99.312697193133317
6  75  112.60492578820502
7  100  70.204805721891645
8  42  217.33744545531368
9  60  144.75238263089281
10  64  213.0938329166099
11  57  205.10499779793801
12  91  104.65344259395076
13  100  48.328700069452239
14  91  116.33588518281414
15  83  180.72353807746833
6  99  82.217351764874479
7  58  52.207630398494153
8  79  106.98047510913275
9  55  263.78722712838163
10  62  254.25072253819854
11  36  287.68668634917975
12  84  125.52814799550544
13  97  73.837748689855601
14  94  90.262373613302373
15  80  213.30816036112981
6  49  211.40139897855929
7  52  138.36712211524525
8  69  142.37296188548066
9  88  80.564345885028203
10  76  196.64878658893943
11  82  132.3931216960967
12  79  108.24748155101115
13  71  179.09598492009994
14  84  139.73740857470429
15  92  113.87771765737043
6  32  105.26054322153014
7  81  76.634231279881647
8  55  138.98184114585692
9  72  143.42849862408576
10  63  143.23938829546489
11  89  111.61260254712586
12  57  250.06780066203015
13  98  63.625189685593
14  70  273.87320619412145
15  95  105.99041465312504
6  46  146.46889698681926
7  65  157.42316811708093
8  54  163.81637295164731
9  47  246.85534570845732
10  83  131.5795271376129
11  58  278.74187190053755
12  58  263.66206760244239
13  92  103.32006934814571
14  77  151.96146698899918
15  70  281.52865571930965
6  43  197.40723567302757
7  64  149.13705448784717
8  37  214.73554330469966
9  70  169.36706083853105
10  62  230.00637952592714
11  76  187.5280872228891
12  100  64.760148526875412
13  68  184.72182450180179
14  100  46.959767317864923
15  77  192.85819518173895
6  64  106.53459015779907
7  59  180.0488633027189
8  62  115.81871080685893
9  62  243.70059378334253
10  52  301.36860179965163
11  79  128.94941638414076
12  62  146.46049265371599
13  94  85.895563707357184
14  49  306.54383251103047
15  70  258.0112331345689
6  92  85.543750711088464
7  67  171.13623181372841
8  43  229.66269447529842
9  100  73.534657702592099
10  69  160.78946469594342
11  71  217.89194233497699
12  76  198.27705027642273
13  83  173.41867625830545
14  82  159.59813549727082
15  84  139.59024176711665
6  82  70.4557171017006
7  86  67.210622093647828
8  36  203.24362426520653
9  82  177.70453632184771
10  90  101.04318148950338
11  99  80.237149895693179
12  70  225.16095436031915
13  81  177.58739817314387
14  74  255.50090907235793
15  100  56.372505052261921
6  22  96.944803794119906
7  30  248.51472398416098
8  42  192.98649350624279
9  75  114.13198007882767
10  100  92.631184925156589
11  62  148.49160738267366
12  92  112.35604498665668
13  98  79.592981242710209
14  89  127.00800671288451
15  97  82.192566246135598
6  42  155.74057072642594
7  30  195.7152282887788
8  84  98.707094773064284
9  80  118.65670067609864
10  70  229.73133570592165
11  84  136.57686447155578
12  99  67.234783390619597
13  88  98.224360701510108
14  84  133.64239359092252
15  100  68.60158301119391
6  62  114.33414320171687
7  53  133.00094725939095
8  26  177.4641120463757
9  86  148.86783466264276
10  100  61.114202906253759
11  66  253.79983456181756
12  84  163.56546868490017
13  96  82.074198363729124
14  72  247.46243402896016
15  61  311.72108959513224
6  89  98.497457790734558
7  52  147.58911237450292
8  38  184.93421665734249
9  59  178.8321911038
10  51  279.37261274198056
11  80  150.93126961121351
12  92  99.051662069804863
13  86  149.30581744452434
14  89  115.57676906006475
15  62  343.80311513220767
6  74  112.58192703657353
7  39  219.24898807824323
8  100  78.304520615785023
9  50  191.24459693270941
10  52  265.11339508684961
11  67  244.58528698402895
12  96  95.951403600049503
13  71  292.74024861634155
14  75  221.92861262054848
15  89  143.370984737632
6  74  101.39176434329393
7  97  73.121563583029939
8  32  161.45314260266034
9  91  106.80736417782633
10  92  99.319927771030393
11  85  155.58722895704381
12  97  65.925069849357953
13  87  136.72633319896582
14  76  199.06253551180095
15  96  85.422131370077878
6  21  234.57120257360012
7  78  102.53286925623512
8  72  140.26962985668143
9  83  118.03857871775354
10  66  168.13428350906756
11  81  157.72435053427452
12  88  114.25299192006774
13  75  265.66044777201114
14  82  165.9880282450975
15  100  58.211848247547493
6  22  188.92034675779902
7  57  166.67569063346912
8  40  211.7158194492759
9  63  151.40690829715183
10  97  89.891771542192686
11  81  124.84544109570318
12  82  163.52037555923485
13  93  106.09270031059279
14  80  166.44966393615471
15  84  176.93746229938205
6  47  162.97906630475029
7  40  158.33209484925854
8  90  86.703438817328461
9  94  87.433386699585967
10  50  280.86629656938601
11  90  96.083778076922201
12  92  97.843476720027269
13  100  21.303222685220607
14  100  44.841517339237576
15  96  83.081513802490036
6  27  207.6649702189581
7  53  149.02120332333783
8  56  251.96741403727671
9  86  94.170204439834407
10  44  127.10665233079091
11  100  55.282984138028745
12  62  281.30633716017485
13  88  151.13487110520973
14  89  136.50592661674912
15  93  98.192005064092996
6  62  136.58427998147403
7  57  142.08389124468331
8  78  138.33586189341386
9  65  153.73334128728354
10  75  167.025088690703
11  97  66.389200872098769
12  94  126.48534968915385
13  86  129.21515580175708
14  91  124.78119214400945
15  91  128.94285708898752
6  21  188.4425427289583
7  80  101.33769885072994
8  75  114.11850432471947
9  63  58.017820210360824
10  61  265.58526059697158
11  61  250.47272783840629
12  49  359.47602488112375
13  80  167.05971265005132
14  93  109.02853140572795
15  91  95.084020025623317
6  61  120.31475149094329
7  72  205.64660800847227
8  100  68.492814158593902
9  71  163.71552113207991
10  52  273.58971601737386
11  72  155.54715231516263
12  95  96.722558299528984
13  64  247.3133267616389
14  65  297.95383942127751
15  85  154.61715232571981
6  60  171.98619843689733
7  48  156.95965487630667
8  64  180.72709748785547
9  66  172.45842374642018
10  74  178.41061114387327
11  57  293.54748235809672
12  92  106.42602084549978
13  93  124.40638629599334
14  100  51.296539492264884
15  100  63.284088751895077
6  31  178.14856511356933
7  32  124.3774138336381
8  52  186.92462685265087
9  62  190.37572726555356
10  80  107.3490090292096
11  68  219.43624856855052
12  90  105.58660915202945
13  86  105.99987622136318
14  85  160.9771068313762
15  86  151.2699073673183
6  18  178.31788187245709
7  83  110.8858171196981
8  51  168.23677607531346
9  60  216.54776729361882
10  88  130.83330200852677
11  99  53.37858321277848
12  60  296.35039075620085
13  86  124.78278856232339
14  93  109.45211427430854
15  89  148.77980943665779
6  41  194.31422961821096
7  56  90.00952305626393
8  89  77.382402945297045
9  57  208.65035513859453
10  88  118.44130778275155
11  71  224.92243048405743
12  74  147.29883013056258
13  85  148.18662264630251
14  90  115.30331250367132
15  92  99.223991431329765
6  43  133.8404166223165
7  83  90.47699122401653
8  30  267.17954774334567
9  73  153.82196702661193
10  51  236.00867317778642
11  85  135.31061520784303
12  86  127.84967952711759
13  76  147.82795356457612
14  95  67.324364587123526
15  94  83.762947919428086
6  53  95.219096444184856
7  100  52.648900755973081
8  63  168.95062613480914
9  68  134.37208043982963
10  66  225.99300457528403
11  92  105.15862770328262
12  86  114.58141063913827
13  86  151.82061307799614
14  100  77.036457242959358
15  90  127.69179662687118
6  33  196.94879800920191
7  66  115.69247603618953
8  75  106.77133258177741
9  75  188.42894235069244
10  64  203.20053011379883
11  100  74.349401061176522
12  85  135.66337286111036
13  89  68.159730382117843
14  79  141.90798490078978
15  95  82.648443661416522
6  40  167.82479027880092
7  82  110.50271797286976
8  58  155.16162114711523
9  82  96.100576270938987
10  62  282.55833809335707
11  90  100.21973030885199
12  84  116.90344778916949
13  94  110.15872788977664
14  83  154.29516010639651
15  86  140.96307292727923
6  25  188.53717666050122
7  58  192.4356818350719
8  41  257.31378319697274
9  95  71.821676941154479
10  86  135.66540648245822
11  68  236.95872521305552
12  63  266.6733916450795
13  74  174.4462196099
14  89  120.97370750329105
15  87  141.9821370153339
6  33  136.11750136026663
7  90  85.051982518900459
8  88  101.74450527342782
9  62  204.9370695899508
10  49  315.02963026955871
11  57  264.70319791735568
12  71  197.87923708848479
13  82  162.17154546352614
14  98  68.803178179309711
15  75  185.75330936431436
6  57  102.30403232101695
7  45  155.27934802538087
8  100  59.791941365236227
9  58  246.68901623332363
10  100  51.159896516468358
11  32  290.74897979894183
12  81  145.79672160872059
13  90  116.57353305908387
14  78  203.30224247405002
15  94  89.243632787585994
6  21  178.59130357012572
7  38  215.067368562486
8  56  179.77122864939273
9  61  181.80499906932488
10  68  170.39430784472142
11  69  231.51863388838248
12  80  197.29264796770678
13  96  95.565626858874694
14  81  187.7664604870038
15  88  132.53108822263553
6  88  86.505494150184163
7  100  87.563587768305297
8  59  197.07519317666052
9  65  211.5564168008718
10  92  95.427411461162919
11  63  144.74543626996439
12  56  312.78169472856428
13  100  51.682366010941408
14  67  241.44435945354459
15  85  128.4674254494744
6  44  117.61950191740844
7  37  129.63685497083429
8  91  87.932128275077346
9  53  229.12821479858857
10  72  127.00927043139151
11  55  182.31768091339302
12  89  129.73377878066421
13  93  108.59928344253201
14  95  90.133869210442612
15  72  196.38891277431259
6  66  111.74595906630857
7  78  116.97844644853097
8  44  142.67747292954786
9  79  119.20671097764523
10  75  156.2799033185612
11  70  258.84551976717614
12  93  67.887189709738763
13  87  121.15150156636837
14  95  78.470938883960969
15  87  149.43435691742789
6  13  82.823486865365311
7  42  105.88457320685568
8  33  221.67917942079799
9  34  112.74204934558334
10  67  254.50413781751837
11  79  155.43316023259507
12  80  164.10530002693795
13  73  190.11769712631408
14  64  238.10597460477769
15  77  227.35449045230774
6  20  174.64677032796999
7  47  236.81105364783539
8  54  189.46813845356905
9  54  199.98222370331911
10  98  82.568749888810615
11  100  39.354114404244505
12  78  172.93932673185947
13  88  166.69511608847114
14  85  141.48583855136079
15  96  83.00061339011431
6  53  135.63193687446812
7  45  160.06180893578193
8  61  172.4967012499234
9  45  308.0013456103797
10  81  106.95789562137885
11  68  242.45314312690141
12  50  192.67452168310092
13  83  126.9394852680833
14  54  280.32416976246469
15  95  82.355406141160145
6  93  76.687926992715404
7  46  172.2881317365765
8  45  213.09878989133728
9  57  148.73096680580031
10  67  176.21105509480338
11  58  287.76681621296206
12  89  118.8551457146839
13  90  135.76762735263111
14  75  210.73793094554716
15  84  138.19246059754926
6  34  153.86347312629005
7  84  58.138707472542755
8  85  112.046027211103
9  72  156.23307503772668
10  100  69.469540787264933
11  74  152.65909914543781
12  71  151.26360898264278
13  82  160.66514494360862
14  82  91.820584765951992
15  75  239.09255206133886
6  39  211.64841000929522
7  74  145.11155593627348
8  84  110.092507043908
9  58  204.79918152871704
10  95  90.940026398872774
11  59  201.38724510457584
12  83  154.16321218367051
13  99  74.673557713319596
14  82  121.67000597253687
15  100  51.197434744374192
6  39  122.06053409058421
7  100  78.412461407280432
8  55  223.70133338547754
9  33  296.50534822364995
10  47  182.48699750131422
11  64  222.54583395777328
12  65  238.18130361385997
13  88  149.58888742869959
14  83  159.2690647245222
15  96  108.20025106541725
6  56  153.64587894759649
7  51  161.48684347753471
8  48  248.78077929564608
9  77  158.36379077663335
10  59  185.3014171878358
11  82  155.74389152765727
12  89  108.30140135691769
13  82  148.88877700033237
14  79  202.17955611564747
15  73  216.78834140901444
6  41  190.05522118192417
7  49  163.66920397786856
8  75  154.55473312204336
9  72  162.65148623234458
10  93  82.183056753890696
11  84  132.30933214231905
12  73  236.72773166783816
13  99  54.681595219109141
14  100  76.526585772839837
15  86  136.5329664152147
6  41  122.67700790974231
7  53  143.42861815276865
8  53  205.72636090062093
9  70  185.60127007146548
10  66  132.14355071502277
11  49  247.22729533124829
12  98  79.673707492923981
13  82  141.48142113956001
14  96  70.982169846442147
15  56  357.90357223048517
6  30  126.54161639710453
7  88  84.695339409085349
8  77  139.54430076852447
9  69  178.97602027549905
10  77  180.46903038404554
11  75  182.80760341470912
12  83  173.90394277769491
13  88  98.144554515891983
14  96  85.399438172730441
15  81  150.38084625029305
6  38  248.08392012666241
7  78  117.14274509440496
8  56  159.17673332391786
9  50  177.17678212166953
10  94  94.704108972181118
11  74  161.96611044739947
12  95  90.640802735295409
13  77  188.58258442765333
14  93  98.374225034064224
15  85  182.8249902025542
6  50  126.36923896926088
7  44  142.28387173573478
8  66  186.14566969776911
9  58  242.11143183262189
10  82  99.483404347679738
11  74  154.30403837941418
12  77  210.71075328035047
13  79  143.62620776184497
14  70  264.3393480103959
15  65  290.5532917136876
6  52  173.47685907088029
7  62  153.49026536489714
8  53  176.76894923203344
9  59  180.79643356093419
10  100  84.721421062787229
11  89  89.505965090501121
12  100  26.840669356244558
13  97  84.782904520084386
14  92  98.710323751384905
15  79  179.53831504604139
6  93  82.538102210739467
7  42  226.63818660635019
8  51  208.95934756140409
9  50  53.172307077365325
10  35  265.61681502838411
11  70  206.25604526649676
12  83  161.7770209037142
13  99  58.856963415245168
14  100  67.978154235160929
15  54  367.13407687137516
6  78  72.585833968522408
7  53  175.60637801134868
8  31  178.6195684135165
9  91  87.433100956175409
10  40  135.55995311350506
11  75  156.70610282723834
12  74  256.0168213882211
13  100  58.146260460658354
14  86  138.88883469829287
15  88  138.70332737988502
6  50  212.3984681949795
7  80  74.214038788473403
8  19  147.01228082758001
9  86  126.69549544890123
10  59  170.86058634782697
11  93  87.753695059458622
12  84  163.80620424092803
13  54  309.68213791492855
14  83  176.12219289531663
15  99  66.715953504784395
6  27  114.33144068115413
7  64  111.55617302724553
8  59  145.15886007665651
9  86  73.013375625838634
10  87  111.37707562254785
11  79  110.67990702046745
12  83  201.99002065869564
13  71  210.22014394148266
14  94  94.273256240000919
15  92  103.96181243707517
6  97  59.681325516717699
7  85  72.890509878301842
8  61  168.44394712076308
9  80  153.63492429145307
10  65  156.53225855140721
11  84  141.57282146286937
12  82  181.80784205224063
13  91  123.06177564328074
14  72  277.82369690250835
15  86  158.72850120240614
6  27  133.17284158778182
7  37  136.99017756897862
8  72  167.02720101679515
9  53  239.85931024297832
10  83  111.1806973842401
11  99  70.67803567070132
12  60  246.73103251652969
13  80  169.97991105516161
14  80  156.1949865723665
15  97  79.383350450176025
6  23  165.16906122875324
7  82  101.73760223339644
8  52  190.24297832227859
9  54  250.31259637834867
10  85  111.32109322563797
11  79  136.752015990529
12  78  160.08198477104941
13  89  137.91169089457807
14  100  59.400258352652095
15  79  214.03450276122979
6  50  157.59604773886031
7  81  111.2344869362539
8  85  74.828775524261616
9  67  91.367930347650571
10  86  129.08330214502635
11  95  90.357484421931133
12  63  183.2775300019141
13  89  128.89743457042601
14  77  233.00941143010473
15  70  191.46365090875378
6  90  95.059468226951196
7  80  104.45215318367767
8  66  177.41294916614027
9  83  130.1898678176488
10  60  255.43309854453221
11  80  117.38343294856509
12  71  231.18829322284267
13  72  189.43699325775597
14  82  186.01791832990361
15  72  236.10345208279361
6  90  69.425342243477601
7  67  158.61674347432057
8  81  136.5033387809971
9  56  237.07019348422997
10  59  311.13440985286718
11  36  301.33271212404833
12  75  193.97472984994201
13  89  130.38460744331388
14  54  326.42857136074167
15  100  72.039561705808794
6  15  190.35168392466088
7  83  92.189044196823474
8  88  99.615150656874107
9  72  131.66762141221017
10  47  184.24201991722927
11  64  219.11915841610136
12  82  148.90468676375019
13  81  170.64586769871389
14  86  159.23487610005085
15  97  61.499878221836468
6  65  133.75182299877289
7  51  155.31387411263296
8  70  158.15783108722428
9  64  133.91727319272738
10  83  110.64510723115943
11  82  180.73734895558226
12  86  138.65322640243411
13  100  72.100122309133027
14  100  53.529706183260885
15  81  180.02914918987341
6  47  141.8376373854924
7  84  112.80641042021426
8  53  148.46169864527442
9  68  196.60851804137272
10  58  251.29932648214319
11  83  173.4247614275111
12  64  242.49150097412192
13  59  322.48603099685766
14  67  215.80143320911162
15  89  143.97418396898499
6  91  68.69600292706069
7  14  159.84237288115014
8  93  72.251710541130393
9  60  231.44404399854309
10  93  71.45224592088573
11  74  176.97640338457697
12  73  249.03314087061966
13  66  234.87114749511966
14  87  149.82551059122599
15  76  233.05008070440141
6  100  67.151787911746865
7  49  150.13799488737314
8  48  209.41684339042095
9  83  123.388049387248
10  62  217.9710215649078
11  71  216.16878942426212
12  82  159.37783127633045
13  93  88.440836203552834
14  89  145.78168426715521
15  89  154.00173041513145
6  65  177.78123042817646
7  76  87.269288861114802
8  64  184.16922576068924
9  85  118.79382262974804
10  79  164.24400787234012
11  82  106.92172565779897
12  89  106.40410971884049
13  91  103.55698326659463
14  88  121.94673920856593
15  78  211.24252644945699
6  50  133.1106619959335
7  42  258.55245148073362
8  58  142.740227625123
9  55  238.00287584548619
10  62  268.14193348949698
11  65  229.71633695820108
12  47  355.46810301998067
13  64  325.09861469072666
14  72  267.26079114023401
15  80  212.77964500406111
6  37  166.34433227691054
7  66  189.30309973230109
8  60  214.43189770225831
9  65  223.35403380608469
10  79  151.04957653568795
11  90  92.412999961723784
12  96  64.632024485634432
13  95  93.311739411932408
14  75  250.00472549690252
15  80  148.88948572103834
6  52  130.00872854604148
7  72  81.045084331602993
8  82  133.66149732728758
9  71  137.65638088906681
10  81  151.05296201663251
11  41  301.06128403552356
12  84  140.78757081380991
13  84  160.87262337710493
14  96  91.261550076983582
15  89  126.46988026916215
6  28  171.03954339390461
7  58  141.33042913783109
8  86  105.84333929348588
9  60  162.55685150738407
10  74  182.69048496000522
11  68  189.9017181525484
12  83  138.59854326640306
13  88  164.2365036324021
14  82  188.24328375643316
15  100  79.287707747902502
6  60  144.46808092239365
7  48  193.11967709979751
8  92  97.483476827605429
9  42  268.12041190699807
10  64  197.96500403215143
11  76  177.15043356109859
12  100  46.373160265960649
13  92  101.82033545007035
14  91  139.93305883411844
15  90  114.08193380832067
6  75  96.796487900914741
7  93  69.856629015284327
8  32  203.09475611538713
9  85  89.968352242094142
10  81  122.22564563504017
11  86  123.30453084312229
12  89  117.12213039748661
13  79  205.6329608150281
14  52  231.35623707975725
15  90  142.32773757706511
6  77  99.168648212268096
7  55  166.25179840100671
8  96  72.675772049840248
9  98  71.02513901251632
10  55  224.3474551540107
11  75  150.29099504126805
12  68  236.60720840441724
13  71  218.92966586162242
14  87  147.84502610112335
15  76  246.97063123829236
6  28  122.84516028277167
7  88  79.849141163486024
8  55  164.38542948483774
9  70  156.32771763103406
10  31  283.68696225210977
11  85  107.70170497117481
12  86  116.67432762614634
13  55  266.54353989370952
14  91  108.76497397732822
15  75  188.24654736750551
6  35  104.93022549518555
7  60  64.735556088057876
8  54  116.52609910254709
9  82  94.610589441268189
10  74  159.74362369456284
11  85  122.62786546328581
12  83  129.42004617011423
13  80  175.50713172709206
14  100  40.945523549517702
15  86  105.8077682238801
6  58  167.90521347433673
7  51  221.82437566490361
8  61  134.20437474189845
9  62  233.46638405021773
10  86  111.98182257966677
11  72  160.12129192413451
12  66  281.76316520410961
13  100  71.717615762365668
14  89  121.74169667718695
15  51  311.74479346129641
6  12  131.90325977877157
7  83  123.95961698762456
8  44  194.21351883856238
9  81  131.49598474819169
10  49  262.5752429388632
11  97  74.195571052155998
12  85  149.17449779473256
13  100  91.834472957239797
14  93  87.787159987440404
15  98  74.941035983832862
6  55  192.20283870147864
7  58  99.340384083006001
8  62  174.35724992449337
9  63  182.1884173675262
10  70  179.15025645941301
11  65  198.09611466144418
12  100  33.875834921847471
13  60  309.0086619288079
14  95  84.377632153665544
15  93  132.82659411155998
6  28  259.71706347642964
7  54  234.73158088561348
8  51  168.65242318858282
9  46  311.22398593588116
10  75  177.59624554732756
11  51  248.27184427738018
12  80  171.09631914932612
13  77  159.10614192948753
14  81  178.4106699145309
15  97  76.141741456966699
6  78  60.731888188283314
7  48  222.88976504414987
8  33  87.38169555289943
9  92  68.18086913117051
10  93  74.515471167067716
11  66  270.38026059097552
12  86  122.88876257909897
13  75  217.62558403551279
14  100  50.013618671231725
15  100  59.252043914082826
6  39  118.72662406835529
7  53  118.00345838330855
8  76  167.29525058704502
9  71  152.48051970269367
10  66  229.36011048476061
11  61  225.80015312788294
12  91  120.84035331041029
13  87  140.25317471548379
14  88  114.67130234110792
15  93  84.33066749432777
6  27  268.06201625636527
7  53  199.25147261898115
8  90  103.88019312942359
9  47  222.08537441423653
10  75  156.31928656383477
11  83  147.39133366033778
12  66  221.57538105601236
13  86  162.79157071482888
14  74  212.18898361488527
15  90  123.78952167612556
6  78  103.93746185613841
7  55  176.12593947725802
8  57  234.76727727691758
9  79  93.336993415513717
10  64  222.9460786927184
11  71  206.23691552015742
12  79  167.82353952341137
13  67  226.2482863930085
14  83  171.6760517532345
15  87  158.06895583487844
6  55  148.50106670505005
7  63  158.33671957285176
8  90  84.173929130210553
9  83  79.982299512035425
10  39  288.55985525474796
11  81  132.05487681239308
12  71  269.66832730331089
13  82  185.71210674037911
14  99  64.251599688895695
15  98  82.999084648451245
6  66  157.3033160288827
7  42  194.25000217772728
8  74  154.87602787716239
9  61  260.65630830940796
10  89  135.0250328471995
11  84  131.08881077070976
12  83  145.06590940334948
13  82  148.68390828254962
14  91  125.57856837114048
15  79  201.26518269927232
6  82  82.176132617750667
7  71  131.50634024537459
8  51  186.72039355928223
9  90  77.43378910305681
10  67  194.19895774016365
11  61  253.75761328661548
12  80  152.17090777457469
13  86  159.80353829347584
14  92  115.54900878503757
15  83  185.07219395725417
6  75  122.27975762166093
7  37  145.62398034508524
8  48  199.46291643861213
9  69  116.93792610501475
10  81  140.56832987543939
11  92  109.98255306892659
12  92  99.299336452219578
13  83  188.47943304301376
14  97  82.87675386017473
15  91  97.338337708242676
6  44  89.681742182162296
7  69  152.90047497474669
8  51  141.66848895618762
9  59  256.07083958341838
10  100  71.50369103977215
11  92  101.54270518545728
12  67  270.19065086671048
13  75  156.07401255149787
14  73  262.53083516766446
15  72  159.5306965820358
6  69  174.91249842570073
7  34  224.27667158441724
8  87  91.314095579283588
9  68  116.08964162943052
10  44  370.75333750108842
11  86  106.44226517095484
12  89  135.4333574785374
13  86  159.69464851873389
14  98  83.039637394511061
15  93  96.596642353262297
6  82  96.264435017745967
7  73  147.23169645688506
8  79  121.26933383389293
9  100  60.387498381153897
10  31  313.41173009898705
11  66  172.21841496958578
12  95  76.370405655596414
13  100  60.243111699899266
14  88  137.38069109909912
15  92  102.34352722254586
6  56  42.826587015521113
7  99  86.700946320153875
8  93  86.2232454019843
9  65  212.7403504330295
10  81  80.141066123496387
11  81  118.37636771986844
12  78  171.40453178651063
13  84  97.653995107952611
14  83  145.82210177920618
15  74  268.36220825350574
6  31  210.7790674900518
7  25  66.762236357079075
8  61  155.53418475512615
9  49  257.72929063959413
10  91  96.015168188191808
11  93  81.424554085333185
12  60  289.32212186401586
13  92  115.42690217689108
14  95  81.952913618576105
15  76  239.40459596194449
6  86  78.347456385814993
7  44  183.44164279564686
8  79  114.2379679621727
9  81  134.56712757756466
10  66  229.3877426693696
11  57  268.62561190553618
12  53  306.01751676454614
13  78  151.549107900124
14  80  160.64524935564995
15  94  117.82672046183166
6  18  61.378816498448273
7  53  223.15001398891553
8  53  230.61248280291525
9  83  151.42180247302954
10  75  196.55004212363704
11  80  146.38644167387568
12  70  223.47839782316652
13  95  64.699388820896871
14  89  147.11626214101705
15  86  159.4005426411116
6  59  105.01949016728328
7  40  203.15469650948069
8  69  152.80496773474587
9  39  218.6957381090898
10  88  80.733286956404328
11  78  147.48329567286092
12  87  98.421383645383273
13  77  170.80809688146834
14  97  74.593906829497286
15  58  378.15527797731988
