1  92.666666666666671  258.95178383990157
2  81.0  576.11049830472348
3  70.333333333333329  569.43241578425898
4  85.333333333333329  417.4811360292565
5  80.0  472.33872246886193
6  72.0  672.23773372043399
1  89.0  384.19949228434018
2  91.333333333333329  286.95424067663862
3  87.0  359.26942391944442
4  82.666666666666671  467.75435019533535
5  81.0  526.8536135453611
6  84.0  481.6596652634006
1  84.0  471.51818831349959
2  81.333333333333329  342.31798866310476
3  75.0  655.36584660015387
4  86.666666666666671  331.36132755027046
5  75.333333333333329  582.28677680275212
6  70.666666666666671  639.99280377686171
1  88.333333333333329  345.96082018134001
2  87.333333333333329  417.15349396067478
3  79.0  366.81282070392808
4  77.666666666666671  580.10043296797778
5  73.333333333333329  681.94822931352428
6  82.333333333333329  528.51331810703323
1  86.666666666666671  224.99988313722824
2  86.666666666666671  362.56971597466111
3  82.0  533.86697207266809
4  79.0  643.5823007847705
5  78.333333333333329  452.23936352439455
6  85.0  412.08629005977213
1  90.0  302.76839531669282
2  80.0  532.10833486163995
3  87.0  376.16460175060911
4  80.0  440.31473219381991
5  76.666666666666671  599.09141667848144
6  80.333333333333329  512.72738086963113
1  89.666666666666671  318.73793754746703
2  83.333333333333329  555.95574932473289
3  84.333333333333329  597.70810018223028
4  83.333333333333329  524.44904419223997
5  84.333333333333329  437.1905978785656
6  78.666666666666671  707.97832673441928
1  88.666666666666671  354.63980826556127
2  86.666666666666671  304.86380241818313
3  89.0  354.08901013641605
4  73.333333333333329  651.64482071234931
5  75.666666666666671  485.90680853870691
6  79.0  577.17983718067433
1  89.666666666666671  331.49221305721147
2  82.666666666666671  480.48921818915431
3  80.666666666666671  540.90409519944205
4  81.333333333333329  432.88104827409256
5  77.0  455.86086893663929
6  73.333333333333329  674.73627184474719
1  93.0  254.20701238271531
2  87.0  404.81873645441448
3  84.333333333333329  553.30186736809912
4  80.666666666666671  519.26019644776011
5  61.0  726.28489157408001
6  77.333333333333329  526.10212762167475
1  89.0  356.88648163719546
2  77.0  449.65507395170602
3  83.0  450.02822240148481
4  82.333333333333329  569.88648131484626
5  81.666666666666671  503.41970587908094
6  82.0  429.79938804127943
1  88.333333333333329  317.13368029022081
2  89.0  369.84794734237511
3  82.666666666666671  491.39691022817533
4  65.333333333333329  622.91851298027336
5  83.333333333333329  424.8156294928998
6  77.333333333333329  589.18767286959212
1  90.333333333333329  308.9029710964607
2  83.0  427.27380287242499
3  89.333333333333329  256.86747563224327
4  85.666666666666671  453.70564346859641
5  77.333333333333329  450.3549571164603
6  80.333333333333329  481.55162907786098
1  90.666666666666671  319.61926188733247
2  84.666666666666671  428.17501199764797
3  84.666666666666671  488.87972243077235
4  86.333333333333329  440.77388335351543
5  74.666666666666671  552.18150929789408
6  77.333333333333329  610.06789354147338
1  88.666666666666671  333.98873789482343
2  87.666666666666671  349.07487245249615
3  85.0  420.6554385693276
4  83.666666666666671  488.82291496808551
5  84.0  452.92614731822272
6  75.0  652.64609578668637
1  87.0  414.59307557810769
2  86.0  397.86013613382903
3  82.0  418.24826200691905
4  84.666666666666671  395.41775354229162
5  79.333333333333329  552.49324306951405
6  80.0  515.54373762961654
1  91.333333333333329  303.09393304898947
2  87.666666666666671  429.14531546059078
3  85.666666666666671  404.52570177350287
4  87.666666666666671  346.28219875754496
5  81.333333333333329  444.84379479028462
6  73.333333333333329  647.04303982375677
1  82.333333333333329  471.02942238054646
2  91.0  256.81838798480032
3  81.333333333333329  436.58499814606421
4  81.666666666666671  528.51782452612588
5  75.666666666666671  621.62945748108393
6  81.333333333333329  564.88270280960171
1  81.333333333333329  320.35893939638544
2  89.0  403.2586548315457
3  82.0  503.81289546325547
4  82.333333333333329  376.07898349294504
5  73.0  661.5248504198903
6  69.666666666666671  676.53347203023827
1  91.666666666666671  274.42632289395482
2  86.666666666666671  409.61788172967601
3  87.0  319.46859176457366
4  75.666666666666671  522.49726569873019
5  73.0  544.95038812534551
6  74.333333333333329  692.59344852848278
1  92.333333333333329  270.44282298070266
2  82.666666666666671  432.87070023455215
3  78.666666666666671  469.2211853271221
4  87.0  430.16043835187014
5  80.333333333333329  500.17711105864231
6  75.0  570.79684520994351
1  83.666666666666671  454.93490279840211
2  76.333333333333329  734.57818383903202
3  72.0  656.54162748471015
4  85.666666666666671  382.12398378513808
5  76.333333333333329  567.4773868424063
6  79.333333333333329  539.10815128065724
1  91.333333333333329  311.84975254570213
2  91.333333333333329  307.27653275902509
3  82.333333333333329  486.57100180647143
4  80.0  540.07195165628389
5  77.666666666666671  601.44522029361394
6  83.666666666666671  425.25969889714969
1  90.666666666666671  244.46957532955213
2  85.666666666666671  440.70049899670681
3  81.333333333333329  532.78936012976203
4  80.333333333333329  553.22278164943418
5  73.0  698.59404873736469
6  73.333333333333329  615.45786666714787
1  93.333333333333329  201.5192257407941
2  88.333333333333329  365.97404986160683
3  80.666666666666671  599.09210321557589
4  78.333333333333329  498.23561493303839
5  69.333333333333329  613.09098667576347
6  79.0  622.8333505726182
1  89.0  307.85375419293035
2  85.0  572.49674538902912
3  81.666666666666671  464.15990164034332
4  80.0  604.42391330526937
5  74.0  695.57012983885522
6  72.333333333333329  758.93169827188149
1  91.333333333333329  304.84300863616028
2  85.666666666666671  393.82431438450919
3  79.666666666666671  453.41446257645015
4  84.0  401.66632938188866
5  81.666666666666671  455.68860047682773
6  76.666666666666671  563.09674460077622
1  85.666666666666671  414.16369774647956
2  80.333333333333329  434.10790580661325
3  80.333333333333329  560.1705603255316
4  82.0  466.24241693277793
5  80.0  530.76145836269802
6  88.333333333333329  376.21644614135641
1  92.0  273.34471397913654
2  87.0  258.39632373068821
3  84.0  488.76531269856247
4  76.333333333333329  455.19511603475786
5  72.0  667.30553844187955
6  80.666666666666671  422.11442014651561
1  89.333333333333329  371.00751890593006
2  91.0  204.52708465731345
3  77.333333333333329  633.23320753277915
4  87.333333333333329  371.62342813235489
5  77.333333333333329  545.60481359755806
6  70.666666666666671  653.38675877964465
1  87.666666666666671  245.24099939070794
2  84.0  350.48418093681693
3  84.333333333333329  341.6896980794844
4  73.0  540.90032218178294
5  82.666666666666671  538.29676180948172
6  83.333333333333329  403.08906707606661
1  88.0  310.45482119329318
2  81.0  533.16045991068665
3  86.0  392.14936117471655
4  82.666666666666671  541.50442161043031
5  79.666666666666671  474.94822074228637
6  77.666666666666671  591.36823321131476
1  92.333333333333329  262.23223852703035
2  87.0  411.60367624692913
3  84.333333333333329  496.05266781206632
4  83.666666666666671  480.91754546525391
5  79.666666666666671  517.44711138538037
6  87.333333333333329  324.81554868596385
1  82.333333333333329  468.95008110393189
2  74.333333333333329  576.29527402701444
3  75.0  648.86606801735661
4  87.666666666666671  424.66241247259086
5  76.333333333333329  622.09330069461976
6  82.333333333333329  431.4607733622168
1  91.333333333333329  306.28570781692042
2  83.0  431.3500655142966
3  86.0  363.98112110301599
4  89.666666666666671  316.84292155642373
5  75.666666666666671  524.93409670457822
6  71.333333333333329  663.44622600455409
1  88.333333333333329  193.31767596311855
2  89.0  400.4846897288117
3  88.0  415.73076885671583
4  77.333333333333329  645.30327411193468
5  82.333333333333329  449.47922707354024
6  78.666666666666671  500.55564878683197
1  96.0  183.14902417904023
2  88.666666666666671  329.31882251415539
3  89.0  440.8416535954093
4  77.0  534.98440912778813
5  85.666666666666671  363.36156807370884
6  78.0  611.44267986906482
1  88.333333333333329  393.48923537471489
2  88.0  504.12465380561633
3  88.0  359.64484595954815
4  68.666666666666671  561.38093421306678
5  79.333333333333329  460.10827983355369
6  79.666666666666671  443.40614456359697
1  91.666666666666671  272.53820309792297
2  88.0  404.85554357413406
3  86.333333333333329  397.5974942578066
4  82.666666666666671  389.82339009959583
5  71.666666666666671  586.732229712194
6  76.0  613.25821616128371
1  79.333333333333329  488.20570091010285
2  90.0  291.74205052183424
3  86.666666666666671  413.13851996418089
4  84.666666666666671  419.67920273448522
5  71.666666666666671  721.99142942442643
6  76.0  521.99113994108336
1  84.0  349.69422257696471
2  84.666666666666671  461.610905990351
3  88.333333333333329  392.83666856243968
4  81.0  458.43881719076757
5  79.333333333333329  434.47867855929388
6  73.0  547.14732100900005
1  94.333333333333329  214.439208880845
2  78.666666666666671  492.7260562718227
3  79.333333333333329  557.50542271647009
4  88.333333333333329  315.68435324047721
5  76.333333333333329  426.67657180829144
6  71.0  774.28449639670544
1  88.0  297.80146137151684
2  88.666666666666671  292.01047558759922
3  85.666666666666671  521.85160539552624
4  77.333333333333329  552.83892241107321
5  76.666666666666671  567.70286944263137
6  84.333333333333329  403.7066774007846
1  93.333333333333329  225.3348675759845
2  85.666666666666671  457.59440474984541
3  85.0  413.8853910755476
4  72.333333333333329  736.47434264149661
5  70.666666666666671  634.48407695742333
6  72.0  581.21330355427006
1  91.333333333333329  295.34461127702656
2  86.0  427.8439804175776
3  82.666666666666671  584.61206644118886
4  88.666666666666671  359.19120346841942
5  68.0  844.91972022661901
6  70.333333333333329  603.68187814209421
1  85.666666666666671  443.21894037989961
2  88.0  363.02167462932124
3  85.666666666666671  385.24286315137959
4  74.666666666666671  665.84545722993573
5  79.666666666666671  526.8160916064254
6  83.333333333333329  526.08553994421402
1  96.0  172.48313451817467
2  86.333333333333329  499.00722297548646
3  81.666666666666671  501.48149874572442
4  75.0  665.3022871349948
5  85.333333333333329  410.58876680614435
6  81.333333333333329  458.58993793559199
1  88.333333333333329  281.63142022296762
2  89.0  317.07682731766369
3  87.0  408.22108245696666
4  80.0  469.38052566010151
5  79.333333333333329  555.26324682384438
6  75.666666666666671  664.17175593337004
1  90.0  267.22296356258033
2  85.666666666666671  472.58021626275359
3  87.666666666666671  367.73529335078268
4  77.0  440.71944420949137
5  70.666666666666671  555.07453892297769
6  74.0  760.13486503414538
1  84.333333333333329  415.08851628627798
2  82.666666666666671  536.63290670451613
3  84.666666666666671  345.2174923625256
4  83.333333333333329  459.9504356956428
5  74.333333333333329  646.07082773114109
6  87.333333333333329  248.24236157706997
1  73.333333333333329  348.82782728323298
2  88.666666666666671  333.07687135292906
3  79.666666666666671  440.81107607921626
4  82.666666666666671  548.43200938770747
5  77.666666666666671  503.16624579197031
6  68.0  663.299002104804
1  90.0  303.65601330077527
2  89.333333333333329  344.74274487194884
3  81.333333333333329  617.00517355483169
4  83.666666666666671  458.74970020740477
5  78.666666666666671  482.05125238645155
6  84.666666666666671  529.1181185737471
1  88.0  317.50599331929192
2  88.0  331.5729667685298
3  84.333333333333329  442.66028144235827
4  86.333333333333329  419.744064907351
5  77.333333333333329  549.08819177824955
6  78.333333333333329  498.02144241752097
1  86.666666666666671  332.89178341791114
2  84.666666666666671  320.39158619426172
3  88.0  326.50850870771114
4  85.666666666666671  399.14629458099643
5  77.666666666666671  629.48497078172534
6  78.0  526.9750742702289
1  86.0  308.17108245362567
2  82.0  429.76942929248918
3  85.666666666666671  416.57319191549362
4  77.0  562.70909853827652
5  86.333333333333329  353.79243564308001
6  78.0  592.42994465894435
1  86.333333333333329  350.60766524355768
2  89.333333333333329  310.16464061639607
3  85.666666666666671  472.02677138490969
4  78.0  443.35288676885921
5  82.0  508.74094650175311
6  75.0  692.07393661783499
1  79.666666666666671  387.02027361853015
2  78.333333333333329  597.55528150197438
3  81.333333333333329  525.40499076998299
4  79.0  530.50663351371486
5  71.333333333333329  665.44205530919908
6  76.333333333333329  599.79148166132381
1  90.0  342.27435877865264
2  93.333333333333329  224.01041319139105
3  86.0  454.9163582115383
4  74.333333333333329  494.79390618791621
5  82.666666666666671  450.12360370850786
6  84.0  440.22549490329703
1  83.666666666666671  412.16582371234523
2  91.0  334.05497578989952
3  80.666666666666671  512.65987935074975
4  83.0  447.08478751646578
5  82.333333333333329  422.31286193013733
6  80.0  451.28387142127087
1  86.0  376.24965415286533
2  83.666666666666671  516.10101833866861
3  81.333333333333329  420.34850948182213
4  82.0  506.02326019476635
5  79.666666666666671  576.04857084113382
6  77.666666666666671  533.93005493209739
1  90.333333333333329  491.90647738524427
2  84.333333333333329  518.43797376716134
3  87.666666666666671  366.26478481660098
4  79.333333333333329  542.92064733938821
5  73.333333333333329  742.18342104960652
6  81.0  585.06168904798767
1  88.0  334.99838571019347
2  88.0  364.77214120190263
3  86.0  498.76675255544689
4  81.0  555.45981795905971
5  67.333333333333329  770.85320392245933
6  82.666666666666671  507.48051858956899
1  86.0  343.16120869092759
2  90.666666666666671  340.12925826465795
3  83.333333333333329  529.26355291304822
4  74.666666666666671  684.91521802174043
5  76.333333333333329  478.03012632052946
6  77.333333333333329  454.97424387375912
1  82.666666666666671  441.57858584580089
2  87.333333333333329  423.09780208179751
3  81.666666666666671  534.59817575390468
4  78.666666666666671  450.05195172712195
5  77.666666666666671  571.32170989202257
6  79.0  524.15389904539768
1  93.0  208.60790242180275
2  88.0  414.53615537922417
3  84.0  558.33835274713817
4  81.0  437.3519320383736
5  89.666666666666671  301.14033918363009
6  69.333333333333329  535.66124325276326
1  89.666666666666671  379.68950836108485
2  72.666666666666671  658.58547614315182
3  81.0  356.32356006171739
4  75.666666666666671  683.92333946489759
5  79.666666666666671  498.19603492252122
6  76.333333333333329  683.51203974547229
1  92.0  310.03686701024787
2  68.333333333333329  515.14605514746847
3  84.333333333333329  540.13309445392747
4  77.666666666666671  487.22631037152917
5  71.333333333333329  604.79962149281357
6  83.0  434.47031020323692
1  82.666666666666671  412.80193326069707
2  79.333333333333329  625.62288250424865
3  80.333333333333329  580.77823501936928
4  76.666666666666671  561.09771975436729
5  78.0  459.61074383152038
6  71.333333333333329  692.34593781291278
1  94.333333333333329  260.42743079407131
2  92.333333333333329  281.06592925862714
3  89.0  332.69766334038792
4  72.666666666666671  466.28876505659582
5  74.333333333333329  658.44367193671962
6  75.666666666666671  500.90592583600323
1  84.666666666666671  438.51009390712682
2  90.666666666666671  392.7464550740977
3  77.666666666666671  384.58645388530471
4  84.666666666666671  422.09049596701487
5  83.0  496.56772293010067
6  85.0  391.41380885814516
1  90.666666666666671  249.99963609629964
2  84.666666666666671  394.93202874003015
3  84.666666666666671  459.85595714228293
4  86.333333333333329  403.20136113101353
5  76.666666666666671  542.44017014908957
6  82.0  525.15822499037654
1  94.333333333333329  218.1117636171827
2  79.666666666666671  536.78538573389824
3  82.333333333333329  461.92728067693332
4  76.0  561.51242041064972
5  87.666666666666671  449.87904670482351
6  80.666666666666671  547.92042063700069
1  89.666666666666671  314.80132268641069
2  88.333333333333329  437.61909923588223
3  90.0  354.12293517901617
4  76.0  612.74522015306411
5  78.0  579.79578816982678
6  81.333333333333329  403.55942765049855
1  90.666666666666671  283.89448896622167
2  85.0  426.21832000973478
3  90.0  299.13006729405038
4  84.666666666666671  402.86614518763486
5  78.666666666666671  470.19124643479347
6  76.666666666666671  621.68623120345069
1  92.333333333333329  243.00348024562956
2  87.333333333333329  390.72940867094172
3  81.333333333333329  445.57729974408426
4  81.333333333333329  493.71932479004977
5  80.666666666666671  475.89435837954369
6  85.333333333333329  383.52438960636374
1  87.333333333333329  463.04218253410528
2  78.666666666666671  421.25772164949825
3  84.0  538.10601525626055
4  79.333333333333329  619.61811633859395
5  78.0  505.66293498116187
6  74.333333333333329  576.46725330655659
1  91.333333333333329  316.01724060038839
2  83.0  467.93329817723321
3  79.333333333333329  609.81512180012714
4  76.666666666666671  482.30886133544055
5  84.0  455.38208370939742
6  86.333333333333329  410.09011684326038
1  80.333333333333329  420.61442790666308
2  86.0  426.4295928035358
3  76.333333333333329  550.08116540530443
4  86.333333333333329  438.95984534230888
5  84.333333333333329  445.32570268666859
6  80.666666666666671  468.38972665620378
1  89.0  322.66131079809981
2  92.333333333333329  299.97471862247653
3  83.0  467.61302250556321
4  80.333333333333329  526.02173727603144
5  79.333333333333329  483.15968228222329
6  71.666666666666671  677.76107680405323
1  85.666666666666671  303.42854121722547
2  87.666666666666671  370.33744272161692
3  82.333333333333329  488.95038702677857
4  80.333333333333329  565.42994991715364
5  74.333333333333329  720.21907831613612
6  77.0  502.61922512656582
1  94.0  255.49751775846156
2  81.333333333333329  475.67077288036415
3  83.666666666666671  406.64140352069325
4  74.333333333333329  564.57748960158506
5  84.0  475.86906613061183
6  81.0  542.68476935006731
1  83.0  241.11030486067969
2  90.666666666666671  345.95073791208148
3  82.0  542.87961896233855
4  59.666666666666664  1076.2230705465274
5  74.0  496.96008013593308
6  73.666666666666671  631.54794241578668
1  88.0  305.78025237682903
2  84.666666666666671  375.7621213245597
3  84.666666666666671  498.43964545795831
4  72.666666666666671  660.14813044277912
5  70.666666666666671  588.6594314365808
6  74.0  510.76168376519871
1  94.0  242.02722226518131
2  74.333333333333329  434.76785430941658
3  82.0  539.68784559046981
4  76.666666666666671  389.20241800103884
5  81.0  578.02296871072167
6  83.0  513.4224640307699
1  90.333333333333329  379.71994527004398
2  86.666666666666671  311.98561469883481
3  81.666666666666671  472.37106565898296
4  75.0  607.95002284387135
5  79.0  636.6937188214888
6  78.0  633.0127464015826
1  92.0  311.09643150713123
2  77.333333333333329  453.28745763533902
3  84.666666666666671  441.44676864572398
4  86.0  412.64611219336422
5  77.333333333333329  502.46620140150355
6  76.0  495.37066807950919
1  89.333333333333329  319.86543981440036
2  85.0  403.38232770546074
3  82.333333333333329  523.6333928057179
4  76.666666666666671  647.18251182356687
5  81.666666666666671  485.61662521421221
6  76.333333333333329  671.25535110239093
1  87.666666666666671  253.66990228525307
2  79.333333333333329  616.17283082988217
3  83.333333333333329  478.88976428052717
4  77.333333333333329  581.93980409148355
5  84.333333333333329  408.76312168602766
6  84.0  508.96820024047281
1  91.333333333333329  329.28939708077615
2  86.0  436.57394038628405
3  82.333333333333329  530.06701211254244
4  90.666666666666671  304.93414021925304
5  83.666666666666671  422.32842543748296
6  81.666666666666671  478.58912863000813
1  87.666666666666671  407.73052932595226
2  87.666666666666671  400.0409692892573
3  85.0  393.52709509247092
4  69.0  789.64619114248922
5  79.666666666666671  519.76228583882676
6  78.666666666666671  578.43002799424585
1  90.0  299.84178285720293
2  84.0  336.72111977894093
3  83.666666666666671  422.10753514334999
4  68.0  612.12003322451142
5  75.0  575.39223869153807
6  80.333333333333329  501.52452035618165
1  90.0  291.20601376515111
2  87.333333333333329  431.99069120986388
3  87.0  491.54282009440749
4  75.333333333333329  717.28841188950867
5  86.0  389.45729040048013
6  73.666666666666671  653.10649913038287
1  89.666666666666671  344.9015090931556
2  85.666666666666671  436.76953029432912
3  83.0  376.60578784779995
4  87.333333333333329  402.99842578252509
5  88.333333333333329  357.90188320979757
6  74.666666666666671  655.88179959087427
1  87.0  359.68513170417657
2  91.666666666666671  311.68307233614752
3  79.0  627.75250349459179
4  83.333333333333329  428.80903155776048
5  74.0  593.71208702478918
6  84.333333333333329  400.8662628017205
1  91.0  311.74515675384163
2  87.333333333333329  489.02225181010425
3  83.333333333333329  473.03437718638901
4  76.666666666666671  502.07278743418368
5  83.0  416.62099464134815
6  80.333333333333329  555.06388344982315
1  91.333333333333329  296.38313663639906
2  79.666666666666671  523.55364530087331
3  78.0  615.98010470974816
4  79.333333333333329  523.96369246387508
5  84.666666666666671  477.75708369877839
6  77.0  597.10203261297522
1  92.333333333333329  234.68776678108631
2  82.333333333333329  361.86723289285669
3  81.333333333333329  629.62482495071617
4  85.333333333333329  362.8382924680206
5  73.333333333333329  541.32857593132087
6  81.666666666666671  510.75848564712874
1  92.0  292.01411366745424
2  88.0  327.88021750963509
3  81.666666666666671  459.82168426123195
4  74.666666666666671  477.70735892434828
5  85.0  482.61241600929992
6  77.666666666666671  484.58464837071614
1  83.666666666666671  312.71235625944797
2  87.666666666666671  398.67221795671981
3  80.666666666666671  367.52390726834903
4  77.0  674.46135495247029
5  84.0  471.56028978227084
6  82.666666666666671  476.888428794552
1  87.0  345.50346895525917
2  78.666666666666671  410.75859226994697
3  84.666666666666671  463.73773072019515
4  73.333333333333329  533.97276371686723
5  80.333333333333329  511.83428924095864
6  79.0  358.84323334375284
