10  73.0  385.04618336807857
15  76.666666666666671  417.27710677004563
20  89.333333333333329  304.93844658653796
25  96.333333333333329  239.48092344754428
30  95.0  310.75731327292726
35  96.0  291.57611822965526
40  93.0  339.56613044709883
45  91.666666666666671  385.19922522936014
50  97.666666666666671  219.73964560429457
10  52.666666666666664  397.82779394374251
15  86.0  374.4799868137826
20  76.666666666666671  567.89623264662953
25  91.0  362.2172028062102
30  92.333333333333329  337.18878487690205
35  83.0  528.4437428755158
40  91.0  439.36087542840903
45  96.333333333333329  278.52724047679396
50  97.333333333333329  263.07350249950389
10  59.666666666666664  388.82386891914854
15  72.666666666666671  417.18911739735233
20  90.0  322.41118428507588
25  84.0  456.95706429335542
30  80.0  605.92433582054082
35  94.333333333333329  343.04162052447305
40  88.333333333333329  464.08442663862661
45  93.333333333333329  352.54639733727714
50  96.333333333333329  289.07755279299738
10  66.333333333333329  409.4764178423892
15  82.0  357.36108122055896
20  87.333333333333329  356.69810553482404
25  79.333333333333329  452.9009223859984
30  91.666666666666671  348.55987214411044
35  88.333333333333329  459.47104872692341
40  90.666666666666671  413.8655811354509
45  93.333333333333329  358.80350124850332
50  96.666666666666671  262.06973650159438
10  73.333333333333329  382.90851085010701
15  74.333333333333329  500.55034365125192
20  75.666666666666671  595.08832626930348
25  88.0  378.28042165586845
30  91.666666666666671  371.25515757415053
35  95.666666666666671  287.2432290236913
40  92.666666666666671  364.76487005462428
45  97.333333333333329  273.84042452264384
50  98.666666666666671  194.53252070044456
10  71.666666666666671  367.18646628605723
15  73.666666666666671  469.88524936792072
20  85.666666666666671  386.72050293699499
25  72.333333333333329  613.6866669051476
30  85.0  497.10019369542709
35  95.333333333333329  308.70315906778956
40  90.0  393.11046510294557
45  90.0  443.3339548311838
50  94.0  317.75261842783573
10  65.666666666666671  359.03308887969268
15  71.666666666666671  424.54212368586155
20  84.0  395.53341801632632
25  87.666666666666671  396.01148958527392
30  90.0  428.06598426644149
35  92.333333333333329  394.04384804468725
40  95.333333333333329  288.00754760803102
45  98.0  232.72452303715221
50  94.0  330.06654166922931
10  68.666666666666671  425.23993881355364
15  71.0  483.77672191981054
20  88.0  373.28983221055927
25  88.666666666666671  378.03245107677225
30  90.666666666666671  388.8884764629517
35  86.666666666666671  492.28583317400575
40  91.333333333333329  364.40134660661909
45  95.333333333333329  271.72723022802921
50  96.666666666666671  256.57773039172133
10  68.0  416.83236214805714
15  78.333333333333329  458.79305890596538
20  89.666666666666671  377.9274646214277
25  93.0  318.65262944155904
30  86.0  473.31803213205416
35  93.666666666666671  334.27821771166401
40  90.333333333333329  422.89887634741842
45  96.333333333333329  287.54614914561409
50  93.0  369.93252913777849
10  58.0  365.80420769242397
15  72.666666666666671  473.41299587656067
20  81.333333333333329  448.48470048429357
25  87.333333333333329  440.71327708668957
30  85.333333333333329  513.88089377054189
35  88.0  488.96199299377423
40  95.333333333333329  324.76032168253352
45  94.0  317.12829415717766
50  97.333333333333329  246.88259921508865
10  72.333333333333329  370.91106199603934
15  86.333333333333329  349.82381258765616
20  92.666666666666671  267.29838032827837
25  89.0  399.46629355523964
30  93.0  345.32095471063025
35  91.333333333333329  413.9825335479743
40  87.333333333333329  493.14398020398255
45  91.333333333333329  394.10467786361158
50  91.666666666666671  348.46134105280589
10  69.0  458.49280668099971
15  62.333333333333336  607.25269432194216
20  91.333333333333329  298.0972175193873
25  91.0  404.22381346406502
30  84.333333333333329  534.2760578357512
35  92.0  379.28411459570032
40  95.0  310.33029560444351
45  87.666666666666671  508.56687708081222
50  94.666666666666671  313.37703566463449
10  90.333333333333329  260.47335932062549
15  76.0  464.30962077743698
20  91.333333333333329  350.42229633660094
25  74.0  630.32399769453582
30  84.333333333333329  474.0848813746112
35  95.666666666666671  291.2433297742835
40  93.333333333333329  356.33486850029152
45  96.666666666666671  298.70952984552429
50  96.666666666666671  234.6716487750756
10  76.333333333333329  366.35684196512472
15  80.666666666666671  418.62100286611087
20  88.333333333333329  366.59698440317817
25  94.0  281.92819382113919
30  96.0  292.07251204824718
35  97.0  266.51860479518172
40  94.0  315.10244455218378
45  95.666666666666671  293.54333747943809
50  91.333333333333329  393.7624875191521
10  62.333333333333336  478.98698001649439
15  86.333333333333329  360.23093675656054
20  88.0  338.20423535125303
25  82.333333333333329  520.06815488431369
30  83.333333333333329  506.15378685902635
35  90.333333333333329  393.09986775348466
40  90.0  420.1229651986132
45  96.333333333333329  270.99961716862413
50  97.0  283.10406466661522
10  67.333333333333329  406.59071320310335
15  69.333333333333329  394.14579483260087
20  76.666666666666671  527.09638086796986
25  72.333333333333329  492.04801379448929
30  94.333333333333329  304.76918984559433
35  96.666666666666671  265.30380522637819
40  92.0  356.88607986877003
45  90.333333333333329  424.47818454263694
50  90.333333333333329  435.96628886159669
10  86.0  259.98580215340922
15  81.0  392.00328104453047
20  90.333333333333329  304.01673846965065
25  92.0  377.71961848796968
30  94.0  328.81689899603617
35  96.0  278.89687254862838
40  92.666666666666671  352.35322592490934
45  90.333333333333329  402.86351930775072
50  93.666666666666671  348.38675972467382
10  80.0  316.74793009066059
15  87.666666666666671  335.28303476247766
20  90.333333333333329  340.02874270071192
25  77.666666666666671  608.5288758283134
30  90.666666666666671  377.46301412502078
35  87.333333333333329  501.6422184541392
40  91.666666666666671  392.37246561315862
45  92.333333333333329  374.72127425933866
50  95.0  304.13649001164833
10  77.0  383.16819757396962
15  86.666666666666671  323.16515790216772
20  85.333333333333329  398.29024712973626
25  76.333333333333329  560.18787024503911
30  92.0  340.21228818100849
35  94.333333333333329  317.76968661575648
40  92.333333333333329  372.55913931833851
45  89.666666666666671  424.97503006773366
50  97.0  267.47674894361023
10  56.666666666666664  470.9973715481193
15  71.0  524.11792571205137
20  92.333333333333329  299.37711208043413
25  87.333333333333329  385.11765561154368
30  87.0  442.81675382719925
35  90.0  429.25641079715632
40  99.666666666666671  192.20334488725939
45  94.333333333333329  320.86584520325846
50  98.0  245.72512606115723
10  63.0  348.42184764938474
15  91.666666666666671  277.30483413729047
20  83.333333333333329  466.36709384759655
25  85.333333333333329  434.20688516913754
30  92.666666666666671  362.36131946057367
35  89.0  392.55793718059857
40  97.333333333333329  215.23783235074558
45  95.0  286.53304015251564
50  93.666666666666671  336.4761288217681
10  80.666666666666671  370.7704924760813
15  91.333333333333329  323.53288560396351
20  89.333333333333329  349.9273466834793
25  84.0  442.51700356893923
30  93.0  361.49642945672468
35  95.666666666666671  313.2163082610042
40  93.666666666666671  349.1375670921762
45  96.666666666666671  251.75616243704746
50  91.666666666666671  386.83159938380828
10  77.0  340.02098274890693
15  74.333333333333329  412.8226129034681
20  94.0  331.2779967652059
25  93.0  330.07309101793783
30  86.666666666666671  523.53400944083216
35  82.0  657.53139099422401
40  92.333333333333329  352.13495497007688
45  88.0  461.95207296522148
50  91.333333333333329  376.00913766786215
10  73.0  416.36702632454109
15  76.333333333333329  474.71117017412092
20  86.666666666666671  381.08600179829546
25  78.666666666666671  595.19541462683026
30  76.666666666666671  666.72764507447721
35  89.333333333333329  447.18357483978548
40  93.333333333333329  339.86714388179792
45  96.666666666666671  263.48036608415606
50  90.666666666666671  421.69711110909356
10  79.666666666666671  344.42577497227552
15  80.0  440.76399312995193
20  81.0  440.44328469595314
25  78.666666666666671  540.9633762726678
30  94.333333333333329  313.42297438247965
35  86.666666666666671  500.76557967356155
40  90.333333333333329  385.9761552164411
45  94.0  375.13136035901994
50  91.333333333333329  374.34274071847432
10  78.666666666666671  360.78070821834609
15  71.333333333333329  505.31522192295131
20  81.333333333333329  482.59118010621665
25  93.333333333333329  312.86954489055017
30  91.666666666666671  361.83771337827102
35  91.0  315.25886800154933
40  96.0  273.05957096013304
45  94.333333333333329  318.94370122321351
50  98.333333333333329  237.10658338427447
10  66.333333333333329  422.45897058453932
15  68.333333333333329  466.47893488190095
20  79.666666666666671  477.52272484150365
25  86.666666666666671  370.71388475515232
30  97.333333333333329  237.55217436604957
35  96.0  250.82341658710854
40  92.666666666666671  378.0294051096709
45  96.333333333333329  258.70557102707249
50  93.0  347.69963752129206
10  85.666666666666671  285.96754172765577
15  78.666666666666671  412.17225986292834
20  85.333333333333329  409.79791145813198
25  87.333333333333329  426.02630083401885
30  84.666666666666671  457.92695433014694
35  90.333333333333329  415.51636419132029
40  92.333333333333329  348.98457889068845
45  92.333333333333329  352.41761239936631
50  98.0  249.00691413403575
10  79.0  311.5907604008234
15  82.333333333333329  382.40382953541933
20  84.666666666666671  455.92409930214706
25  80.666666666666671  498.46352669436374
30  87.666666666666671  444.80863100923062
35  90.666666666666671  385.65694197195296
40  93.0  375.7569739695312
45  94.0  341.06425973266926
50  96.333333333333329  268.32245028011477
10  70.666666666666671  387.28981513913277
15  67.0  578.38428588505133
20  88.333333333333329  388.80328625046025
25  91.666666666666671  379.06075648602484
30  88.666666666666671  400.52633528202227
35  98.333333333333329  261.65175650167106
40  92.0  367.00847807373475
45  91.0  364.88956917335645
50  96.333333333333329  258.02428470820576
10  78.0  338.24777489378022
15  83.666666666666671  369.49402571448354
20  88.333333333333329  372.09712344447979
25  86.0  440.24860413964075
30  97.666666666666671  271.39903114169107
35  90.333333333333329  416.50948903198992
40  90.666666666666671  402.8487417851353
45  94.0  329.43801999631017
50  90.666666666666671  414.48981945837193
10  84.333333333333329  274.4860159238371
15  76.333333333333329  458.14448355955346
20  77.333333333333329  430.49047629575222
25  86.0  434.06565038985605
30  94.0  323.61626044117952
35  86.333333333333329  499.42655777021355
40  92.0  391.95251142530657
45  92.666666666666671  326.5907276320915
50  91.333333333333329  389.80700090459669
10  87.0  311.40244484378292
15  77.0  440.21126082305688
20  80.0  426.88535701400821
25  90.0  366.64935799178784
30  80.0  511.63478269389566
35  95.333333333333329  285.26693809193966
40  91.666666666666671  385.86802824329249
45  97.333333333333329  269.6889194598503
50  98.666666666666671  236.36123299559415
10  80.0  324.70307797850631
15  79.333333333333329  476.0208348724708
20  73.0  505.80015640618956
25  82.333333333333329  526.7230628713794
30  84.333333333333329  564.21330357178124
35  88.666666666666671  487.03984527341254
40  87.0  525.12594659983552
45  94.333333333333329  327.0133727000553
50  97.333333333333329  266.98417616639648
10  55.666666666666664  456.0464663870776
15  75.666666666666671  475.88464682023573
20  79.666666666666671  441.59184669791301
25  89.666666666666671  406.24371261488091
30  89.0  449.86708424564881
35  89.0  454.49544855667648
40  92.0  377.70974477567455
45  93.333333333333329  316.09885128626144
50  99.0  217.42763224886824
10  85.333333333333329  364.46805065028826
15  62.333333333333336  427.7419129184903
20  89.0  318.2510715229073
25  87.666666666666671  443.58187138178619
30  90.333333333333329  355.85274000504654
35  93.666666666666671  326.83675230232308
40  94.333333333333329  347.90159890537467
45  87.333333333333329  488.00875105945522
50  98.333333333333329  225.13391325637161
10  75.666666666666671  383.91731493634222
15  89.0  308.10927783430003
20  96.333333333333329  261.46898967666266
25  87.0  454.69960311961506
30  82.0  534.89915140518212
35  96.0  257.62133413205237
40  93.0  350.38649275450194
45  93.666666666666671  355.87067128769922
50  95.666666666666671  291.1505768590772
10  73.333333333333329  390.48852031936957
15  84.333333333333329  374.58676876235069
20  79.0  498.18718981152978
25  81.333333333333329  493.39051330904744
30  92.333333333333329  400.72981413533216
35  99.0  220.35939006413543
40  86.333333333333329  542.9085948538451
45  94.333333333333329  311.10045521233474
50  95.666666666666671  321.82785023103827
10  80.333333333333329  352.37029602229029
15  66.333333333333329  528.67013490329168
20  91.666666666666671  347.46700968212559
25  87.666666666666671  380.72727338785836
30  75.333333333333329  666.0251691871149
35  99.333333333333329  240.98959350952114
40  94.333333333333329  313.40767814405984
45  92.333333333333329  376.80542637887413
50  96.666666666666671  282.97239639658471
10  56.333333333333336  420.80233589444987
15  77.333333333333329  385.84354664255972
20  85.666666666666671  392.83061804067518
25  80.666666666666671  461.40008534308544
30  81.333333333333329  620.62339513754716
35  88.333333333333329  474.88767413272586
40  91.666666666666671  395.50565410310435
45  97.0  222.9023320284426
50  96.333333333333329  256.75007274413917
10  73.666666666666671  433.21231583124677
15  74.333333333333329  464.53460195271595
20  84.333333333333329  378.97305581660044
25  89.0  356.33068867292832
30  83.333333333333329  571.09066546106988
35  90.0  472.78562424158156
40  95.0  285.30633872333618
45  99.333333333333329  196.0224863111265
50  94.0  368.38919367845597
10  76.666666666666671  300.7104355003471
15  78.666666666666671  379.53044147816883
20  92.333333333333329  316.29082590294718
25  81.0  551.97312395424206
30  89.666666666666671  413.76049204394246
35  87.0  519.15285290715474
40  93.666666666666671  332.31732852577369
45  92.666666666666671  375.21790867672973
50  99.0  239.00723177851307
10  68.666666666666671  419.23525133774939
15  77.333333333333329  420.89477969084845
20  76.666666666666671  458.02736159445681
25  89.666666666666671  372.32090927977561
30  87.0  443.45813364888005
35  94.0  308.65788376576853
40  91.666666666666671  356.60705997433593
45  94.333333333333329  329.79372855149467
50  95.333333333333329  332.6311884441904
10  82.0  351.78254880415267
15  74.333333333333329  501.1560918063833
20  86.333333333333329  420.34620745455504
25  87.333333333333329  371.23714903811913
30  96.333333333333329  262.53121449050951
35  90.0  410.96665274273352
40  93.0  363.01662767582218
45  94.0  339.82371774561744
50  94.0  303.63455702535077
10  61.666666666666664  498.99169378978513
15  79.666666666666671  384.93094122741775
20  89.0  356.9700285615711
25  82.0  527.19922291558112
30  91.333333333333329  353.43268939068162
35  93.0  329.76429654120511
40  90.666666666666671  390.61518611710437
45  93.0  381.4523290617293
50  95.666666666666671  292.57316807727045
10  62.0  516.35464315479624
15  72.666666666666671  434.41777772659412
20  88.333333333333329  396.08096658015216
25  79.333333333333329  533.15724933774482
30  94.333333333333329  329.61774113809241
35  89.666666666666671  429.36558009805424
40  89.333333333333329  471.25097382280819
45  94.666666666666671  310.27155750975709
50  97.666666666666671  249.58484597325361
10  71.0  350.72660807184485
15  88.333333333333329  300.02585610679984
20  69.0  519.95160965671448
25  86.666666666666671  444.43280975227719
30  87.666666666666671  452.3116949742336
35  89.666666666666671  437.12024001178116
40  97.333333333333329  268.21215316659067
45  97.666666666666671  256.45053200698356
50  95.0  287.88910176756491
10  62.666666666666664  444.75216170071371
15  83.333333333333329  378.88426566337284
20  79.666666666666671  484.43432719349261
25  90.333333333333329  399.38588435278558
30  86.666666666666671  454.46323611931541
35  91.666666666666671  396.18153320507082
40  92.0  403.48425999016877
45  92.0  382.1104815981318
50  97.333333333333329  249.55213912541817
10  66.666666666666671  370.97978799010104
15  83.333333333333329  403.79206880019052
20  77.0  485.33676697925262
25  79.0  493.59642113690882
30  90.0  387.94868509130299
35  97.0  276.2241829871146
40  90.0  433.96482310039954
45  94.666666666666671  338.77490639948962
50  95.333333333333329  275.75650150049233
10  44.666666666666664  514.24330714010352
15  71.0  518.43268912201631
20  93.0  301.81583965242095
25  75.333333333333329  606.64000961762213
30  97.333333333333329  242.92353883430096
35  91.666666666666671  355.98555897676977
40  91.666666666666671  400.51708367169607
45  86.0  523.44576815000687
50  94.333333333333329  339.24678950590476
10  76.666666666666671  333.19523515219652
15  76.0  464.29000731962867
20  89.333333333333329  356.32062439847334
25  85.333333333333329  491.33948976584367
30  92.666666666666671  328.56341328809089
35  84.333333333333329  566.58783550272699
40  91.0  408.92884200081096
45  90.0  441.40643235027301
50  97.0  234.92620186544511
10  75.0  339.23714585624992
15  66.666666666666671  486.57893935756704
20  71.666666666666671  520.62281545998962
25  90.333333333333329  377.25841312887786
30  96.0  297.03592672572523
35  90.333333333333329  399.7788988002543
40  94.333333333333329  296.20995539027325
45  93.0  366.05796925251246
50  95.666666666666671  289.97856895554088
10  61.666666666666664  405.46541685829993
15  78.666666666666671  451.10895136033008
20  80.666666666666671  496.97251820870468
25  78.666666666666671  602.95369774945846
30  95.666666666666671  284.81542028897593
35  88.666666666666671  481.06264865260732
40  92.0  387.729802814685
45  88.666666666666671  426.04662009601816
50  93.0  358.87271505020948
10  63.333333333333336  429.14880966206039
15  67.666666666666671  491.99363475236015
20  72.666666666666671  495.71044998373696
25  79.666666666666671  490.01318443819451
30  94.333333333333329  283.41819068452668
35  92.333333333333329  372.74270103398362
40  91.333333333333329  413.59574404285792
45  95.666666666666671  308.13266454998586
50  97.333333333333329  257.25464890421972
10  64.666666666666671  395.75551538716547
15  82.333333333333329  396.6774621455163
20  84.333333333333329  443.00877608930153
25  86.333333333333329  493.88559152463324
30  92.0  333.2264999411795
35  91.0  382.36520332712587
40  94.0  307.59562034579318
45  90.666666666666671  415.41592308819094
50  93.333333333333329  368.48313662169448
10  72.666666666666671  388.20510617661051
15  72.333333333333329  497.17824744204734
20  82.333333333333329  482.2262203796306
25  89.666666666666671  405.09164893190001
30  86.666666666666671  499.05235163104874
35  91.666666666666671  360.58545808315375
40  96.0  310.72169907705427
45  86.0  530.67072735575493
50  93.666666666666671  327.79568886576334
10  74.333333333333329  390.14252075382961
15  88.666666666666671  341.85382800066895
20  95.666666666666671  256.66650421003959
25  82.0  424.08840227466709
30  88.333333333333329  429.10921100654969
35  95.666666666666671  287.44157480382518
40  93.0  353.83310774462643
45  96.666666666666671  281.3573264057348
50  92.0  370.60432127837333
10  77.666666666666671  310.02401645984912
15  73.333333333333329  419.55312534993772
20  92.333333333333329  306.37727841328331
25  89.666666666666671  398.84813470249713
30  84.666666666666671  443.34870646034619
35  85.333333333333329  496.82630906802018
40  92.333333333333329  334.80802993925391
45  94.666666666666671  317.6383167053778
50  94.333333333333329  318.26504503297923
10  76.666666666666671  373.02902280083873
15  84.333333333333329  354.02649909282241
20  76.666666666666671  500.86289605768985
25  87.0  444.66826444337903
30  85.333333333333329  523.17728009808172
35  92.0  366.89621880273239
40  95.0  320.10412542116228
45  94.333333333333329  329.64185005368273
50  93.333333333333329  349.9866491818176
10  77.0  300.66407453533196
15  88.0  297.127069936721
20  76.333333333333329  452.48244501167483
25  88.333333333333329  382.98646811492318
30  86.333333333333329  441.74726380239906
35  91.333333333333329  389.96088708140212
40  81.666666666666671  606.85623971524376
45  93.666666666666671  351.03390420586061
50  94.666666666666671  322.06596199997233
10  54.0  525.40313850973928
15  78.666666666666671  455.50199505468123
20  83.0  387.70660500781781
25  86.333333333333329  440.47462500868949
30  89.0  426.27889227148233
35  87.666666666666671  500.31122719628343
40  93.333333333333329  317.5718141412807
45  94.0  315.8733488570075
50  95.666666666666671  294.37536505224728
10  73.666666666666671  392.71513358940729
15  75.666666666666671  463.48249975262723
20  83.666666666666671  380.12389236584949
25  90.0  362.11562051627408
30  87.0  458.68191618357224
35  92.666666666666671  350.067372002865
40  90.333333333333329  431.06952414714175
45  90.666666666666671  395.24435014018445
50  99.333333333333329  184.63696636635493
10  75.333333333333329  382.97333551088877
15  84.0  377.70087703771856
20  89.333333333333329  372.89980850804045
25  83.333333333333329  484.82931189683893
30  76.666666666666671  749.00272033673559
35  90.333333333333329  404.12924119264386
40  96.666666666666671  292.22376385012473
45  97.0  266.64338132143325
50  96.666666666666671  250.92766448308242
10  60.0  468.83259570063501
15  75.0  461.67006076999229
20  80.0  455.07811996879099
25  90.0  353.16269159261805
30  82.333333333333329  556.42148286100462
35  89.666666666666671  410.59472571757891
40  89.0  459.89321245507654
45  93.666666666666671  355.65269404125661
50  94.333333333333329  334.77122442465043
10  65.0  419.23650868233233
15  79.0  405.70640017465297
20  88.666666666666671  419.86618704820529
25  91.333333333333329  365.51636746024502
30  84.0  559.29989737662379
35  96.0  271.48223384229573
40  86.666666666666671  446.57861002459146
45  94.666666666666671  340.27416136158371
50  95.333333333333329  287.72980301030543
10  59.0  508.37106174455374
15  69.666666666666671  409.83354770990093
20  91.333333333333329  307.45390017039767
25  89.333333333333329  389.21238766392668
30  85.666666666666671  465.87605590919713
35  86.0  504.48946185788674
40  91.333333333333329  369.55045844844221
45  85.0  543.1074180831132
50  97.333333333333329  243.38511954800643
10  74.666666666666671  368.58660337830986
15  78.666666666666671  419.87776100585802
20  79.0  567.91247154671657
25  94.0  268.8149567517836
30  92.0  369.88083521634275
35  89.666666666666671  457.1612361896876
40  95.0  328.48779234524926
45  93.666666666666671  356.1969882593167
50  97.333333333333329  265.49682249576352
10  56.666666666666664  456.9281449166578
15  77.666666666666671  426.42939463589283
20  86.666666666666671  378.21058456497514
25  86.0  355.35580497740568
30  88.333333333333329  427.56491032433655
35  89.333333333333329  490.91431578086218
40  91.0  402.59410107503481
45  86.0  528.91713363985775
50  96.0  289.75826898454329
10  85.666666666666671  321.66681462413504
15  91.666666666666671  274.60662536128234
20  85.0  411.19317403298857
25  89.666666666666671  338.28899327370704
30  94.0  344.673444998143
35  95.0  284.51988229644473
40  96.0  290.98115646581647
45  93.0  364.7067339003554
50  97.0  248.95569101465333
10  60.333333333333336  408.59413545317022
15  74.333333333333329  395.86512550835778
20  84.666666666666671  419.88233170812708
25  78.0  626.07897322943211
30  90.666666666666671  387.85227503955144
35  94.666666666666671  298.75287313781848
40  97.666666666666671  222.47354186558388
45  95.0  302.8838031277063
50  98.333333333333329  243.79894891062486
10  77.333333333333329  354.76537729805489
15  51.666666666666664  669.71448031986915
20  71.666666666666671  630.85578284043345
25  81.0  476.657121862449
30  83.0  572.51494402206811
35  92.0  381.30388731987182
40  92.666666666666671  367.53711825552972
45  95.0  290.76342730461113
50  88.666666666666671  451.62541496027751
10  74.333333333333329  322.37115917391844
15  69.333333333333329  478.07361811159143
20  83.0  421.70885292101315
25  79.666666666666671  564.82163634773781
30  87.333333333333329  486.86401915243886
35  93.666666666666671  352.80469308607945
40  96.333333333333329  255.77747321614163
45  96.333333333333329  289.80673407771593
50  95.0  311.79435292325655
10  79.666666666666671  339.52186635587134
15  85.0  377.40602896374457
20  90.666666666666671  291.86621065203695
25  84.0  455.33405568942356
30  93.333333333333329  335.76497208225925
35  89.666666666666671  445.11720915020857
40  94.666666666666671  330.90709587486464
45  90.0  452.40958398576396
50  91.666666666666671  379.15844601374306
10  76.333333333333329  333.99296336318855
15  61.333333333333336  600.59984997610889
20  87.666666666666671  335.43944197740484
25  72.333333333333329  687.96581459474044
30  92.0  388.24949709469928
35  89.666666666666671  371.79259241569594
40  90.666666666666671  399.69113248666247
45  93.0  349.30790688452987
50  97.666666666666671  249.05213254084182
10  80.333333333333329  312.16848320662274
15  77.666666666666671  485.81608203633726
20  90.0  350.84577249250282
25  78.0  547.88416896723436
30  81.666666666666671  488.64311640199406
35  82.0  615.99772878221017
40  88.0  505.29046888389689
45  91.0  382.0299757028618
50  94.333333333333329  323.06756859932023
10  69.666666666666671  420.30229560138747
15  71.0  456.61332357845049
20  84.333333333333329  440.00377940139992
25  84.0  506.73379083124041
30  90.333333333333329  396.44151300708819
35  92.0  417.9000083202078
40  94.666666666666671  334.35010985162694
45  98.666666666666671  210.63018965511972
50  95.0  298.65780637185725
10  77.333333333333329  389.12713654678686
15  68.666666666666671  415.43079348635791
20  84.0  445.59322919838036
25  81.0  481.23585656585527
30  90.0  418.96302916701364
35  89.666666666666671  425.83571408572612
40  87.333333333333329  494.61590923608276
45  92.0  393.20175386494117
50  96.0  268.07053315638871
10  81.0  319.5784756602381
15  78.666666666666671  396.34813885282989
20  73.0  519.83741038361006
25  88.0  371.3014328408957
30  90.333333333333329  395.36798503796211
35  88.0  463.02027076057595
40  95.333333333333329  257.60973498121513
45  96.0  285.78225397020589
50  95.0  317.18877627085783
10  66.333333333333329  417.80430421945113
15  72.0  445.3930100655237
20  77.0  475.49105445057972
25  83.333333333333329  446.47092353833193
30  94.666666666666671  275.89423837535742
35  93.333333333333329  345.78685052262136
40  95.0  308.00953455169247
45  90.666666666666671  407.50612747207003
50  94.666666666666671  301.90086603779235
10  59.333333333333336  432.07279616715857
15  74.0  508.56032583664131
20  83.666666666666671  468.0955508734296
25  86.666666666666671  367.82329019127889
30  88.333333333333329  418.83726989693656
35  86.0  533.55614132948688
40  89.666666666666671  412.5739529258081
45  90.333333333333329  442.02312367004077
50  89.0  439.19822619757633
10  59.666666666666664  484.00518508066546
15  70.0  481.10675810062486
20  83.666666666666671  431.13922263330807
25  84.0  496.22234964838816
30  88.666666666666671  478.94025736198188
35  80.333333333333329  665.41601847544382
40  90.333333333333329  437.29470572700706
45  88.333333333333329  523.85440645932624
50  96.666666666666671  288.29147598537037
10  59.0  463.50776053993701
15  85.333333333333329  359.53244616015263
20  88.666666666666671  395.31095628802285
25  91.0  325.74601347834187
30  83.0  559.65851003597891
35  82.0  617.52752625102289
40  95.666666666666671  269.71294504546074
45  87.333333333333329  477.0604764579133
50  99.0  214.73615210136276
10  78.666666666666671  375.19333275146153
15  72.0  476.50912447459791
20  79.333333333333329  441.28310235817099
25  77.0  514.49101567065122
30  99.666666666666671  200.4039876205205
35  96.666666666666671  286.9218459806317
40  96.666666666666671  282.80134071292116
45  94.666666666666671  321.92616082358143
50  96.333333333333329  265.71290416571941
10  59.0  461.20520864600815
15  73.666666666666671  417.08737227188084
20  82.333333333333329  462.90350458991003
25  86.0  406.73914734365076
30  92.333333333333329  352.74178564107933
35  98.333333333333329  254.21626469121534
40  93.0  346.94041878810839
45  89.0  471.40669495278939
50  98.333333333333329  222.09666860373375
10  88.333333333333329  317.01081757281696
15  60.0  578.05288380196441
20  76.666666666666671  509.77138695674591
25  92.666666666666671  363.64886071441839
30  81.333333333333329  600.14729502876003
35  93.333333333333329  359.65337981837877
40  96.333333333333329  273.09788621293518
45  89.333333333333329  433.03832323921858
50  97.333333333333329  237.08797811094817
10  88.333333333333329  266.50796180781668
15  78.333333333333329  401.35509259133676
20  82.0  478.93560413975467
25  91.0  341.40178393252114
30  96.333333333333329  267.94211299556019
35  90.333333333333329  428.58562240074281
40  91.0  408.17017596355095
45  95.333333333333329  319.04560364818587
50  94.333333333333329  326.11863099127959
10  78.0  374.38803866937258
15  80.0  333.15167270336781
20  90.0  352.52208716222634
25  85.0  427.84157436262274
30  87.666666666666671  458.25157497705129
35  91.333333333333329  419.8894575779197
40  87.666666666666671  515.73861080428958
45  91.666666666666671  384.71087620984883
50  92.333333333333329  380.21871285622677
10  45.666666666666664  568.03191166461318
15  90.0  315.43492125948165
20  79.0  488.86829785951551
25  84.666666666666671  425.49683891640086
30  94.0  305.94694056031057
35  92.666666666666671  359.88678225397615
40  96.333333333333329  249.65999006086213
45  91.666666666666671  376.88602564919705
50  97.333333333333329  256.62615921288199
10  65.333333333333329  367.81942268806932
15  69.666666666666671  500.36406031965424
20  76.0  456.26225391415778
25  88.666666666666671  430.84855827322764
30  85.333333333333329  546.01604168974109
35  95.0  293.6167072525468
40  95.666666666666671  290.80983310031087
45  92.0  380.1833983613912
50  94.666666666666671  318.41549643561666
10  60.666666666666664  412.60540672554225
15  76.333333333333329  446.54620409087931
20  85.333333333333329  427.59428634258438
25  89.666666666666671  341.47636073241472
30  92.666666666666671  339.79317643332894
35  93.666666666666671  338.33538185778008
40  89.333333333333329  454.30080635026394
45  88.333333333333329  448.51661301598347
50  93.333333333333329  337.57053239990483
10  56.666666666666664  485.76297938107092
15  64.666666666666671  555.81557824668641
20  86.333333333333329  363.01258333677345
25  83.333333333333329  510.28773342117108
30  85.333333333333329  539.66487833324152
35  87.0  376.97285206421634
40  92.0  350.0594471069943
45  96.666666666666671  253.24503801499591
50  96.666666666666671  263.03032542424347
10  78.0  351.71067090970513
15  81.333333333333329  414.88832088870618
20  81.333333333333329  451.55080549141195
25  89.0  394.25018153752018
30  91.333333333333329  376.14229821629453
35  87.0  513.84255367817002
40  82.333333333333329  639.5378948390188
45  92.333333333333329  370.58704195844138
50  95.333333333333329  301.295469624558
10  52.0  501.35640854122829
15  77.666666666666671  393.19714193358612
20  93.333333333333329  264.92437243639688
25  86.0  448.18550380132751
30  95.0  316.79246072587415
35  94.0  329.60112604913382
40  92.666666666666671  361.41961221086575
45  97.0  265.49841041850084
50  90.333333333333329  427.18028983933772
10  58.333333333333336  515.19848497130852
15  71.666666666666671  522.38619795557292
20  86.0  438.75869182537451
25  88.333333333333329  464.09451290132506
30  90.333333333333329  403.54331246391911
35  83.666666666666671  587.10391800169452
40  93.0  369.95078887959397
45  97.0  245.9347112780838
50  93.666666666666671  341.42836764906031
10  86.666666666666671  298.55577283751148
15  86.333333333333329  325.83074498165439
20  77.666666666666671  564.86442695213782
25  86.0  334.98621984608457
30  97.333333333333329  278.9091887431677
35  96.666666666666671  275.01886229737369
40  91.666666666666671  420.17512916080375
45  91.333333333333329  402.78659094183729
50  92.666666666666671  354.72185710281519
10  79.333333333333329  331.34616389258696
15  85.666666666666671  382.19561819202369
20  77.666666666666671  518.18987130750668
25  92.333333333333329  311.65192643775617
30  87.333333333333329  444.41157008650504
35  87.0  525.35083499196674
40  92.333333333333329  385.93022394762454
45  97.0  275.25200083295789
50  96.0  270.98353163545954
10  86.0  284.97194629364139
15  86.0  307.79840691116067
20  84.333333333333329  427.66921732004363
25  91.333333333333329  352.59118174953608
30  79.666666666666671  648.59156280124705
35  89.0  438.43219931725696
40  89.666666666666671  421.18413043026999
45  92.0  361.93626644400706
50  96.333333333333329  274.06375487799767
10  88.666666666666671  296.83409826287357
15  83.333333333333329  412.43957434792151
20  77.333333333333329  444.20712807846525
25  87.0  443.57849328659989
30  94.0  339.12194440053401
35  89.333333333333329  455.08386707419373
40  87.0  452.9811706971376
45  94.0  331.10101906114284
50  89.333333333333329  464.92974927109111
10  79.666666666666671  375.5981782060814
15  65.333333333333329  547.77127233513397
20  92.333333333333329  292.48885229679212
25  91.333333333333329  329.8480856144717
30  94.666666666666671  342.57756918093077
35  93.666666666666671  331.4816516393509
40  98.0  258.47676204597542
45  90.666666666666671  398.37620884009362
50  92.333333333333329  385.78141826826572
10  62.666666666666664  466.56367971754213
15  63.666666666666664  602.14877745380886
20  74.333333333333329  536.06200704469552
25  76.666666666666671  611.17675737904699
30  86.333333333333329  509.83529035035622
35  86.666666666666671  536.42610710899976
40  89.0  423.87950763380945
45  92.666666666666671  360.97339196316636
50  91.0  411.18213643623449
