0.0  53.333333333333336  446.69839715438974
0.1  75.666666666666671  339.83011833678034
0.2  70.0  348.01997517251237
0.3  51.0  345.06124850582341
0.4  66.333333333333329  388.7093225364153
0.5  70.333333333333329  404.95645880305534
0.6  73.333333333333329  365.34325868710454
0.7  62.333333333333336  325.20508281433382
0.8  55.666666666666664  483.50300141573302
0.9  71.666666666666671  353.91057463678123
1.0  78.666666666666671  325.09774322399204
0.0  68.666666666666671  470.12062692331767
0.1  58.0  395.80418976484202
0.2  42.0  485.65240589650023
0.3  78.666666666666671  291.56066404440321
0.4  69.666666666666671  264.88687326756821
0.5  64.0  358.30860625147227
0.6  63.333333333333336  399.44872791893295
0.7  55.666666666666664  433.7367971353442
0.8  51.333333333333336  465.48313107046295
0.9  69.666666666666671  442.87228677306803
1.0  76.666666666666671  284.36246140928046
0.0  75.333333333333329  318.79372346900868
0.1  75.666666666666671  328.37889524438356
0.2  55.333333333333336  392.76920138864739
0.3  76.0  361.05842914745784
0.4  67.666666666666671  328.36909528748731
0.5  59.0  495.27665360082165
0.6  78.0  309.56403043473892
0.7  77.0  378.38641280798231
0.8  50.333333333333336  494.67977991166669
0.9  70.0  393.73921577645103
1.0  75.0  419.67760918757023
0.0  56.0  358.91763805776196
0.1  61.333333333333336  479.04575781059759
0.2  73.666666666666671  354.55294753659024
0.3  72.0  446.27116488327931
0.4  87.333333333333329  308.82756604957927
0.5  52.666666666666664  437.49043929322795
0.6  57.666666666666664  453.20176848443708
0.7  76.0  276.17051215448345
0.8  67.0  418.68438218629063
0.9  57.666666666666664  450.27078983066008
1.0  65.666666666666671  427.36089165404462
0.0  53.666666666666664  464.6311687185954
0.1  60.666666666666664  423.68002233001368
0.2  39.0  525.29279316139252
0.3  69.0  404.44918104730976
0.4  69.666666666666671  350.08973066357981
0.5  51.0  517.57283902853942
0.6  42.0  532.03476748780395
0.7  62.666666666666664  431.0951315634909
0.8  51.666666666666664  470.46795581773972
0.9  56.666666666666664  445.76106298845826
1.0  64.666666666666671  373.20570452031848
0.0  53.666666666666664  465.71339101530714
0.1  58.333333333333336  445.45741439031735
0.2  66.666666666666671  405.82798586002184
0.3  43.333333333333336  549.27413062011874
0.4  67.333333333333329  327.69905176215821
0.5  71.0  397.39525616025378
0.6  49.333333333333336  490.94939977437298
0.7  59.333333333333336  365.46059291408028
0.8  61.0  338.75096637610852
0.9  72.0  396.65643063181449
1.0  65.666666666666671  383.99804218455051
0.0  42.0  592.36104136851031
0.1  63.333333333333336  420.5154862312869
0.2  83.0  292.86748205669841
0.3  79.0  354.08129787754405
0.4  64.333333333333329  363.26979116897775
0.5  43.666666666666664  469.8207769079653
0.6  56.333333333333336  474.38506090380366
0.7  73.333333333333329  430.37214123209105
0.8  70.666666666666671  291.351596662764
0.9  66.666666666666671  393.21820597257465
1.0  59.0  453.34156017624161
0.0  54.0  509.15625431014905
0.1  34.666666666666664  259.81891389037554
0.2  71.0  426.5733334608189
0.3  68.0  318.77072080269812
0.4  49.666666666666664  441.57446368962309
0.5  58.666666666666664  488.98340967710141
0.6  69.333333333333329  411.05644478982958
0.7  56.333333333333336  428.77776104982064
0.8  76.0  360.80455421112555
0.9  68.333333333333329  449.54269252319676
1.0  62.666666666666664  262.63140370534853
0.0  67.333333333333329  407.95287806637936
0.1  56.666666666666664  398.50762523258709
0.2  67.333333333333329  392.08068798494259
0.3  68.333333333333329  347.69848376589334
0.4  59.0  398.60734591958311
0.5  71.0  349.76406044279304
0.6  61.0  433.37796427617536
0.7  75.333333333333329  360.99621326601601
0.8  61.666666666666664  434.45738952343532
0.9  56.666666666666664  471.32495046523786
1.0  61.333333333333336  398.95739754803856
0.0  60.0  383.93839152476176
0.1  40.666666666666664  471.51010259306798
0.2  56.666666666666664  348.79905554195653
0.3  60.333333333333336  411.93691153661655
0.4  64.666666666666671  432.68330395827564
0.5  79.333333333333329  279.82852755423249
0.6  40.0  514.0133734053951
0.7  51.333333333333336  444.59135564983364
0.8  76.666666666666671  313.95451271520005
0.9  69.666666666666671  462.16730056064972
1.0  63.333333333333336  399.34985494901542
0.0  54.333333333333336  380.42388177313762
0.1  76.0  353.16115702446291
0.2  52.333333333333336  484.39999278044291
0.3  66.666666666666671  415.35650000453683
0.4  60.333333333333336  447.506260394408
0.5  70.333333333333329  398.65268075601915
0.6  68.333333333333329  418.55370382604195
0.7  72.333333333333329  298.43841695187893
0.8  63.0  413.59209824346402
0.9  58.0  458.01608420278552
1.0  67.666666666666671  462.16027991334443
0.0  54.333333333333336  471.26815499954949
0.1  63.0  412.19193414594622
0.2  56.0  423.43821375649884
0.3  93.333333333333329  270.51166039965977
0.4  57.666666666666664  438.05608117950737
0.5  60.333333333333336  388.37834797693222
0.6  67.333333333333329  434.4361247634946
0.7  72.333333333333329  333.01790542473691
0.8  65.666666666666671  389.52761332483288
0.9  46.666666666666664  557.48656563935765
1.0  60.0  382.95463370843891
0.0  34.0  627.66841403966396
0.1  31.333333333333332  537.15245073760559
0.2  34.0  547.79978068140645
0.3  52.333333333333336  434.36346790919686
0.4  72.0  380.24465694896207
0.5  58.333333333333336  425.76577811681352
0.6  79.333333333333329  298.69665673531807
0.7  55.0  503.89423662933461
0.8  62.333333333333336  429.52444180073746
0.9  71.666666666666671  413.62281108509706
1.0  49.666666666666664  581.83433133146445
0.0  62.0  354.86572066273538
0.1  38.333333333333336  473.69965970685593
0.2  49.666666666666664  429.89771153700889
0.3  48.666666666666664  380.73961043339858
0.4  58.333333333333336  440.2521359477476
0.5  71.0  306.58048439256663
0.6  69.333333333333329  386.15683735386341
0.7  85.333333333333329  320.91550889894705
0.8  81.666666666666671  312.41526749988037
0.9  81.0  263.43075632637232
1.0  44.666666666666664  450.19308962653224
0.0  42.0  396.7676829215622
0.1  45.666666666666664  506.25045564008371
0.2  61.333333333333336  325.39205676657753
0.3  64.333333333333329  440.9458627682572
0.4  78.333333333333329  323.98612987209873
0.5  81.333333333333329  319.27691066751726
0.6  73.666666666666671  398.33609234122162
0.7  62.333333333333336  423.96350033428314
0.8  76.0  334.75216908212673
0.9  74.333333333333329  368.97065903672143
1.0  65.666666666666671  377.95724282042482
0.0  72.0  404.74034110266228
0.1  41.666666666666664  605.70562845900531
0.2  62.333333333333336  353.55429185543153
0.3  51.666666666666664  454.81299529319142
0.4  57.0  474.56429865646032
0.5  68.0  428.53144170409877
0.6  66.333333333333329  427.48801670266374
0.7  62.333333333333336  491.60299395292105
0.8  66.333333333333329  451.21346203217723
0.9  50.666666666666664  375.63837519329968
1.0  76.666666666666671  408.60285244629864
0.0  47.333333333333336  413.77245266595583
0.1  54.333333333333336  330.30963870837707
0.2  59.333333333333336  375.40900776395779
0.3  66.0  449.72522053936029
0.4  63.0  378.92602762966203
0.5  81.0  285.6976340356897
0.6  45.666666666666664  587.18510830335697
0.7  69.0  289.95425033739446
0.8  60.0  489.21703469531514
0.9  48.333333333333336  466.7541178072467
1.0  49.666666666666664  562.25069716388134
0.0  78.0  314.66714620087436
0.1  76.666666666666671  377.89839664960778
0.2  51.666666666666664  479.82642778497524
0.3  57.333333333333336  379.57479669612377
0.4  58.666666666666664  435.77468070268685
0.5  78.0  312.95670108301704
0.6  65.666666666666671  394.29726188038677
0.7  69.666666666666671  422.53768250418227
0.8  72.666666666666671  328.06437873013368
0.9  58.333333333333336  473.35215482576774
1.0  66.666666666666671  437.83112370599883
0.0  57.333333333333336  439.55900087135325
0.1  55.0  414.27425655275272
0.2  56.0  461.73100266481583
0.3  53.666666666666664  536.89600075499811
0.4  58.333333333333336  450.80914868810305
0.5  55.666666666666664  526.26432590068919
0.6  65.666666666666671  278.1708443494469
0.7  49.333333333333336  484.57047340862653
0.8  75.666666666666671  396.92722443417978
0.9  78.666666666666671  292.08234381924967
1.0  46.333333333333336  563.10868002589518
0.0  64.0  334.57780132351991
0.1  63.333333333333336  388.03364994308242
0.2  56.333333333333336  431.6699956055071
0.3  73.333333333333329  345.60407811070434
0.4  59.666666666666664  359.95792537152448
0.5  60.666666666666664  390.04451270595354
0.6  47.333333333333336  550.71313541588233
0.7  70.666666666666671  440.71936113658927
0.8  77.666666666666671  293.74084379402632
0.9  73.333333333333329  317.54125880964654
1.0  61.0  369.29193264839131
