2  17  60.445421515499731
4  21  108.8701509424632
6  36  95.501932277353433
8  39  88.399372347597478
10  47  75.696434495514779
12  10  239.58431974808602
14  100  63.835462978501099
16  92  92.257299168942737
18  89  117.03217209735226
20  63  180.84452151688123
2  60  41.896827096256402
4  37  94.697040818686503
6  53  125.24677314775094
8  28  55.112969010762669
10  72  101.9698828723627
12  57  121.10940075905793
14  96  83.952229184107736
16  71  142.06724234854585
18  56  191.19042353354936
20  91  101.61946178709999
2  6  25.24910728372538
4  47  104.30763958684628
6  35  36.547075837521859
8  82  74.937421355500916
10  44  115.56210086648912
12  70  110.42081715322341
14  80  100.54318209705336
16  81  126.542910424574
18  65  183.51343969413477
20  97  60.00876966941162
2  33  58.72226214198956
4  28  91.718680638626736
6  82  77.691371595919037
8  74  104.6455624332219
10  45  128.59500529939612
12  92  96.92527016373198
14  74  80.654251309982556
16  73  152.27594190055748
18  64  145.05917285377373
20  64  175.54101635577706
2  42  62.176932427906351
4  19  40.065520751974169
6  7  138.82163041196969
8  85  89.585893842884559
10  14  201.78708603581518
12  89  107.6416466800235
14  87  100.64831817434619
16  83  109.19694168951828
18  74  120.85248827863101
20  100  64.033807463912652
2  0  53.000000000000021
4  47  60.406421669737369
6  57  159.2772209392447
8  74  84.517910213888356
10  41  100.25152037562637
12  82  104.89701964058423
14  81  106.29475954888797
16  74  177.30609415738573
18  83  117.51381431584919
20  71  178.45793855895053
2  20  110.11915827671092
4  0  0.0
6  4  33.999999999999972
8  56  155.30734176283119
10  67  148.20767235590537
12  52  162.05941209544019
14  95  66.525129989037197
16  73  161.30867345237257
18  90  78.281974046373236
20  69  177.59301079359869
2  25  95.268959637976465
4  47  38.142227801318349
6  68  61.300241749034633
8  73  118.51288966061553
10  66  71.171977359363026
12  95  57.564561826430079
14  70  172.07846894380677
16  68  136.35295469527503
18  85  95.182439133608526
20  73  151.73208641405537
2  26  34.964039131555452
4  4  102.79238561381027
6  49  128.21246762063197
8  75  88.466094216820082
10  93  72.471886366775522
12  76  137.12945547362168
14  44  175.26222216672616
16  78  139.68757873943849
18  86  109.87725179921063
20  56  228.58889079740226
2  18  60.211287223410018
4  16  60.90920274645417
6  57  129.82021276353393
8  22  123.3113083342725
10  88  66.523187903095845
12  85  72.714066299625799
14  65  174.01057471171674
16  76  133.54650531421453
18  85  125.79448793397466
20  85  69.069999553832758
2  44  43.09281846956334
4  67  73.434199406135676
6  53  134.99927982668024
8  72  58.053528723675612
10  91  86.528325025946501
12  65  85.288293301522032
14  86  110.23661528047607
16  67  191.84847467578248
18  96  60.209253793570724
20  61  160.6717726048962
2  31  104.39630750534035
4  32  68.091282535221765
6  52  86.185588482029573
8  42  144.24181076588863
10  44  143.84275676326928
12  72  129.1539229068853
14  84  111.66943361953589
16  69  168.8127416458955
18  67  157.50590545347575
20  82  139.78922848088001
2  0  0.0
4  21  53.834620582394251
6  47  37.647297813593461
8  49  67.621831798124205
10  85  109.56850761152431
12  59  90.337789416299486
14  78  120.58067741151146
16  88  98.776800933595752
18  77  153.27748359978744
20  69  147.34353032943127
2  11  60.393625641609432
4  18  57.145705013983921
6  62  100.8883631160074
8  44  116.57373082542321
10  69  113.05819433955396
12  79  65.362750908791085
14  47  83.253619228062732
16  90  70.631794031470164
18  70  163.97578343235369
20  58  149.38303929180572
2  5  40.4981228280691
4  61  55.444473035743798
6  51  95.030534057651295
8  66  106.83236142570809
10  90  71.30188476166542
12  93  81.222200203434852
14  61  158.30838126385208
16  90  109.55276437395361
18  85  131.0993925981233
20  89  109.1625530462446
2  23  85.237919993441722
4  38  76.013976397025161
6  36  96.28131748382016
8  58  126.93359454008227
10  53  127.85641188662827
12  85  82.528555423069207
14  73  132.57027699409142
16  78  134.19488430478913
18  100  46.096694929740394
20  79  128.18978712196088
2  6  50.000000000000007
4  0  41.999999999999957
6  52  88.584666916253539
8  24  128.22300528075078
10  77  117.37544720124417
12  82  92.484684633342425
14  57  181.67017933327202
16  53  159.911385941145
18  71  155.13351594454488
20  62  194.4701740629564
2  0  38.999999999999993
4  71  69.220868863441979
6  32  50.649588036568822
8  60  84.268218646484968
10  48  153.49816360721039
12  55  173.82387267075129
14  97  65.87043649916437
16  78  131.10836882831828
18  98  79.163582615635946
20  82  113.87977916246697
2  0  62.999999999999993
4  21  76.661776643699866
6  78  94.937992265035433
8  95  75.660946345880802
10  66  104.19382747754015
12  78  120.25956090098411
14  85  98.494563894902129
16  71  98.214627926193302
18  73  167.49663236382628
20  86  118.16920634000579
2  12  48.81775551491404
4  38  63.465406969488505
6  34  159.55143454186714
8  46  102.43718751031403
10  84  79.311231430161513
12  50  128.23227210425739
14  72  114.99712388253455
16  66  169.96832817554008
18  97  63.725796305417987
20  89  101.09397276266647
2  0  0.99999999999999645
4  29  85.088922116499447
6  83  56.397041726694347
8  45  116.9907460733794
10  78  120.72682475920396
12  82  105.6120753457255
14  71  147.19022326283169
16  78  123.45051857293419
18  90  58.644973057366542
20  95  76.255975313980201
2  28  74.947581671313387
4  25  62.070573355857199
6  46  80.528845492640997
8  95  57.542112508299439
10  44  166.07895799119478
12  38  149.19494104012045
14  57  179.48625856989619
16  69  133.03341548285627
18  88  99.535926714271369
20  91  93.746441015746655
2  50  61.453636673351852
4  17  77.654677347103956
6  53  132.96791097300871
8  61  102.68906507003781
10  44  117.85171103913616
12  77  107.06679869194735
14  74  134.29047291212424
16  86  103.08865068075973
18  67  193.70271532198387
20  69  191.89301395930903
2  16  105.25268913398982
4  25  67.961692846824661
6  57  51.490715516910079
8  32  79.019532356713242
10  52  82.893265229250332
12  82  83.419356503429171
14  99  88.283846779876001
16  74  153.84527071992241
18  94  76.016297170090496
20  70  173.11943932133005
2  22  23.894404119020088
4  39  33.448583287039597
6  36  100.13410750940606
8  24  118.4126032409449
10  67  108.62491269010825
12  66  152.93673161474797
14  73  106.11093409551215
16  80  120.44512840035222
18  67  141.42293047939549
20  29  109.89624430088965
2  15  89.517463783384585
4  11  50.0
6  50  74.60378674203217
8  20  172.87762539205519
10  64  120.35288609791807
12  65  101.54519319200072
14  66  144.3757260136353
16  89  105.89428089080948
18  50  233.98886619072053
20  98  64.946385030151419
2  0  38.0
4  57  78.279623229746107
6  32  87.309771820151312
8  43  97.410635608312134
10  58  146.70005113559313
12  84  89.753268824090711
14  62  183.34745941454878
16  59  166.45404423057568
18  61  155.54792895292326
20  88  86.366070350676836
2  0  37.000000000000036
4  66  81.80129838473006
6  48  40.827640915044491
8  54  100.07997630970455
10  53  128.32393195087204
12  79  83.711465436340049
14  96  76.021451761169345
16  78  109.55816768732041
18  84  105.57723505634146
20  87  89.161490763406817
2  19  77.811223939516836
4  10  51.970432585490627
6  28  86.339734248882152
8  50  96.136105876225557
10  90  111.08348562256259
12  77  90.382036781860066
14  67  160.44037822683617
16  69  190.46699452133512
18  72  125.0376219976125
20  81  112.64563851846704
2  0  0.0
4  49  115.73605757894926
6  84  80.885970743481224
8  48  94.272531721562444
10  69  95.540106824400823
12  73  107.29679021200592
14  68  163.63350500193371
16  91  75.271710450370065
18  89  99.594121406211471
20  73  55.862811540052135
2  0  53.000000000000028
4  41  105.94598267894295
6  63  84.827248870713603
8  33  110.71927514434334
10  43  156.12683250261389
12  76  121.9272355471315
14  58  162.59262106452192
16  50  82.798365618444222
18  63  173.34180468355171
20  84  135.85573093820344
2  69  106.21382130427713
4  18  98.836203982997574
6  31  89.596288837928938
8  47  141.93198132418337
10  83  88.166246316308758
12  75  138.81324528360099
14  78  91.995060205358456
16  67  185.45166687592834
18  66  161.76173389418955
20  76  151.98131471125814
2  0  50.999999999999993
4  33  67.738371758286704
6  5  138.99999999999994
8  44  79.032274582886259
10  58  148.27294000419769
12  81  84.37902095829746
14  54  228.94991491958231
16  57  150.62811489995232
18  100  79.724763095264038
20  45  264.66195591705451
2  19  90.38091215948657
4  83  58.457466080080493
6  57  69.56581700812427
8  57  77.202254402791681
10  46  99.87434209070895
12  76  158.17390169264078
14  50  183.4039230160671
16  52  175.85795035745056
18  86  89.109520375423813
20  82  146.57975166043246
2  8  74.988877434300193
4  28  102.06846927162373
6  27  119.30493235156705
8  62  119.78366561160652
10  43  131.25642590498634
12  34  136.83995254777383
14  91  66.70763319912885
16  83  95.661142763305321
18  86  101.20528896435641
20  84  127.30913491648644
2  40  34.588677220402403
4  24  42.437668981614053
6  41  64.106169201288893
8  95  83.766061159038259
10  46  168.82873902225472
12  61  173.19258204260686
14  69  162.45181418021318
16  51  131.17341677944549
18  80  137.62909418767754
20  85  122.02977006253487
2  36  40.421935109151072
4  34  56.849847340704159
6  56  66.132942801921047
8  91  72.492429931982002
10  42  117.35889487754619
12  89  92.996563653953714
14  70  144.60861824457766
16  74  138.26261431312707
18  69  143.44546460814283
20  78  128.50803520092228
2  9  37.252939879946339
4  0  97.999999999999986
6  84  79.936293272616311
8  42  141.23879418505453
10  56  102.32902855016697
12  86  95.297389291154005
14  76  123.02990462134009
16  100  66.206778879678083
18  94  79.444077080484362
20  73  154.44298231192056
2  0  52.999999999999979
4  71  48.778129445867492
6  49  87.600122030113795
8  60  85.94002713483107
10  78  123.14142098175461
12  60  152.1268835751579
14  73  156.33305950119396
16  47  140.05767011471042
18  83  110.9834591391507
20  95  78.872775125234782
2  5  46.906087733877058
4  12  100.19138440555139
6  69  89.600053340257602
8  42  85.923212078644397
10  84  89.831426138382298
12  36  133.39683718888523
14  82  95.080276239690846
16  93  73.141606603096804
18  58  224.64007784796263
20  57  213.45236527824093
2  0  26.999999999999996
4  53  84.240571698204505
6  44  79.121647461655527
8  73  120.49767565826068
10  42  81.171134488986368
12  68  135.60857330407615
14  79  96.965930976868606
16  74  106.25763404770095
18  72  136.73073211894996
20  78  139.92285843548356
2  24  41.501771108506603
4  36  31.451842599953299
6  40  149.59552784939211
8  78  81.848762066608742
10  58  104.45030522927009
12  61  56.202130870080858
14  52  229.49770783699435
16  83  81.003141610941469
18  75  120.92174072303824
20  81  138.03146143894949
2  30  112.16182843800244
4  26  60.810712770430584
6  10  63.371314015370807
8  25  155.65296201173265
10  81  113.8507694118214
12  58  153.21640123238333
14  59  201.07707538717392
16  78  118.18809713823907
18  71  155.965868807405
20  63  170.66540609269194
2  46  39.010395358821427
4  0  52.000000000000014
6  54  133.02233290515434
8  56  79.34372020271887
10  88  85.026598080964362
12  58  62.798981228474617
14  57  176.09080935270984
16  55  183.06411909766237
18  66  182.66577770284397
20  68  168.85933907932483
2  74  48.781261311918705
4  26  64.652965988088383
6  99  53.138929618825074
8  54  123.49049804301598
10  72  119.62091023284034
12  83  102.82090478841506
14  77  121.4307046879949
16  90  87.361506196297157
18  84  123.20566153374637
20  91  78.079489256050579
2  6  21.972677742248173
4  10  81.44260598202338
6  75  101.50064310253093
8  73  83.609623323735761
10  100  64.798794903819683
12  72  136.44179570014867
14  77  134.5318156348491
16  87  104.26863010233589
18  72  152.80426532535421
20  89  109.62043296124965
2  19  80.327603530226796
4  54  77.47330586836047
6  19  101.04322252474252
8  40  88.991511007971809
10  82  99.770822970111951
12  56  179.50965310843569
14  79  166.84873244626297
16  87  99.005541908125835
18  53  203.46490060419956
20  83  94.865531410663863
2  0  0.0
4  82  63.432400778916254
6  33  70.357314750910405
8  54  70.390321466619525
10  49  105.68336037434594
12  92  79.812936264520857
14  71  134.82845890888373
16  72  114.07323422944351
18  72  148.18192582275427
20  57  222.34952255113618
2  0  69.999999999999957
4  60  47.101695325046023
6  59  85.973513169491213
8  97  67.361433896954807
10  62  98.877702063283508
12  64  116.46268079860006
14  46  135.97784039847042
16  54  144.64244018613971
18  72  128.65411374376211
20  69  186.97466330456533
2  5  70.283936388395247
4  34  103.05163415820095
6  65  123.38404734719674
8  26  146.24404404896731
10  29  240.52403310548499
12  94  59.950835471917543
14  68  147.9041691713507
16  63  134.43708708089261
18  55  159.82818873139834
20  41  169.02542406512163
2  0  28.999999999999918
4  26  68.445436423550348
6  34  65.434251832300006
8  90  97.147705971078437
10  100  85.479191629607854
12  61  137.64979105756302
14  63  157.43596148954043
16  89  103.50345332121782
18  55  200.2927064299102
20  88  83.494012432335538
2  21  32.121088937389146
4  11  88.440782342670332
6  66  67.607155317276266
8  57  61.297250038338625
10  61  73.618113379949207
12  86  48.402219339751419
14  60  162.10855968517362
16  58  172.29664989337152
18  60  114.79493575687692
20  76  155.91097625332398
2  11  63.956302769258684
4  26  81.797391507387275
6  95  76.490465426645329
8  32  55.335270351531761
10  38  172.38315572163617
12  58  188.01371244233209
14  80  132.92301794885989
16  79  136.72176971645112
18  51  250.20164325998286
20  96  75.951126659296648
2  0  2.0000000000000044
4  45  79.101601765161007
6  54  106.71178026506468
8  39  151.9703009681096
10  43  164.03207374316077
12  70  115.10226681580333
14  74  147.34753474089942
16  85  93.570134586229472
18  80  111.08247820568621
20  74  160.88495711015221
2  69  55.148933735127869
4  54  100.55336553707423
6  63  112.40109197377143
8  56  137.00793883017863
10  26  135.02302221484092
12  57  201.56587327365702
14  95  66.319917496039139
16  77  132.59763444989215
18  62  194.94403300877826
20  88  93.386468418907327
2  55  75.637060285760896
4  43  81.007303157050416
6  52  99.261788079958166
8  50  156.86811374503912
10  55  84.706899890805289
12  61  172.17909766745163
14  57  189.49596807162325
16  78  137.6642127914532
18  75  158.38089374452181
20  87  88.654101273742029
2  0  12.000000000000005
4  40  95.743253076011243
6  45  139.23234967710303
8  63  123.16527267772113
10  66  132.42523347879191
12  65  135.00153454464956
14  97  53.03774707671009
16  80  162.79867724440817
18  68  190.2771451217404
20  89  84.457874347136681
2  4  28.999999999999972
4  0  16.999999999999996
6  25  90.029983561628526
8  65  75.128243083135729
10  14  182.87643628181291
12  35  277.13998529069926
14  82  86.532200291321985
16  90  103.26060575803658
18  94  77.255698719014561
20  82  125.29895850798307
2  27  58.936774998516398
4  29  85.618682973720553
6  35  68.093875917471095
8  37  53.834672650100792
10  37  204.79691099026422
12  93  81.755693347304515
14  75  132.47817213792484
16  54  183.23410721057874
18  78  142.13190290263043
20  89  95.698652372963139
2  20  32.61518563682484
4  16  33.450275823882158
6  18  73.503915055060119
8  38  201.21110150548935
10  62  97.985941201287019
12  58  96.742672448484882
14  48  89.714515221740584
16  75  148.06554526183044
18  83  113.32085724370484
20  73  141.3241579991797
2  58  48.315411854882981
4  45  110.90034223837162
6  78  77.600837840819779
8  6  80.287044811914143
10  74  138.01740951560652
12  59  202.55340266973855
14  65  120.43379155250409
16  81  97.703336583851581
18  53  152.1087312014825
20  95  55.866737597691788
2  30  60.534185055435444
4  68  59.493350274971284
6  45  125.83220665995059
8  74  140.67793243745646
10  91  85.233632347756895
12  65  110.29378090096516
14  52  91.085879103146198
16  77  121.75537666353591
18  73  145.57185090948016
20  77  160.37098589623443
2  35  84.804358654681735
4  25  62.179695183126832
6  47  183.18951101839554
8  33  125.18849740298911
10  40  190.28176961296796
12  61  179.83294975747634
14  95  60.903183166899694
16  89  93.239979970468625
18  77  163.31032358398821
20  91  91.967856515972187
2  6  64.528918194157129
4  0  19.000000000000018
6  18  105.63433949436589
8  59  103.0825628352904
10  63  83.124322401697384
12  82  81.350744533796998
14  100  54.191288622384207
16  71  152.01598892411113
18  73  157.20483475474717
20  89  106.83399324497606
2  41  92.955999421681682
4  24  90.944248048392126
6  9  40.683783985018252
8  90  106.4685873469551
10  68  107.63598600373939
12  71  95.802347288758369
14  93  83.195667314184661
16  71  187.7930308663332
18  56  189.39638821076957
20  87  110.00859036250878
2  8  40.999999999999986
4  31  48.648427536687301
6  35  101.43432300677648
8  30  91.944789408762205
10  52  111.00181393972774
12  82  101.74115180944416
14  71  93.350881460960679
16  91  98.841690568797901
18  58  197.56467102159388
20  86  83.120519719619153
2  0  49.000000000000007
4  28  137.44517093123369
6  91  77.520722818220435
8  42  79.024616075974137
10  69  131.98049327644117
12  85  105.77306506074801
14  72  154.47375577872782
16  59  146.44896601376695
18  64  127.34767980107364
20  58  181.44894350308482
2  31  73.222239280867484
4  44  75.611950380518138
6  84  85.945968563064383
8  27  136.83376124707584
10  69  118.86293761998446
12  85  119.89810750706368
14  70  74.487942049790647
16  88  102.31639549240124
18  73  162.35222189869341
20  88  98.49015322664664
2  44  60.538610651761203
4  44  92.479448913900427
6  34  143.14670493318235
8  78  113.42811109901145
10  73  94.893202622940734
12  72  117.76591352764737
14  52  229.3726869051653
16  73  154.94050308012777
18  79  134.8181227325226
20  93  73.423040081747388
2  22  29.389662169750377
4  67  82.783385312640874
6  35  107.20353310095074
8  39  164.87363865501555
10  98  66.242014958478237
12  53  91.097135838608565
14  78  139.08078129371171
16  62  147.67116782193355
18  64  192.75641544257931
20  77  159.17071248759385
2  27  58.485129728147285
4  47  71.643632963780817
6  77  72.243397038436342
8  86  54.004562217076788
10  60  132.07524182309183
12  93  69.891188246185052
14  78  115.65483534884325
16  56  173.311199485153
18  96  92.268818994051358
20  60  179.66750998011341
2  13  139.29598706704112
4  28  74.035682836602248
6  78  89.236009007924437
8  58  83.390385685011552
10  53  162.05906458211331
12  75  166.2837986758494
14  80  129.84567441053755
16  86  104.39468279549233
18  36  125.95179535443795
20  65  215.32309954404835
2  30  50.481507828853573
4  20  72.346247449815692
6  67  86.061655626819089
8  45  83.830944174241992
10  77  94.279967037135748
12  71  78.193901438204179
14  68  175.3931114713923
16  57  219.73345832624585
18  50  207.31177788537883
20  55  232.08308844025447
2  0  17.000000000000004
4  9  94.012914774581958
6  0  77.999999999999929
8  91  77.806549519907946
10  74  132.42842754374863
12  75  162.87944565323178
14  56  97.431198069634647
16  88  109.96962832292772
18  42  157.04570858167244
20  91  95.875768952890112
2  20  48.01049860034616
4  0  68.999999999999929
6  23  103.69716813967725
8  41  165.66646986417103
10  79  81.355304117828211
12  79  126.47892337617652
14  43  175.33461246714913
16  99  60.213951134688855
18  94  93.441928453910762
20  74  167.76849121231768
2  0  42.999999999999993
4  99  62.392552387718311
6  62  135.91202067301722
8  62  157.71380376329051
10  63  124.54829675983734
12  70  116.42209142068384
14  69  135.56140392753954
16  93  90.744453855413894
18  66  126.79779652782673
20  89  98.735287767647748
2  0  46.000000000000014
4  34  82.795443105872593
6  34  114.39728438826843
8  62  65.014493400068275
10  49  141.06571558482463
12  83  109.55201831429594
14  46  137.77130607172634
16  96  72.223757467792993
18  65  136.51894449713296
20  85  104.03761042179519
2  11  23.594157294235139
4  31  84.26885405216359
6  56  77.510268287048675
8  39  97.44349269506391
10  68  113.0273126752613
12  33  203.33553913007003
14  31  177.346897990017
16  83  124.6248919861041
18  88  106.1054452520042
20  66  181.11574272474792
2  57  59.777908652499882
4  27  78.592389164132612
6  67  100.14817011649608
8  35  109.91306178559297
10  64  92.440675237352607
12  68  122.40820814598041
14  55  147.21821545942194
16  95  70.040196839466276
18  83  120.55330404177192
20  53  185.403060009629
2  12  50.058721023039865
4  35  142.41094005163401
6  38  111.4381022344554
8  57  141.07828092883005
10  98  62.502951562120622
12  76  144.38581147795949
14  95  82.263174788063594
16  50  232.21430402786712
18  77  171.08692298264663
20  67  148.2129533828145
2  0  47.000000000000028
4  6  59.999999999999993
6  30  96.929966628313068
8  29  105.2612527297662
10  68  71.593211710868871
12  81  115.24872382102333
14  87  82.122493428891744
16  72  165.10052072663123
18  61  192.0514733620453
20  67  141.97387859055596
2  12  71.403269630945346
4  14  70.222756296659782
6  40  132.6876729320112
8  22  115.35733096793935
10  56  144.27690825815355
12  57  168.17296897907045
14  54  219.11513050684067
16  74  144.37154743217579
18  73  153.68021703786124
20  97  75.05316090646599
2  6  31.999999999999993
4  30  160.16626934871928
6  60  83.001008415816926
8  39  139.43324789998564
10  70  104.42788700766432
12  99  50.667651603609094
14  78  99.87940661308248
16  93  95.749298191485693
18  61  178.56022266776412
20  85  101.48100858010591
2  4  66.0
4  39  77.692903266790481
6  48  80.990074258094367
8  59  129.88571303101722
10  72  95.245799902416366
12  47  216.67437373032587
14  64  101.99373244000705
16  85  86.023568928685236
18  80  127.67437139671672
20  96  79.990667662827647
2  29  57.61241488099283
4  48  42.943942585558418
6  70  100.02032814075915
8  53  92.241185862003562
10  42  151.23556586935601
12  67  78.710742146947425
14  77  122.81779778311197
16  71  183.43872849951569
18  92  74.820556076890583
20  76  139.75240498913459
2  6  46.999999999999986
4  13  121.00000000000001
6  37  113.93717758315061
8  90  74.908207485648418
10  70  108.022418685563
12  97  63.01326806105552
14  84  122.36490392970862
16  67  159.83708600438919
18  75  94.847390552027008
20  91  108.95761007844476
2  0  46.999999999999986
4  42  63.427937184346291
6  59  126.16028630016177
8  44  150.85146988198258
10  66  115.9578788863881
12  79  112.9013991145994
14  46  231.45440642688524
16  94  66.062361191199855
18  74  157.06365027788522
20  87  67.506225442090539
2  8  58.912285674026002
4  26  72.211581406253231
6  39  121.73794903673097
8  82  88.19262756117466
10  27  133.21776399750181
12  81  128.07237955242257
14  82  127.37648649783223
16  67  203.01531140370116
18  68  161.58816034244813
20  78  127.97135325676925
2  0  5.9999999999999973
4  64  80.171222417018697
6  90  71.124023267330955
8  43  50.580135427832602
10  69  136.66192935312407
12  67  92.826129072399027
14  81  81.949563573184449
16  70  164.74448380732386
18  95  70.474116316410502
20  100  46.393822108322041
2  0  53.000000000000028
4  11  75.48964506861968
6  43  95.274294745851904
8  48  108.98422640393176
10  58  173.37490355803047
12  41  113.80467735462476
14  94  75.1561992540598
16  83  99.272858925689647
18  91  101.43893165719149
20  73  192.07717826464724
2  51  42.727909296333557
4  30  141.34151868392638
6  44  26.047324419313753
8  76  96.565125728226022
10  53  183.53731509420078
12  82  71.895794827091692
14  63  149.33489870642219
16  70  154.49895107280412
18  81  126.76016920520416
20  73  173.02469671100374
2  20  34.902434024562965
4  4  114.08793860707497
6  50  151.36156720653332
8  57  147.75408508619662
10  74  112.03593049608737
12  73  131.67687895292622
14  46  134.1366993487008
16  87  107.86599483922474
18  64  156.21742748983417
20  57  176.93697767609083
2  31  61.003162602161964
4  29  83.295857338047369
6  58  125.88634911272844
8  89  74.634816994503424
10  54  141.28432471073768
12  74  150.3814559420311
14  45  188.98621652593067
16  100  57.243714113209876
18  65  120.85794068125543
20  69  96.386887975776929
2  0  33.999999999999979
4  52  62.414769757505489
6  57  104.49543467825163
8  37  106.32071597108896
10  48  136.46338824916018
12  48  166.21624801043939
14  100  41.469508134441654
16  80  88.601728802413007
18  57  159.61896762752414
20  82  119.6788476820138
2  12  33.925714049735426
4  32  112.22369527030348
6  35  107.40217155309045
8  41  115.1104053468856
10  68  152.71507102035903
12  69  95.137101562523114
14  65  111.48933988785252
16  100  61.433878090123628
18  69  153.47941169196088
20  62  179.67314790020967
2  38  67.132331961117643
4  40  76.040910578803164
6  67  79.466836395328343
8  37  139.88487542489631
10  53  119.79483212819083
12  65  155.58290369372207
14  76  121.36383943780724
16  90  80.031804672802565
18  45  148.38710386064341
20  74  114.13557388574171
2  16  80.979076301383387
4  60  90.051381425370522
6  69  76.050138206345892
8  62  113.75529280422003
10  27  145.85472203055099
12  44  185.78988297694832
14  83  97.513065458725961
16  85  90.585266306391361
18  46  257.54763706866163
20  69  188.04431883277755
2  16  80.146459480983879
4  7  39.560494669272543
6  32  154.05661490632698
8  55  148.44415942976835
10  54  126.11470223101868
12  52  130.89367193270786
14  43  189.04483565573452
16  90  49.31504633740537
18  70  161.99741622501918
20  70  138.57763723373503
2  41  53.854988786263512
4  53  77.623910757551599
6  42  89.470122886932856
8  44  171.22718800600137
10  49  93.718108666442532
12  60  198.35144638780127
14  46  177.16358982991835
16  85  76.952661256480226
18  87  102.98702914906696
20  74  153.48517993329088
2  18  21.68962575657315
4  0  51.999999999999993
6  0  49.000000000000014
8  28  91.00844746782937
10  83  65.357546066653725
12  59  140.35582966292284
14  82  121.61366043255198
16  52  182.81640559997578
18  45  217.09438766690923
20  77  141.94364182146165
