2  40  84.244654880797682
4  2  90.0
6  61  109.66943600154579
8  38  157.59545857428583
10  20  69.251560115023267
12  75  136.5756726508817
14  63  99.806600012021178
16  74  123.19275240294012
18  78  142.81200505700559
20  73  134.50497088299329
2  25  26.229309239056136
4  34  96.070046712573728
6  70  95.788306516791948
8  49  151.34230608714671
10  63  99.253039256375516
12  68  137.43086946781287
14  82  104.69543789435757
16  87  83.933763640072556
18  53  169.10894644437769
20  71  171.36173860302981
2  7  40.000000000000021
4  56  86.978765792803358
6  63  126.79113718475148
8  96  54.446396792193212
10  77  130.68647774623958
12  77  96.789945975993632
14  70  164.18025198978737
16  74  180.00143558134221
18  76  96.788302685302909
20  65  154.40348260017032
2  11  116.2108835373556
4  73  85.841924813007722
6  98  45.99808216313572
8  55  91.636071510484214
10  31  201.25082239254616
12  92  78.310674922981363
14  94  70.25892272077499
16  65  181.11536912209363
18  81  109.15595454202747
20  96  75.090229027039754
2  25  61.073635593362198
4  64  97.904784420970742
6  100  78.312151945523681
8  65  88.263036113142533
10  46  31.532711432228993
12  90  88.524160364996774
14  76  127.81805378778799
16  80  123.76473466531955
18  67  130.70995747546732
20  52  206.18583018100151
2  0  23.000000000000004
4  26  43.377416483767725
6  53  160.84291402529087
8  56  136.40655452984564
10  40  204.2494357004397
12  81  120.53838387706188
14  61  161.21937403417962
16  86  84.796865736843671
18  100  69.697375128865374
20  74  134.51250752119998
2  16  54.00000000000005
4  20  105.75109384700417
6  57  125.39526266512151
8  76  86.139480910762359
10  54  104.30760760969733
12  81  120.47299338934286
14  64  139.81351669938317
16  84  116.00541687737945
18  84  126.94295470112959
20  98  69.343944750517736
2  0  22.999999999999982
4  26  94.78792575140119
6  24  23.98209841794964
8  63  151.64308570044338
10  31  153.25613019680222
12  75  127.08830526307757
14  55  168.81034776368264
16  84  96.224287091209732
18  43  205.89707937668192
20  90  83.785007429587353
2  32  44.883359300281391
4  35  38.173568546426388
6  42  57.689456356188764
8  68  78.783043552881736
10  74  92.114051964616564
12  91  78.606793162202067
14  69  168.61240441555088
16  82  151.80365945487878
18  84  125.31455202530982
20  86  99.364852777914081
2  6  24.473007575801379
4  21  38.714144898784383
6  85  75.91721547649243
8  60  100.69714912906268
10  68  107.66879883321594
12  74  139.56125836126046
14  58  165.43480038318543
16  61  109.07997887035621
18  63  183.77173233535765
20  57  232.52741730123483
2  10  38.713535954238857
4  84  85.7274282373115
6  45  127.43962254902105
8  72  60.972200595256602
10  56  129.45155166732121
12  70  126.05695030143825
14  71  113.95773412363931
16  96  67.24054636938024
18  82  112.7354165005934
20  67  199.03877817850258
2  29  106.63878102867059
4  37  67.750094677255973
6  73  69.73187767717414
8  33  109.99640896178776
10  53  141.69587988026259
12  69  88.325268421342358
14  96  81.411114708745203
16  75  131.89409945798903
18  100  47.286225120862063
20  64  179.60262795682877
2  30  60.219198848877731
4  33  43.464488163092255
6  71  113.82966220610483
8  40  191.38248753335344
10  36  119.70719468712922
12  83  87.926522851798069
14  88  90.890997350768515
16  100  57.264313314695869
18  71  86.30362575605956
20  82  95.822857020883433
2  10  53.834157048998904
4  94  58.713944860706626
6  19  66.541296862763488
8  55  123.41432628619064
10  62  152.57042478159639
12  74  118.94256816040887
14  61  159.09609895221581
16  82  90.06517166428749
18  49  163.57871394846822
20  62  198.55162379461896
2  57  70.329192236142603
4  46  87.058972065574082
6  31  121.45171983384671
8  86  103.96416667464331
10  66  150.25213579383177
12  78  112.09432662603899
14  37  223.52339323080378
16  44  125.10463831277825
18  82  127.48661269206869
20  84  99.939095680488009
2  9  61.681160531265682
4  68  82.554084267851593
6  68  82.132862132859231
8  43  192.26742583182516
10  61  105.97182427490006
12  64  141.94513662199321
14  96  72.531118668214333
16  98  47.692846605874209
18  94  81.776223086925015
20  69  162.17871680491515
2  14  65.674779222558001
4  10  73.999999999999915
6  19  75.729445875412907
8  78  52.712811194600974
10  54  172.37462617415437
12  19  97.08050684063592
14  48  229.82883821896706
16  79  161.522805042805
18  69  166.2834261989953
20  98  74.636796780690588
2  0  31.000000000000007
4  50  50.260776340095447
6  61  98.037686906984135
8  62  87.892812862277992
10  75  128.71861538775903
12  53  180.445684098632
14  64  141.08583669085871
16  86  92.061096356412548
18  76  142.99043373197151
20  97  69.114318659747298
2  15  100.43880531078726
4  61  108.66259680960968
6  28  116.89903584554968
8  95  78.070890548812017
10  62  156.09934173530834
12  88  91.423465132068415
14  94  66.439605421475719
16  80  122.37008314317127
18  95  63.200678038212509
20  70  162.59365384995604
2  20  62.912146449068686
4  25  110.66760485242834
6  15  37.39368470459911
8  75  119.39365482972222
10  74  94.667984302560114
12  71  137.0352625577562
14  75  131.26536274318761
16  75  145.35308487415696
18  67  116.29039867102648
20  76  145.45446832594735
2  0  20.000000000000007
4  32  75.189445055460865
6  76  112.73190491022974
8  48  131.77935525780885
10  94  60.847344540431656
12  80  102.36480432599016
14  78  144.22096406009322
16  90  84.964761638125694
18  51  136.63923281410715
20  56  265.04487045167946
2  13  42.999999999999986
4  80  89.400608334320282
6  41  145.41428207101299
8  72  113.04021319084079
10  73  140.87821410831802
12  70  161.79946683950871
14  65  165.791026492703
16  63  195.95732052957121
18  87  125.35838504629204
20  66  182.49215309643989
2  0  0.0
4  11  81.092390609797377
6  51  120.30548160463873
8  66  168.43658040869533
10  86  114.16920117544535
12  88  75.194320397908967
14  70  123.08091253160242
16  68  113.53670247179598
18  84  101.27957774066006
20  92  84.980878801472926
2  20  57.732572170244083
4  4  87.999999999999986
6  17  51.623836482508032
8  45  66.856914986584769
10  61  108.27409551270425
12  48  159.61501990583452
14  44  203.78854466176961
16  80  115.94678974185121
18  90  95.360446201231284
20  71  98.212620146852942
2  17  52.013316424672389
4  10  115.88651979484629
6  66  70.03037081913665
8  66  92.461512413411924
10  86  97.435768892749678
12  74  129.66146046091683
14  79  128.02126518980569
16  84  116.84520863914555
18  73  131.50323502655689
20  62  189.08167577936979
2  4  22.000000000000018
4  45  100.98984077429321
6  49  144.91176439020063
8  25  97.842300149873395
10  59  144.05555323335
12  86  106.45698882925898
14  68  164.91300660667579
16  43  250.62845058272947
18  93  105.76031106339251
20  90  88.02679605530696
2  16  56.293015859757659
4  73  78.455398438844099
6  50  103.53456207053343
8  79  83.44160672131423
10  72  132.29865565634501
12  59  143.60526620973002
14  82  103.86722957532898
16  100  72.479092137335257
18  80  124.44896975684777
20  40  240.62887157513208
2  1  51.999999999999972
4  14  90.299578250465828
6  43  123.78046422705989
8  28  79.003399907516112
10  100  51.526327339462263
12  51  214.41710628479274
14  88  106.84140510640749
16  74  119.2392357979415
18  71  163.13222444348469
20  91  91.326948067543654
2  59  95.414080435615361
4  19  77.255776730316185
6  54  49.075236714135265
8  36  177.58885853173507
10  67  88.041267447664751
12  33  96.4931286176936
14  42  93.961702162814191
16  32  316.44786939605251
18  91  64.002392082769475
20  87  100.89648370206081
2  7  62.872858733788583
4  76  59.719319876115208
6  50  108.6387333811509
8  58  132.18089454764896
10  90  62.858344470260256
12  51  171.78521857958094
14  61  107.87779247404767
16  60  124.97112236854912
18  64  149.25113611240124
20  44  199.30569805789901
2  19  28.310457015720409
4  16  58.205552243518845
6  39  95.012367775628718
8  87  80.465279953579241
10  47  187.48921205718378
12  56  69.369942047912247
14  93  78.320841875927556
16  100  53.555386575744969
18  90  102.52777991850533
20  72  165.54555339044359
2  0  37.000000000000014
4  13  95.931339371212644
6  47  125.49200671416315
8  49  97.011587544663001
10  52  175.18971604736001
12  44  230.18496606673224
14  67  179.29024421906314
16  89  99.386259960273009
18  98  67.312500132807656
20  71  180.15598321546508
2  32  53.221996996714694
4  69  82.17843526720543
6  28  57.834673725500643
8  37  101.33311135739424
10  53  83.736075047881357
12  87  103.10547532999763
14  46  210.84145852185594
16  62  225.16054226606724
18  76  107.47271625795332
20  70  167.78499334085799
2  70  77.437401062973663
4  24  67.577347108343616
6  34  124.63002497051372
8  63  49.686678209608687
10  88  70.983050765564286
12  85  119.41156692241894
14  68  103.42619545377418
16  88  94.406023305184831
18  62  196.07009215689661
20  65  174.89185366333257
2  58  58.223922932124275
4  6  67.000000000000043
6  49  117.35527470767741
8  57  137.92657274844296
10  68  132.11124059585291
12  76  123.82500712386457
14  49  197.36695517002011
16  81  104.18329440173333
18  83  127.3886748972359
20  92  96.042999643715859
2  13  47.669884768760824
4  71  47.879933675872721
6  64  103.905241275148
8  32  190.72304694693625
10  100  87.861039767094766
12  65  132.05566592172775
14  68  142.78440811291253
16  57  199.40200981410783
18  100  38.049428718901432
20  74  104.02267762639958
2  24  62.878827636390795
4  31  139.78451547689932
6  35  90.002302982897987
8  46  150.18433706507648
10  72  96.7058164727855
12  51  142.36266968986064
14  78  91.89917243524205
16  69  128.82974519486223
18  84  106.48476396377887
20  61  214.43752724951241
2  0  0.0
4  67  78.220830051439791
6  56  116.41935520906006
8  47  121.16106956873553
10  74  111.63998091061886
12  77  115.79773662909146
14  64  125.89238247064044
16  73  151.84120606826417
18  71  146.41308357696315
20  83  77.665199914536842
2  39  87.107593125657587
4  41  26.081247632723919
6  60  94.224330404966793
8  56  129.6392313991079
10  74  104.70173918772382
12  93  78.445031853524455
14  65  162.63113627209785
16  62  83.948555077439195
18  85  115.99474334569507
20  87  109.91100774761789
2  26  56.677361647213765
4  36  101.58490781464548
6  26  146.18006537021327
8  36  90.57237236384168
10  46  81.326505283065899
12  82  96.754269751720159
14  82  103.50242251884157
16  79  109.76455285770201
18  92  86.898169953028287
20  100  50.768937287915399
2  58  86.08807452455008
4  55  91.940448475326988
6  74  86.844013835037671
8  46  154.6164334745763
10  46  185.37525922803789
12  62  127.11971875905139
14  74  137.06691051484913
16  61  161.7706699684247
18  50  210.09450279141222
20  84  99.94954654771179
2  27  68.999999999999986
4  90  73.867052705966103
6  51  77.037365953625283
8  95  64.14328906637806
10  67  138.76028263779733
12  72  127.06154313661303
14  57  185.72354107463715
16  77  139.95977425496261
18  81  108.93889309302993
20  94  91.525952555946006
2  32  46.391491527396603
4  45  75.138769563566839
6  48  134.37831432383416
8  45  43.550193222891942
10  72  129.8116174078917
12  77  99.278841721790712
14  92  81.369821776328578
16  71  159.96015014442662
18  70  176.7604628544118
20  62  177.40549226364379
2  23  54.649896471377048
4  38  148.17425983841747
6  71  91.632414951735129
8  66  61.803995745463432
10  49  150.22618725147944
12  44  230.2142959155718
14  43  184.46140282330248
16  100  51.899489927147314
18  70  151.72596258778438
20  75  158.93375591112871
2  12  40.656404723894134
4  51  91.327899271864183
6  36  109.83527630087221
8  19  96.103661436308045
10  40  196.032303113068
12  92  84.555479562136313
14  58  132.21159484794586
16  88  112.29945138273781
18  74  144.87645754438125
20  72  156.69425660766348
2  42  39.194938670715366
4  36  63.862803362310949
6  74  77.960555665978674
8  50  124.35191176144284
10  79  119.58385977263859
12  43  188.55456095349854
14  85  86.925824058691063
16  86  70.126870945221739
18  64  181.02756060605958
20  62  204.35038907726201
2  85  80.913415085305232
4  54  85.872379768058323
6  56  68.183473904925023
8  70  120.75951761113019
10  52  89.516463578412427
12  68  115.4157495918144
14  73  146.19891278707277
16  47  235.80835703802697
18  63  189.32660780643479
20  92  102.27364374727884
2  16  43.083262451224897
4  59  74.524762317303484
6  36  81.476141044691488
8  32  164.81485356568646
10  74  82.052852311144164
12  84  94.78640940004874
14  93  87.767823651418865
16  80  109.25712162911155
18  83  123.09904077120645
20  67  164.36894083062782
2  0  41.999999999999964
4  65  88.892681320286783
6  50  85.671507895363618
8  58  65.930556661102528
10  64  103.67847610305641
12  36  93.454248482346486
14  68  112.45421353957153
16  67  180.82445309674799
18  36  277.95775582812524
20  91  108.07662958042981
2  36  28.07213395394583
4  0  53.999999999999993
6  20  66.521637906923416
8  77  104.17055118887684
10  27  181.69853944700301
12  59  179.97204522006999
14  62  161.29361187118329
16  91  85.833721973719548
18  92  113.27850713925827
20  71  125.55559039221569
2  13  68.714684000166756
4  26  78.356342538194411
6  14  158.45263894276388
8  100  60.288909540984115
10  51  128.05521580754035
12  90  56.26882327381162
14  58  179.38745113497993
16  81  122.34207881034062
18  83  146.79105089114682
20  55  220.84981734937759
2  0  0.0
4  49  77.31052342960875
6  28  80.743036554239467
8  88  61.157505062158101
10  89  91.870888895822588
12  84  132.67781946392935
14  59  147.07028854754017
16  76  134.22928228124673
18  80  127.3901097916782
20  75  111.59596895239537
2  24  81.98444958839805
4  4  31.999999999999989
6  15  81.689512376078639
8  54  97.577579370848298
10  59  90.742877735074657
12  81  51.617583068220306
14  75  139.11259319410811
16  83  104.29111252477107
18  62  192.19691766589176
20  85  121.48717762992104
2  26  43.186385838294825
4  1  48.0
6  41  119.50989332068245
8  33  207.15298728535674
10  62  104.85538933429501
12  76  125.26281494564738
14  74  97.30605089235894
16  84  117.30689943795515
18  90  82.120913856962687
20  87  87.9297193364566
2  0  44.000000000000043
4  24  58.545845339794219
6  78  124.25245310274909
8  34  112.42307287195045
10  89  80.720566507108359
12  97  78.946058189769346
14  63  127.63081362183753
16  43  201.27772670319089
18  73  133.86238269681107
20  69  180.08122199665789
2  13  10.258993095873636
4  76  82.515935760834211
6  71  110.64227359398305
8  52  73.804722723469538
10  67  125.96937498008393
12  34  151.88352246955458
14  90  72.33932443433477
16  74  127.15375504014501
18  91  91.355675526765353
20  62  185.35097289887199
2  14  44.271667031639453
4  34  60.167580435150171
6  72  113.4895874176989
8  58  107.52776000282353
10  30  120.71444061494347
12  88  108.17449647297913
14  77  130.16105540011844
16  81  128.87306975581762
18  46  249.90994043623073
20  89  89.026032430836068
2  11  43.000000000000014
4  32  69.54766034114499
6  41  125.54823150326519
8  72  119.48322011963339
10  54  153.26157896342744
12  63  174.16155023670237
14  34  216.09628797530391
16  63  158.89370788557159
18  98  79.615377442163393
20  59  154.95659009880913
2  29  70.212086408558832
4  16  66.450718903793714
6  54  85.549457172321809
8  38  164.23201253820446
10  70  107.31012084467999
12  58  161.98921506604634
14  71  161.67044763810762
16  70  153.30164575884589
18  65  128.63378374451742
20  81  144.59005293036523
2  0  42.0
4  35  70.501456459716934
6  80  83.573728933481974
8  52  85.686097848668027
10  67  123.32405489054166
12  64  178.84718800890241
14  77  125.62975363399342
16  79  131.82231240709956
18  69  146.63143351362095
20  76  140.22642781078332
2  0  0.0
4  42  54.969281935969995
6  41  111.69974549674534
8  44  186.52233427233318
10  52  154.82731957441888
12  74  127.99135852413612
14  68  163.09080103348617
16  99  69.296878927264629
18  82  73.328626393295252
20  67  165.25423477945853
2  67  48.419735670872761
4  63  53.889400294153873
6  0  36.999999999999986
8  53  108.54548009014198
10  84  89.173894285326284
12  88  101.46278896208369
14  63  149.92106091092344
16  73  171.32940916699349
18  99  50.37773299800341
20  83  102.62332592205337
2  36  50.150744357270213
4  26  57.877951007752856
6  86  76.470518469075444
8  79  70.067010819705359
10  94  72.019676875530351
12  50  145.866817765002
14  91  92.460074238931398
16  66  129.39346286488455
18  63  172.50254578686744
20  72  157.09257220691995
2  27  54.704604512023451
4  56  75.048691955508474
6  81  60.000088948368216
8  46  151.77735398021014
10  62  139.27925261580543
12  81  124.85566417754121
14  81  133.0128736340921
16  84  116.94444614470831
18  69  161.59495923905297
20  100  52.160624232537494
2  25  50.759942951002763
4  18  98.48237558053998
6  63  107.16546605433032
8  35  116.7288879582114
10  80  65.737986829673318
12  95  46.890825494014898
14  70  142.68332111758053
16  56  158.20570471317436
18  89  99.570251327268139
20  61  189.52238754063558
2  20  39.820978368613346
4  0  43.000000000000014
6  42  114.68140719448047
8  54  163.78209498504197
10  38  184.23681524389133
12  81  98.756505355417019
14  59  194.65907996538604
16  79  145.53829916553707
18  72  83.53109483393429
20  87  99.15507017294361
2  56  65.628907481401711
4  23  96.820092659763034
6  41  100.44307249508172
8  69  69.581672005901964
10  50  150.56658027744993
12  52  114.08837420978972
14  99  64.472888296591051
16  72  120.11426243229668
18  55  128.85824786980317
20  89  104.06262180944678
2  19  65.830202099162662
4  41  104.74752394062091
6  40  123.62506696046243
8  43  112.77622551895094
10  75  123.76484977444174
12  62  169.34619059453811
14  72  80.763566693075674
16  42  249.17044683736125
18  98  56.626218291473187
20  65  193.71627244935186
2  43  40.365467820523726
4  38  90.212140095548577
6  79  76.554930223094587
8  53  140.92486774477658
10  39  164.26855238875962
12  62  136.20361324305688
14  44  192.74276896628456
16  57  196.27783982503362
18  67  182.40104824519409
20  87  90.9057792392491
2  20  110.90462383654166
4  12  33.661188866468891
6  55  128.65537430201215
8  62  96.364643784557927
10  71  110.5650692295975
12  93  96.384576804603469
14  95  80.243252312593867
16  66  174.92442993897151
18  82  138.21542291428588
20  53  173.41848552372937
2  84  77.353796413943911
4  47  79.292236868560352
6  67  90.68878283117715
8  46  172.69421062429933
10  33  126.75064504442003
12  73  133.58562073369075
14  58  189.51409609429103
16  73  113.96360141193969
18  90  88.269548341044995
20  78  129.11806841562154
2  13  37.243472516712039
4  28  53.314565307892487
6  42  61.779890977202321
8  72  125.61155078879251
10  48  107.15739130773868
12  89  78.938082473452326
14  85  108.25270700650999
16  86  76.824113250651493
18  81  124.27181478792701
20  65  193.24043581574074
2  29  40.374220398368642
4  18  80.962987067090523
6  22  98.876224596669147
8  69  92.87342895361823
10  98  65.021712347431702
12  34  170.82443079589495
14  74  151.28226718879168
16  82  83.374337349676352
18  90  115.75888237344564
20  70  176.91934957790488
2  6  28.830054314477664
4  24  123.52169736523911
6  35  44.544221333315647
8  86  59.797598901860866
10  44  146.85894165324848
12  59  200.51022006402252
14  84  111.3537212211582
16  86  114.72013092662472
18  75  117.64084732058201
20  99  66.367253151634813
2  43  81.439713734122307
4  33  93.654838842426386
6  0  0.99999999999999811
8  70  120.5339503187673
10  69  72.352342440905858
12  74  88.453202451682174
14  77  136.64577639817733
16  65  152.66661047095559
18  94  64.758214426413232
20  96  79.117925939238589
2  35  58.724222712908919
4  40  54.606120841455663
6  87  138.30922979994634
8  59  87.38338629501402
10  83  98.410806904881326
12  58  112.39590294474566
14  89  82.268552727378946
16  71  154.46731221634332
18  100  61.811675932222826
20  95  68.616265869445954
2  10  42.613530432161419
4  32  57.411247470952866
6  48  58.359039003303053
8  31  115.76703934326282
10  46  186.92758669173608
12  74  50.795472917682204
14  48  212.6453414114527
16  88  93.402555978649389
18  76  141.84486270810621
20  60  197.63086476451036
2  3  59.999999999999993
4  8  53.000000000000021
6  22  63.124304506388071
8  45  146.63526248795617
10  46  110.22965154921494
12  77  125.67011891318923
14  64  163.18450901701485
16  83  115.26165533489122
18  51  239.38241299992129
20  74  147.80692869671284
2  0  5.0000000000000018
4  75  76.622108278952737
6  88  71.959727480980703
8  32  104.72105478696905
10  71  92.279230760268476
12  68  124.10891142609138
14  72  133.79239595181789
16  59  187.49877893429115
18  100  56.387994558760042
20  65  171.05822377043353
2  38  56.6975740209134
4  39  77.715016711237951
6  26  32.982187517092129
8  40  161.64135271291261
10  57  151.77170645677595
12  37  150.48193693038837
14  54  192.9127874162848
16  77  145.32331448218366
18  73  155.38411740725306
20  78  144.56256949144051
2  0  0.0
4  0  35.000000000000007
6  35  71.10115550730319
8  46  90.537842723707229
10  34  141.26880229981484
12  77  118.97205443888183
14  57  170.51771417806714
16  58  200.93468782307332
18  90  114.07303199516839
20  57  194.35616494775542
2  16  26.550184210777907
4  0  15.000000000000027
6  58  110.68021835621299
8  12  190.70349537588245
10  77  83.878642354731923
12  94  74.53337683213951
14  80  122.30323003759065
16  65  186.9585530163543
18  91  94.163966387383184
20  92  87.52150243584056
2  8  11.605405284251644
4  34  51.38399313924441
6  36  137.48915350664356
8  32  94.904892732850726
10  63  84.715084111419301
12  67  158.40599580125661
14  54  156.86374876609983
16  95  74.252411100342414
18  74  143.05100441014727
20  74  145.68559916675744
2  14  116.22795078501889
4  91  72.233052485144952
6  62  98.178452316815694
8  29  154.59600511183578
10  60  182.15719376356205
12  84  57.125888805421241
14  54  131.70891330303095
16  83  83.26623515851071
18  93  87.245229386132209
20  93  85.142086932252809
2  26  124.53995844672308
4  48  59.129635311233436
6  46  155.49119920136587
8  52  128.89704494790902
10  55  180.74528598134739
12  64  129.24696775268737
14  15  255.6522984466541
16  63  146.49741013644899
18  83  127.47304566751724
20  81  106.31082176864462
2  59  60.626265782312871
4  36  48.020801940284485
6  60  169.53388498952043
8  82  126.75240761311929
10  98  51.174320880757364
12  78  115.85298404554592
14  47  196.68098094632398
16  89  104.66157135878728
18  71  153.2840413931855
20  68  156.15548531639189
2  0  10.999999999999998
4  37  78.472695347432037
6  61  89.726832489044995
8  55  124.0910096708829
10  92  88.66065623977444
12  35  185.58950128585155
14  69  154.81608626252981
16  58  180.40305854782184
18  82  111.49852242422259
20  85  96.053544063055895
2  23  75.518656256544318
4  21  87.490159417920296
6  52  106.11516209630653
8  82  93.809146976219068
10  56  74.069992110531302
12  66  179.64324869077419
14  69  93.391364509845062
16  71  170.54023593466403
18  82  120.9674267458674
20  55  210.35147664212411
2  20  19.134486428411968
4  66  56.178642252409716
6  55  75.671276868709839
8  51  125.01107957924036
10  68  106.70272167836892
12  46  168.36399798671539
14  49  150.44396024663891
16  44  241.66873238107678
18  74  155.44672707196699
20  50  140.97728700868134
2  11  42.798416019832175
4  79  68.400529263282706
6  70  78.209867753123547
8  94  63.381995071039356
10  84  95.99932547008514
12  66  184.67789892871849
14  55  123.59013632317793
16  58  206.57896340023242
18  61  153.97803165432526
20  88  98.709535943851336
2  18  72.871990792862746
4  83  96.750066612917522
6  26  99.77114307188846
8  57  104.30083681016438
10  72  106.81002418116074
12  50  155.99392406485882
14  90  93.368259955283634
16  93  91.612461518794817
18  55  168.31565428476628
20  86  112.30021982140806
2  31  120.70102892704077
4  30  40.659373943125523
6  66  133.87834801047148
8  44  110.22608072387676
10  54  167.73632399124628
12  37  94.396118794599829
14  81  98.641029353178894
16  55  139.99623190405427
18  71  149.62883192291267
20  80  138.28344171867113
2  7  37.779157175733133
4  59  58.166355012099281
6  54  81.418462478891328
8  95  55.602485292751041
10  64  181.85207987186277
12  67  105.67517239607561
14  71  150.50366907362772
16  61  187.64001530603403
18  47  121.10576406950619
20  70  158.69801026947633
2  17  61.028264827987414
4  16  78.976988740578989
6  66  51.741256604989267
8  13  162.12325539530747
10  78  116.78322346547581
12  91  76.461822198725471
14  56  127.04475467065564
16  53  188.80964552835522
18  80  126.41367156543141
20  85  104.88997695963415
2  55  59.501882435318365
4  43  73.778120236121012
6  43  84.045888579345814
8  26  106.47663846150908
10  15  111.28885876759807
12  43  220.25181188407433
14  94  66.216873270449597
16  100  74.612024960560348
18  70  119.39844058214092
20  70  150.5626867186281
2  64  53.303534948282412
4  68  52.778787550910124
6  30  166.41097058314358
8  55  82.001098889531789
10  57  110.79719750631403
12  85  87.439582210502564
14  80  115.93735994916315
16  51  170.05253042022989
18  68  158.21008237005506
20  67  148.53312036596608
2  0  47.0
4  57  69.443429539043493
6  78  73.581775625302299
8  73  113.55763855615812
10  54  157.38783659921222
12  65  177.58833629944269
14  76  141.04269704574219
16  72  92.76363616372771
18  73  120.74507851462394
20  81  129.62047412312941
2  40  59.453953660835182
4  45  87.296438497753556
6  49  113.51224673343185
8  49  98.412027608167449
10  60  125.65079711494813
12  50  191.32370559350332
14  66  171.86976510747655
16  79  141.43057910858758
18  94  81.039125329614734
20  75  157.55358816591544
2  0  0.0
4  28  59.984242723092279
6  35  142.19306842338898
8  46  99.134810039739207
10  58  98.940081649234386
12  96  67.113125042455508
14  43  220.20074455134474
16  71  162.58755566526409
18  78  137.62083503503922
20  80  116.91501722787967
2  15  35.68627576024236
4  35  152.68226207302752
6  35  97.727169868238164
8  99  72.074173147969361
10  79  81.678339561646879
12  81  97.470348944607935
14  69  169.2359923563225
16  74  130.5380879429471
18  94  73.301603391782834
20  95  80.017397232025871
