2  34  34.456252667275763
4  23  54.382062943407639
6  47  118.79489591342144
8  76  115.63701451858451
10  79  73.501121263388058
12  88  77.407951918874531
14  54  119.74234130151021
16  58  163.48870177817963
18  76  79.063401884185083
20  92  74.332875497468805
2  4  49.999999999999979
4  52  94.065928042849677
6  42  131.93715018741787
8  90  92.716168152007498
10  23  125.86983020723531
12  45  213.46093178194351
14  41  176.24430976929946
16  86  95.093352432732104
18  100  74.795184656564828
20  59  126.18433867069527
2  1  40.000000000000043
4  0  59.999999999999943
6  55  95.116168417591567
8  75  111.38578523118971
10  84  78.898215457590837
12  86  77.84576154215921
14  89  66.931948916159115
16  95  81.679231165683433
18  75  144.33916478950024
20  94  64.82123436716131
2  38  62.579075731605457
4  45  112.44903298522611
6  89  75.327908423918032
8  21  85.359834267903878
10  59  124.54133387586405
12  77  111.93704716122195
14  40  221.97283484272981
16  90  94.296165626728396
18  73  170.5394831940587
20  70  179.40671534440736
2  21  42.106587659418601
4  41  90.375493869398213
6  27  95.157273267690726
8  61  83.700683819508285
10  58  120.33723454755095
12  48  175.89020790939063
14  85  103.8202961240324
16  88  110.58711233059289
18  100  58.456428808310861
20  93  77.132731625523135
2  29  57.689855041373612
4  26  115.60085612964146
6  58  128.62591777709071
8  71  74.349730329610821
10  60  121.05093390314497
12  85  69.049448575333628
14  100  48.772914857087166
16  51  216.49141099384252
18  68  188.0657720626553
20  77  106.45379449787521
2  0  9.0
4  0  2.999999999999992
6  49  133.80033940806473
8  67  77.48535145275325
10  80  105.02525084196805
12  77  131.32469559581583
14  53  179.12089505222241
16  60  158.83847564625501
18  94  84.567855080661175
20  89  101.33911312801125
2  36  64.427527166227122
4  47  86.928302184561318
6  21  114.12999888932633
8  29  82.826510847015399
10  73  96.05665005685718
12  59  162.29417313412122
14  93  80.702462067288039
16  67  173.84219119311919
18  59  227.78598655327605
20  48  219.4662608879583
2  24  34.526065488952142
4  40  99.680412094218255
6  73  87.948086784674615
8  68  118.30950662857016
10  73  147.41676267579379
12  63  154.4222223310754
14  86  86.348871070941144
16  87  83.83658578345333
18  85  109.84956467233955
20  93  80.342027128997756
2  0  44.000000000000014
4  18  102.86917946034245
6  31  62.188464593022189
8  73  90.409907347827925
10  62  119.34059746419666
12  73  133.60101121075417
14  67  133.66901337674372
16  78  148.07679030469887
18  72  135.36127040079936
20  87  88.164847347832307
2  78  50.696376199741451
4  46  86.849156134948714
6  52  128.22095272833764
8  66  61.009176304905566
10  64  110.73426182963875
12  70  152.83097404092288
14  100  61.077357748998253
16  98  64.031240054035706
18  72  148.78936560742963
20  73  154.08489404089417
2  0  0.0
4  66  122.70714214800688
6  69  104.90664861269853
8  71  91.737582145723522
10  22  192.66379197879897
12  92  78.338181311802003
14  87  94.185400251023509
16  90  113.25869495151908
18  88  99.406171035674632
20  90  84.779685243391938
2  47  44.436302551943974
4  82  85.56437868571021
6  17  156.32948546596811
8  54  107.36303890130236
10  29  163.52578121594058
12  61  82.480963483366835
14  69  88.476233204538062
16  81  113.96685008959713
18  67  156.70730182969325
20  66  181.00798617867198
2  24  47.823244644201736
4  52  64.787720351489995
6  63  124.98009389999027
8  78  73.089778529007418
10  70  166.27121319318408
12  53  150.91208369025324
14  62  169.23874111859016
16  81  123.83706315180558
18  61  212.03685673522668
20  76  76.031450360611828
2  0  4.9999999999999991
4  9  68.000000000000057
6  52  143.68308476495878
8  57  104.45770830248965
10  73  138.32140347172674
12  51  123.65213907226388
14  100  44.064195038234033
16  75  163.77870599912143
18  90  114.34584773123103
20  45  199.42344901609951
2  30  109.7384778638208
4  26  95.201062682111882
6  39  64.842486124952288
8  64  122.54276802098356
10  72  66.828874839661253
12  45  142.35104555985339
14  53  223.74302836273782
16  59  152.77473603615593
18  55  221.76824495798894
20  78  128.02538996401782
2  66  57.769272353576959
4  9  55.603413280101151
6  55  70.5819356964588
8  55  102.92181052139192
10  32  162.95819201292923
12  63  122.04849171700297
14  81  121.88526875608605
16  62  169.83898146488858
18  88  95.309060002493752
20  57  189.00254958502794
2  7  15.999999999999991
4  0  6.0000000000000036
6  32  91.449001899312691
8  69  90.667441118078145
10  54  124.4076311596241
12  72  104.09697473210608
14  51  177.93860235597333
16  69  162.80528679882042
18  76  175.85393689927585
20  77  123.56005832118366
2  19  31.211269666795673
4  42  187.99636922371934
6  45  95.587073558400604
8  54  114.63741625592571
10  69  135.2025965714987
12  60  162.76893789887853
14  62  116.61372802080997
16  77  136.10315277910615
18  64  197.46031351892387
20  76  166.80394530781149
2  0  36.999999999999964
4  90  88.486729635509931
6  77  111.28633782144962
8  23  184.24048065086274
10  69  86.910274625764728
12  59  165.9468396456156
14  91  100.66427473517402
16  57  156.80831800222711
18  75  156.94320943474531
20  88  103.23686263553836
2  0  0.0
4  22  45.977267690020014
6  61  159.49656717554774
8  58  100.64427128192649
10  68  165.7387198925089
12  60  116.62970187314168
14  83  109.05366933243512
16  47  212.74876963655097
18  75  130.58559276460193
20  60  104.44179565864971
2  6  13.223321503601836
4  22  48.171279676958981
6  44  101.89397837989733
8  34  103.59475054657474
10  100  63.809797987992511
12  55  78.357735431925676
14  74  128.4644901715927
16  100  69.217001151315003
18  92  83.24499023401907
20  93  86.418897200092658
2  29  73.999999999999986
4  36  78.223008342878543
6  67  53.821107510768059
8  62  110.80668671001123
10  57  37.199403151092852
12  61  180.84568117317792
14  77  113.256965117398
16  29  265.2692357355017
18  79  140.19632471044949
20  93  77.804676636155861
2  0  37.000000000000007
4  9  28.358886656148343
6  68  83.697068945449203
8  37  74.307204411419519
10  31  133.93818711386939
12  51  147.92896267210608
14  68  102.1080945972202
16  62  213.7518325171329
18  79  146.51363131578006
20  71  148.04432219248508
2  62  65.697899777883038
4  41  61.964754813656398
6  24  167.397939644519
8  25  166.46306409842907
10  41  57.956742271276077
12  83  89.85003604321048
14  75  128.91322588107758
16  87  91.916387936182659
18  53  220.14788093224971
20  85  98.922001910160134
2  13  11.968914127651662
4  39  78.025707571762013
6  25  103.29246568763295
8  32  137.62882329362256
10  72  90.768959242964826
12  64  154.3243564062889
14  66  129.91603763991975
16  80  133.936425996514
18  68  137.26644548801295
20  82  103.22108412700165
2  21  49.550316981130081
4  38  127.72555010284488
6  53  142.63464479960976
8  36  125.81381545531191
10  75  117.84146026699473
12  90  93.389827670767744
14  76  152.94077789374438
16  73  168.56606754564839
18  70  138.67219971541559
20  76  134.60874359063513
2  0  42.000000000000007
4  34  32.101256106152817
6  77  105.75982852348061
8  70  92.476311583541715
10  49  141.89255509129717
12  52  172.18460743342399
14  88  97.99124084452842
16  68  100.48600901324744
18  81  123.72170030963032
20  68  158.29035498261061
2  0  0.0
4  46  109.73265857656787
6  68  76.600891680409219
8  44  138.05710930217958
10  39  191.51582306261284
12  57  194.2257247800672
14  52  131.64264231510643
16  68  95.459072540230537
18  80  120.85882062127982
20  89  89.99574132444036
2  0  30.999999999999993
4  82  92.215863908201314
6  36  138.34300267686453
8  63  63.476258802393588
10  67  127.50657969916561
12  84  123.44615669229236
14  93  78.752350855243705
16  71  151.20688379135524
18  82  122.25519887869633
20  79  146.29536678588991
2  11  110.30514583265449
4  15  95.303227736678309
6  44  132.99597248516301
8  76  62.915311732946805
10  51  86.909133871519103
12  65  157.46201293177822
14  58  195.04037976603186
16  87  80.954122234464407
18  90  94.084058830298346
20  93  95.71349691733181
2  57  46.513859338043581
4  12  48.426818684804275
6  57  69.274362342068457
8  74  106.19389337372507
10  50  132.67838120482227
12  93  80.101697781178544
14  63  88.048501558040371
16  78  114.64914440260159
18  87  125.71034005190334
20  66  194.11618317956905
2  8  74.000000000000028
4  85  94.505750081458871
6  61  102.38195792339987
8  57  123.47671850453764
10  85  80.619343908072793
12  46  250.39643807770781
14  92  101.42538403454664
16  68  146.79516421795441
18  89  96.706157702084496
20  69  169.10099130237234
2  77  50.702972494530421
4  28  163.18356235802528
6  36  100.79086889528183
8  80  92.553381536229352
10  70  81.860527063058711
12  92  86.670771821648003
14  92  74.047865731498419
16  67  149.73693203763474
18  63  188.55640150753027
20  100  58.423010411476568
2  38  93.2920659814354
4  17  108.60794573676567
6  92  82.180801027629911
8  78  69.410715519180542
10  58  114.11700155808344
12  50  181.53761456218032
14  92  126.14740548589879
16  66  163.58665427171226
18  57  209.19750204128749
20  88  100.814855326895
2  66  82.379340717967636
4  53  72.19972527787931
6  79  103.1528952175085
8  39  140.51503926085428
10  50  188.66547870361853
12  62  127.3726628035008
14  100  56.736020955822283
16  82  95.216386405645821
18  64  189.50746669986555
20  80  121.06002643058956
2  35  30.729530806713594
4  22  67.583725208101342
6  57  86.574064051751179
8  22  107.28669553614013
10  73  117.50393510969458
12  86  93.392350437039781
14  80  108.8950220189685
16  56  209.81724976530106
18  70  158.28193350939057
20  54  217.27754336756453
2  0  59.0
4  70  90.018662947670521
6  54  112.88670522543778
8  47  111.94078754828122
10  100  58.490155767741591
12  35  184.17839528021295
14  65  163.87509682681957
16  88  104.13882603388932
18  67  155.16581718444422
20  75  147.44290837895545
2  2  47.999999999999936
4  14  66.570942755676469
6  53  125.24132569473346
8  35  133.11934808132673
10  74  75.087472138442422
12  62  118.62114894875097
14  54  148.19113616856447
16  73  176.16400682207293
18  77  161.8599278264883
20  63  177.03657634311315
2  5  44.999999999999979
4  41  58.493994323911025
6  59  83.988080975784399
8  70  142.47194964013337
10  54  103.83233123767921
12  86  99.320612747386619
14  92  81.084326191446593
16  83  103.67932296076319
18  89  81.2024613774729
20  76  141.41250094933511
2  77  39.981547888180067
4  42  76.868186129075852
6  91  63.776931159521268
8  21  150.65301981650319
10  35  125.7883214864226
12  94  85.101854161397938
14  59  162.9527558631126
16  73  93.858260060196343
18  79  92.988358123310789
20  89  117.07423439447936
2  24  63.845210172572756
4  44  90.368976352503807
6  53  78.886338933328148
8  96  60.609142072323586
10  21  102.76661805669048
12  62  146.81575233888188
14  67  127.9055961578598
16  79  148.92280343636173
18  92  88.082437489344102
20  68  140.75951086338105
2  56  53.00532885028197
4  2  17.000000000000014
6  24  117.02122473547834
8  41  130.03999099320799
10  20  173.57405509060334
12  87  81.52721066774204
14  60  87.090937488140725
16  90  107.94239579550626
18  50  177.49119929569602
20  66  85.558166584669138
2  0  38.00000000000005
4  21  58.052446558992528
6  66  89.530072011243945
8  71  69.820048639283968
10  64  110.35917311546888
12  78  132.55215120914539
14  52  195.25208572661978
16  68  158.2414192250522
18  89  95.156455611655772
20  83  133.88338080313008
2  10  72.215573129750965
4  66  67.544245505748918
6  87  75.151043499362828
8  12  113.10453004332837
10  41  102.52808514506849
12  76  129.53943284498175
14  81  94.484149059565837
16  77  136.8441365666248
18  96  80.473027441141966
20  62  106.56238813517315
2  36  70.78988378050893
4  40  64.652411938731902
6  40  114.53515545179806
8  51  67.396716450714592
10  78  97.83608218713249
12  69  102.2426685497755
14  51  102.78581274037174
16  93  91.047303756444038
18  89  95.934949533316143
20  91  95.575827081713797
2  73  53.013493797349739
4  53  38.530568715154601
6  75  90.025770101058242
8  18  120.89388189787707
10  61  133.71598298391032
12  75  110.79894569437835
14  84  89.963182693704212
16  84  86.782244781148748
18  89  77.311248520025032
20  72  149.11454523069273
2  23  21.571599760972617
4  47  80.839325166981524
6  21  118.12240779189844
8  54  137.65872952990327
10  44  128.76672427874922
12  79  73.375075828684885
14  98  68.781614516888524
16  86  94.368606577940682
18  78  138.47817701978249
20  69  179.93850700390587
2  10  60.630248605300622
4  45  90.499772599377508
6  53  111.17344077682766
8  70  142.39051068124621
10  66  142.89233298047517
12  59  151.39489792563671
14  70  170.75696842937438
16  78  67.706784751505552
18  69  129.55461832368692
20  83  131.30945024639854
2  32  98.408421912150359
4  69  105.93010843595574
6  58  97.583895457875741
8  51  190.51403020864143
10  53  194.68894000704958
12  73  97.065311190446721
14  93  68.660632827439812
16  62  174.74497573970172
18  83  117.15939076395698
20  53  205.38852140041615
2  0  67.0
4  35  99.145391027564884
6  44  101.19094667853884
8  73  71.310163447517965
10  56  161.03113438183237
12  36  111.97374505921901
14  68  135.63670769164202
16  83  111.40956467414519
18  82  125.96414435520195
20  93  71.781417409701689
2  31  32.912891099938811
4  76  95.924596238583575
6  29  103.7282708833726
8  72  125.01805023460724
10  39  224.8388170137361
12  54  196.10355727151295
14  59  142.67948733546356
16  82  101.59358119317194
18  87  86.311062945389779
20  73  144.55192937558786
2  14  49.283489899964025
4  14  76.890220777659053
6  40  66.36658125829112
8  39  100.78106619606994
10  83  78.142948980706478
12  23  169.49743389140565
14  90  89.962817743530437
16  89  98.303963431475267
18  51  182.92238462710168
20  87  86.464591650479107
2  72  62.063171166383775
4  39  86.082662524542556
6  65  112.72377178794295
8  65  122.3236663457285
10  85  96.922323573247184
12  74  85.324426816412455
14  64  171.72792577232684
16  81  91.736410851432993
18  70  138.96032978495683
20  100  62.848358177907187
2  0  0.0
4  31  83.920259011858974
6  61  120.11196862639659
8  46  96.045019966592662
10  82  112.06858675051059
12  62  146.22942098933999
14  76  64.002843658325716
16  72  179.52997699792343
18  83  109.90393863872096
20  74  161.97441243446377
2  0  48.000000000000007
4  33  57.018674709027422
6  44  126.34324143867397
8  77  88.055767131656197
10  90  90.104709521745804
12  42  201.47814005695705
14  71  120.1641779824577
16  71  120.15784096871919
18  90  100.21192884786635
20  78  133.93079711823381
2  10  56.466896091537592
4  3  56.0
6  40  110.83215224644087
8  56  77.218890594775175
10  54  123.4526135903035
12  93  67.939806234627881
14  77  104.85161094180506
16  75  154.07377737036666
18  74  154.31365518683842
20  72  147.46800850362823
2  0  19.0
4  28  130.33806084060916
6  29  64.740759790222342
8  16  156.86696877941927
10  75  111.44145401054203
12  57  154.18587280227564
14  96  63.901623149648493
16  98  65.591756241871153
18  34  213.18252912634557
20  100  64.282488265238982
2  54  72.008979200727211
4  88  84.968521653451447
6  52  93.190341244309238
8  66  77.44525189278562
10  74  121.00964387301522
12  56  173.42680085656988
14  40  233.97751874859944
16  65  141.19146627221306
18  69  156.18018886568146
20  95  79.425565446843535
2  0  16.999999999999993
4  33  54.996289870520798
6  25  101.44275450150019
8  93  63.47352605802331
10  54  158.2925586401974
12  54  153.38136475166752
14  51  196.54895556090915
16  75  180.82422561804492
18  69  172.55221342479842
20  93  73.666224941724849
2  5  48.948484146747205
4  27  55.517295548818836
6  54  75.845108056493572
8  49  93.869577808806653
10  57  113.7661492557471
12  48  188.4457323486682
14  83  102.46976896958577
16  62  189.98803183300333
18  71  155.24235201939314
20  100  51.057798040985929
2  4  28.246963391065506
4  56  92.177200450286136
6  78  103.08749229632195
8  23  105.77041394874176
10  65  126.11741914057721
12  64  114.42762201262775
14  100  53.44712175177191
16  53  221.9732208207937
18  78  143.61664414663298
20  87  92.647424857781232
2  0  29.999999999999961
4  28  78.035186951323183
6  61  90.001831382299514
8  69  116.8708660788599
10  85  83.385374023123589
12  90  52.637659948327283
14  100  65.222021870078279
16  70  153.00956371681934
18  89  106.62439006229738
20  65  184.35214006969801
2  33  68.969127223640783
4  72  65.121967155242416
6  23  92.754913566362518
8  47  149.47408126600808
10  56  137.68429020688021
12  94  72.106271366453385
14  77  108.56676508505141
16  75  137.01596134062495
18  74  96.747434911624779
20  73  118.52092385945605
2  99  51.779539213333642
4  16  111.68603467302862
6  70  71.448771287783032
8  22  77.823129339518871
10  94  78.688139501353561
12  73  123.29989761541373
14  48  214.85822106395284
16  68  177.52277540890313
18  72  139.23908704526721
20  87  103.46697277248526
2  82  81.643226342238322
4  33  94.476998367751264
6  68  83.739112003061436
8  36  128.7198825417737
10  39  161.89707314783237
12  79  93.78354858807117
14  68  158.75119537427247
16  78  143.17470500169836
18  78  127.82554955316724
20  72  145.17171894850364
2  18  67.890113663380319
4  73  87.063282574477356
6  42  124.59731396627218
8  46  144.61896041595716
10  60  108.81999895368685
12  58  124.26983078143434
14  85  99.50060150556034
16  70  58.247475750577934
18  86  120.93725999547119
20  70  145.69881032879113
2  18  65.264252920795627
4  49  60.733537526504861
6  45  85.889364929095862
8  51  162.3037603825934
10  84  94.920177263540339
12  89  91.943271969964982
14  58  201.81278577576319
16  100  68.409028583414141
18  75  126.94360565473733
20  99  48.180902626136593
2  38  60.506772227378384
4  44  71.00568902295403
6  73  71.366572970545235
8  72  46.915397430000638
10  65  167.39292829189088
12  47  115.91944758587316
14  54  104.30871419088872
16  81  125.52005351782542
18  91  97.869465114724889
20  56  207.32751693273815
2  50  54.334762592159478
4  34  126.82327262328877
6  81  100.74737862932788
8  51  118.59417831117386
10  58  126.20329087510808
12  78  125.78040150078036
14  83  114.02147488756053
16  54  160.52830605017436
18  73  167.24598292944208
20  89  95.432665513839993
2  16  64.482292030281158
4  26  66.767790328883635
6  54  84.794646402769544
8  61  111.1617336683089
10  22  243.43517376500429
12  54  155.03714334860811
14  79  126.12754980343462
16  59  173.66442637186296
18  89  106.47260940415232
20  70  166.483032303963
2  30  72.610184464652292
4  42  42.224362659032629
6  82  85.642985975177012
8  67  141.5018666031599
10  66  116.32305237891444
12  72  124.67587655371733
14  73  125.14029411737749
16  75  158.12601573889941
18  88  94.969008611151054
20  85  104.0112186678502
2  8  53.79496172639594
4  58  81.443204567410461
6  38  71.821791950852813
8  98  57.649828259380556
10  37  111.67764411783823
12  77  148.73914395779806
14  88  101.78796888017747
16  79  129.61837560581807
18  98  67.226196933645596
20  58  216.43579398377187
2  2  50.999999999999943
4  33  86.817852816707187
6  42  99.013886137458101
8  91  81.526920921264235
10  64  126.89085005992395
12  81  108.92812393536191
14  48  126.74859664792385
16  71  151.8658472660025
18  76  142.45802056302446
20  70  169.48527663199479
2  0  30.999999999999972
4  43  72.644174593108772
6  59  102.79805421092136
8  68  114.75775456752626
10  36  143.88561460772328
12  94  76.05061686122778
14  91  69.817974712093147
16  80  100.08777580605415
18  59  174.27357454654427
20  86  123.94214379416168
2  17  98.07062245432499
4  6  29.999999999999996
6  14  73.503606281684526
8  37  95.204606187611674
10  79  99.49224249087581
12  80  128.05951258784731
14  52  225.02723954501107
16  89  94.87828778168118
18  57  227.45572367147099
20  76  157.4475835963398
2  12  66.731737497539683
4  25  29.658169494017642
6  37  150.54236732477784
8  35  97.819973807019196
10  48  148.54047866685542
12  64  56.820391814787222
14  81  135.28925998583327
16  69  110.15587501796188
18  83  115.88130381725189
20  83  80.168869053132866
2  7  72.10127904552256
4  29  67.47314830160964
6  84  60.060898494993488
8  20  120.78534359844306
10  59  78.828579163540368
12  64  123.917275909026
14  100  50.349475568628712
16  80  115.51946809576187
18  79  97.855619879393046
20  72  172.89717834399949
2  9  72.443764102187174
4  32  79.222603820435907
6  37  74.857450475654474
8  48  123.9224444618328
10  73  112.04684259640409
12  65  160.130380770866
14  92  68.451301095122531
16  80  115.01615376807105
18  69  165.43235943242178
20  72  177.56333610552701
2  0  0.0
4  70  77.744898638685967
6  46  78.274423385519697
8  83  103.76625334301575
10  96  69.515468340089015
12  65  165.59579885556499
14  74  135.73138724054783
16  64  191.94554553680953
18  80  137.2727200680053
20  58  195.12818564749986
2  0  0.0
4  45  65.683522728713257
6  59  126.08407985115404
8  61  90.245401308419218
10  68  126.10125600924069
12  93  98.912207371678292
14  68  129.26917912632712
16  93  85.174361888043322
18  100  69.576953379352872
20  73  130.65841147627188
2  5  37.000000000000036
4  1  148.0
6  61  102.93930034284084
8  11  45.202573543410146
10  66  70.102320914935731
12  57  120.92836273664402
14  72  98.242944650440194
16  90  94.290646479728466
18  95  65.840275624299906
20  85  111.55719499821221
2  18  40.26201856955138
4  42  145.55718903336265
6  70  102.37791778024871
8  21  49.4157600155267
10  77  128.16387188487775
12  69  153.43028701773534
14  77  94.059003119768647
16  44  186.75260209863924
18  88  107.35463566714381
20  74  168.65379744244825
2  18  120.23598040302734
4  29  58.843080235929882
6  26  35.681420614839055
8  68  63.436999485846542
10  65  129.66617688082911
12  67  130.20507940958061
14  49  251.87596920250488
16  82  135.52375082463084
18  90  101.20853728635267
20  88  107.28354731854732
2  36  57.000000000000007
4  22  125.06096838883789
6  58  93.876496611334289
8  60  93.715909888865653
10  57  106.97431181595682
12  83  93.014893189698441
14  68  164.03791082699701
16  81  123.93529413141697
18  87  116.91457301613021
20  83  129.93003282496539
2  0  13.999999999999998
4  51  42.63732722039552
6  36  113.09640209349115
8  45  101.49030866927949
10  38  183.50606682102338
12  60  172.90217862757862
14  77  128.33807096912375
16  77  121.03286036741059
18  81  99.053947739468541
20  70  172.80173175430591
2  8  64.458346600409271
4  40  125.14786361371159
6  87  95.480073832293229
8  70  59.534269107590156
10  71  101.64070764670468
12  65  122.17775597240939
14  72  160.92920327888942
16  53  222.64712623789467
18  61  178.77290077238817
20  82  88.562540214005395
2  24  47.049486919243435
4  24  87.48364011338623
6  21  62.247575278563808
8  97  81.175343491128586
10  79  80.780469295842053
12  85  79.613010373577424
14  55  218.47976484688152
16  86  86.832432565455065
18  83  102.35915008711004
20  70  97.901329337818993
2  63  49.233796726210691
4  29  95.155929981103966
6  46  122.0587016086867
8  45  132.28355168991061
10  69  88.907693972422379
12  36  173.87293469913797
14  86  79.852565694080809
16  36  117.40306274746833
18  71  165.70117847433986
20  83  122.15175155824437
2  0  8.9999999999999964
4  35  63.529966050204266
6  35  125.53257076531575
8  67  101.21889017642249
10  78  116.13682307372187
12  100  90.16396263591129
14  80  129.1569038750612
16  93  61.671834501795487
18  63  177.34931991567683
20  58  201.88604252553688
2  47  43.513918650472895
4  41  103.49468601493977
6  85  95.372424850087924
8  87  98.106756084057579
10  56  65.921352868132061
12  88  87.058794340436847
14  77  41.996284442628649
16  66  152.96867533243835
18  72  152.45102209013672
20  61  187.83662017241963
2  48  107.93244755295676
4  56  116.70737241372883
6  60  60.773991464143009
8  21  108.2305131049205
10  59  157.51277175323173
12  68  111.21830911732869
14  81  118.75618988721868
16  81  136.57983575922103
18  69  111.90130515573652
20  79  135.94676093520269
2  22  57.343811040966379
4  20  78.675948968561784
6  21  103.07479401932341
8  20  94.995831829700037
10  70  145.89245600959649
12  64  156.13872161745175
14  86  109.32891283739608
16  91  92.976502781870892
18  71  158.13332088619038
20  71  207.51180761948629
2  0  69.999999999999972
4  21  98.485486553136326
6  72  77.011375082045305
8  50  129.73068568047674
10  64  73.183806286320106
12  74  131.53216201967356
14  79  89.214967818460906
16  72  144.05440812002365
18  77  113.36383435375777
20  69  182.5292757802624
2  6  56.304702430003132
4  93  68.068860700322489
6  40  117.82626515830908
8  70  139.95431933217503
10  65  136.66753645802265
12  85  106.65075386300754
14  86  104.49496359292056
16  65  169.35662582540289
18  80  131.96530189529412
20  90  100.21524258783727
2  37  34.282553819314543
4  23  65.515413751026671
6  44  105.59670673838652
8  36  83.853185158543255
10  72  96.845373564288309
12  54  166.46969003432423
14  94  77.639139425559989
16  52  204.22429242226889
18  60  134.02658628035189
20  74  127.80157587336851
2  42  70.167105292281306
4  21  156.8910022544934
6  62  122.85497365074808
8  45  110.50678557981922
10  52  128.57200729248623
12  84  117.32026486069699
14  96  52.226711083278872
16  77  96.009497988550265
18  71  152.01008541331976
20  71  172.85399215473549
2  21  52.990395641856907
4  10  70.868143162424232
6  56  96.436996525493058
8  25  173.48554086432191
10  64  173.04946386754642
12  36  192.7165818244593
14  100  80.457199918389421
16  84  106.66785574185795
18  61  148.71455805575769
20  92  62.150892572307768
2  0  31.000000000000004
4  32  77.314423041451803
6  82  79.969897841113038
8  57  122.3212782201184
10  71  88.898830511278987
12  79  103.83106859417573
14  79  132.16716012522494
16  95  78.084696714872791
18  55  171.06830899528708
20  85  103.64051877415388
2  28  27.549306473315344
4  30  56.618133317274278
6  67  74.750128511833282
8  78  138.52014854705732
10  79  102.12168368429828
12  76  133.28977532260191
14  95  70.950034707112394
16  75  148.86079425329649
18  80  89.879138575182125
20  70  162.80857556343639
