6  20  130.39030243374086
7  30  306.36135667151814
8  20  646.98275424515521
9  63  272.78643935081425
10  50  247.68834496619556
11  63  121.23488172660778
12  55  349.40138184522579
13  64  264.02794577528084
14  92  61.906014470825383
15  51  483.75906909612394
6  27  235.80218645440706
7  53  177.29954097804648
8  17  374.4824537052686
9  63  143.43010618408076
10  61  263.77214160453991
11  43  411.89898817788838
12  66  152.6149912325283
13  83  88.107147073991058
14  87  109.29315997492394
15  69  262.84792354874867
6  38  170.16873064160015
7  49  145.04441709630188
8  40  351.18955202779273
9  67  113.74508465676917
10  68  171.62757933846984
11  65  284.35420630180306
12  74  171.84227477937304
13  91  48.91436759761126
14  61  285.2187020480215
15  96  22.774255595311221
6  15  273.73432766547995
7  50  234.49744559435621
8  31  309.02592926362428
9  57  126.46205664970795
10  82  87.178721805181382
11  42  299.01169394731176
12  54  176.35171714388653
13  66  224.8529462964481
14  90  77.9271489253113
15  94  44.656691325869538
6  46  106.50605176422775
7  40  157.24657648849723
8  54  178.84415549163973
9  53  196.23736609417921
10  57  213.63713106626147
11  77  198.29326136530094
12  73  199.55513503699294
13  67  243.59038802020405
14  80  176.84218052237139
15  71  155.37853486272073
6  32  216.68029626122654
7  48  253.74657095675272
8  67  116.29365582667278
9  68  124.95883700891058
10  75  133.16440733693128
11  65  306.9659219528981
12  73  223.26485044666421
13  33  454.35952509712058
14  91  69.568726436416327
15  71  227.09615000905734
6  36  253.12123218336268
7  27  190.44981816821436
8  68  218.16829268348491
9  51  262.10775793089329
10  64  162.20228055330099
11  68  148.52006834696385
12  68  236.26068617160058
13  72  148.93676711231498
14  84  120.59299369851165
15  68  308.42539190139155
6  26  276.89269483424221
7  31  182.79553738516213
8  75  125.65521766172422
9  41  224.72804517642541
10  54  171.1419426230508
11  58  270.61992623490795
12  75  164.2718566292732
13  86  100.33345959906173
14  70  250.20818029519714
15  73  212.97249930584462
6  41  240.11604197870179
7  32  236.06348479451626
8  72  115.85995138245713
9  51  283.00933030563442
10  60  277.55539326004725
11  65  215.17252298720288
12  58  477.70768274098617
13  69  210.20004488257982
14  55  332.64055631242985
15  84  125.66556537072199
6  39  166.20485233203362
7  23  233.0442216707807
8  38  330.88545776410882
9  76  134.30817341497354
10  55  194.68993246946192
11  50  237.15229329519198
12  46  293.4991144637039
13  80  165.31409872195346
14  52  215.07936721945427
15  55  437.72191993865675
6  27  293.70335816265703
7  58  214.11112203156682
8  70  160.97775375515187
9  50  169.50497214473535
10  39  393.7603751504015
11  53  371.11155102843384
12  57  288.84119141333076
13  87  108.72445290751995
14  79  156.68019839956264
15  48  460.06065426744863
6  33  192.48195428021563
7  52  222.13177440110437
8  46  214.39781388519154
9  63  152.85277602051795
10  76  187.59059228704149
11  66  282.30312136223716
12  57  277.13985594882951
13  69  223.17057114298964
14  77  201.70438666173999
15  91  96.82472036346465
6  33  190.09198025817733
7  52  146.62422871205035
8  55  220.46345507593955
9  56  298.35852907702218
10  72  174.57513851779851
11  49  239.50259766852034
12  55  393.52927154961139
13  75  165.71450866259386
14  77  196.72520295925949
15  74  234.22985030324074
6  18  326.20117793682402
7  35  242.56198251330224
8  61  143.77191310422327
9  72  157.78353124438604
10  38  357.85068051371678
11  30  313.64326736167294
12  67  292.61563009268548
13  49  399.46184967000124
14  86  152.70928128552714
15  75  170.78588687626828
6  14  214.88822248421059
7  25  394.90572150570659
8  27  420.50035370838805
9  28  334.58104957507345
10  75  138.27403200457701
11  31  404.67006579995609
12  90  67.939609303588369
13  64  207.4700182460551
14  81  158.29230736790481
15  60  266.08421623179504
6  34  105.18042051766805
7  16  422.16598358188895
8  26  440.96259547373666
9  64  139.37943040710934
10  42  340.31859820441338
11  71  248.39557645980361
12  39  488.85597209637336
13  60  233.36855161213734
14  74  210.69158398165163
15  88  100.24158547557684
6  44  335.18881277406973
7  53  243.59819307242742
8  52  247.69893621884927
9  48  215.70156530793986
10  67  188.43758185869331
11  55  309.76705991069315
12  70  220.79813121036452
13  43  475.72447550467302
14  96  38.428777284115775
15  72  187.66815849296589
6  20  166.07593798511161
7  25  181.85941557336969
8  48  176.60327754272342
9  58  193.98427314893826
10  62  162.57794868162878
11  65  215.03308826881653
12  69  219.5555337261076
13  43  449.70013919561791
14  91  71.403335459440797
15  90  70.801190055903561
6  42  228.06164940991388
7  30  212.48183008744405
8  60  209.36959449174813
9  48  322.71079054351208
10  34  636.08117836776978
11  69  133.5871057894023
12  81  97.937319946694615
13  72  268.32468569230332
14  84  127.44275725589246
15  69  239.48893382717534
6  38  260.50294040596975
7  28  270.00125003910603
8  41  260.35224677191752
9  72  157.49521356776083
10  69  132.12210831454064
11  41  412.84842685406284
12  58  328.60527520450177
13  76  208.46677676081282
14  95  30.375742298251218
15  56  316.67415175870309
6  39  174.69681318745191
7  65  128.90972416894243
8  67  108.05304593500053
9  35  410.3837873993341
10  45  228.28585435093743
11  52  224.10435999686729
12  65  220.12578276029163
13  68  185.21320082712327
14  87  97.714985249600446
15  85  126.04913423015192
6  48  168.86044033911506
7  24  335.47390547741321
8  62  278.39081865766258
9  38  404.05274589880878
10  62  165.77231983246241
11  50  328.45334545903819
12  41  526.99016995559418
13  63  240.86348187734058
14  73  193.08639040480864
15  35  392.65830249059292
6  49  167.48505053559535
7  62  96.674087733047486
8  70  184.86801465710116
9  60  249.1077270885794
10  71  156.06418778109779
11  78  133.84265932900377
12  72  179.94259967656001
13  88  137.26480489838025
14  79  157.1732205723348
15  96  36.613898550936618
6  45  220.76526952285414
7  47  180.83581357849408
8  52  227.01591712356202
9  35  312.92105938153031
10  40  400.77402681546835
11  33  460.92444736232147
12  61  273.52855220687752
13  85  126.92574439734865
14  78  117.44748289475893
15  90  79.04769482056092
6  14  156.20005750499061
7  39  209.47186894213885
8  44  267.98254530899561
9  62  186.01768975181778
10  68  202.77620714775048
11  78  150.60810148624773
12  40  301.76606115311546
13  79  196.72463490407441
14  84  131.69003563227071
15  66  194.88333338870564
6  36  125.49835631883211
7  29  188.67311188872981
8  74  146.49799210356528
9  37  235.0393786131842
10  39  376.04879322065909
11  54  293.08464041634659
12  65  222.94306064019813
13  80  168.69563454505175
14  71  178.21770520826416
15  80  192.84257450916195
6  33  224.67656651297958
7  44  360.75581065570469
8  67  179.28731486596553
9  50  256.96718838992513
10  56  179.66826705242261
11  77  184.15727137675137
12  70  158.9800108691237
13  78  152.82248081684389
14  84  90.676256300253883
15  56  372.78085485556937
6  27  94.120062764829029
7  24  173.02895146920778
8  41  319.47213521831094
9  58  317.98669221611385
10  85  88.09945460592904
11  55  281.84784823294967
12  66  213.82523550301281
13  33  528.97565779571903
14  43  334.01069681331899
15  63  329.61704995934838
6  62  182.73909555707442
7  31  349.94710919490024
8  59  243.26747516595617
9  64  187.88713681069984
10  59  281.00401083693981
11  56  282.35456996890184
12  58  293.17902325022362
13  75  176.84784176360026
14  67  211.5422461070379
15  60  380.91618526599717
6  53  65.314726067046408
7  29  450.13582751429175
8  49  237.35003050041564
9  73  131.19899835145569
10  42  157.2112328405299
11  56  262.56948540135721
12  73  170.69723937181877
13  91  71.670026456798226
14  68  264.76656933894475
15  87  99.566467679670069
6  40  209.68588210604125
7  47  222.03344139423973
8  38  210.08916221737968
9  26  331.58865450941221
10  67  254.12288674508582
11  60  250.99801119757191
12  56  286.0362636754482
13  62  206.956708665447
14  86  76.577801663367865
15  76  190.4583578320709
6  43  120.8438397196261
7  46  226.08048937544197
8  43  131.05280438381263
9  53  269.43545021123737
10  69  140.17156593717755
11  67  173.45952105995445
12  70  173.25818841657542
13  54  410.73767639197911
14  69  188.27070209120203
15  75  165.15950772867802
6  24  115.02817145727654
7  24  365.5546857387701
8  33  359.70034620014235
9  72  115.77920215069196
10  68  198.08985757359642
11  50  186.09471352799358
12  74  143.46938307889781
13  80  112.53818578495245
14  96  24.63908561605788
15  91  71.175645939841445
6  29  127.31998862487934
7  29  370.95474790535957
8  32  462.52594321906514
9  84  88.771463964150314
10  48  241.64977488226387
11  63  236.61998903872953
12  74  167.86757189276915
13  64  298.62124489122289
14  76  224.96852082188838
15  84  159.66508714680032
6  42  144.23358813713509
7  30  190.35110882398899
8  25  288.69815857689156
9  52  354.4636274925154
10  38  265.71151275709371
11  87  78.501461071474935
12  60  247.13086485090187
13  68  206.92100893243671
14  77  203.63691957506995
15  78  199.90806808586507
6  40  113.92725680526253
7  37  306.13484157721996
8  39  311.01981428126589
9  53  157.06319194355601
10  80  83.0976933283184
11  74  190.74962146952967
12  78  130.21753584542085
13  72  195.25645411492263
14  35  579.03936220209346
15  84  102.23175234689168
6  35  220.81478419161701
7  35  275.43866960682186
8  26  164.79526518094571
9  48  215.81838358445927
10  45  185.17544727446804
11  52  210.47258481675996
12  53  257.07470966561533
13  85  142.95070530647362
14  80  156.110483082081
15  89  84.586845686074767
6  16  260.16899766343965
7  59  145.95290618879099
8  72  134.46163778273274
9  24  296.79267785996387
10  57  209.55659163133632
11  58  297.02623104205117
12  78  144.68414996608041
13  79  149.84757902096038
14  56  358.54442187796514
15  73  196.99599611118671
6  32  192.83876506024936
7  55  150.82180965923331
8  29  108.58219026267554
9  37  417.32174837560058
10  50  327.34947318815432
11  35  325.99972309926295
12  74  159.63186995377086
13  79  144.87606296765341
14  70  238.0081828190504
15  67  224.40198400187984
6  40  130.18187252258815
7  35  250.72457992751075
8  33  286.15871001379963
9  63  164.39531071863652
10  36  282.03074187183154
11  56  225.8403261715103
12  66  348.35317872429084
13  82  145.77730937796019
14  50  458.36742105015509
15  48  398.66636895913604
6  35  170.61429225139017
7  34  204.8254479196388
8  26  462.49030122369834
9  57  212.98057367793123
10  48  241.68279402728439
11  56  176.25143060772575
12  64  187.04451816192588
13  54  408.15332056279772
14  80  178.11843573221364
15  78  167.27200577442201
6  19  175.6618164743208
7  45  293.81146540525782
8  59  215.41972971197481
9  25  441.97775697768077
10  75  176.58762619657793
11  64  273.11508860020649
12  63  232.85610998419017
13  60  326.53907420870047
14  70  185.74591630900107
15  92  72.227641803048769
6  35  198.84644847196444
7  38  356.11116029679584
8  39  178.30536778962696
9  61  191.41461408433946
10  47  302.83693338061505
11  53  213.93116808244056
12  67  190.98686504460275
13  57  266.98279312632201
14  75  172.04364469151005
15  94  52.831111045405542
6  34  411.24106584887141
7  31  304.00226188946471
8  42  139.32921775645551
9  45  264.54679496393209
10  56  250.36138078960269
11  57  279.16071913957762
12  74  178.90840225978752
13  84  144.78741799156992
14  59  322.68475162250087
15  50  315.54817561834426
6  40  200.25655297252405
7  40  471.77748172022086
8  59  147.37546087454763
9  55  230.37080368077096
10  51  217.16516133375794
11  58  313.35890543627187
12  54  273.6105511440087
13  73  213.0
14  89  89.812569563126246
15  92  98.351310338490137
6  36  178.30931885768507
7  35  142.87982933295424
8  51  138.80799790197779
9  52  222.12582876219523
10  53  263.14744787400326
11  51  326.69942340937655
12  93  53.687324180096091
13  73  223.48297707633253
14  78  168.870279949365
15  77  187.53013486137903
6  28  169.04945361148691
7  51  249.0470576831967
8  54  140.79620093382354
9  28  478.68487337995145
10  62  254.98448167844447
11  62  260.52290594732978
12  89  105.10664176911885
13  78  188.58437805504715
14  84  154.59567572867724
15  75  172.33676957545288
6  37  190.51985328601594
7  52  214.18759543804441
8  33  363.25668693171929
9  34  400.21619683070537
10  59  225.7458519988553
11  29  531.68359444167891
12  50  378.19731208691047
13  78  162.19968794144893
14  72  264.0684039283924
15  69  262.54251764268349
6  35  319.34912799719893
7  38  290.33554450616936
8  27  359.04274728903408
9  75  139.13880482679687
10  89  55.148283065131082
11  24  680.02427847236675
12  58  332.54717630116198
13  84  106.00000000000001
14  61  263.40165628531804
15  76  160.9279218729296
6  31  292.90663364770091
7  44  158.45243027885562
8  98  5.5288325159604428
9  53  231.8413784223857
10  19  718.49180263234746
11  65  191.3529210533585
12  76  122.60044090871571
13  60  311.51362793284812
14  76  242.12490857371489
15  86  165.23749628358715
6  35  221.41769343712474
7  73  146.39727681151467
8  56  170.92832337557473
9  63  176.26144506791678
10  53  279.02191731211911
11  63  324.46778072864532
12  41  380.27401779708504
13  51  462.0801106131749
14  84  115.71958574422555
15  87  136.00000000000003
6  29  202.55402053962783
7  23  319.98104684453511
8  76  115.77778784158052
9  46  184.33449891368849
10  61  235.47948618382529
11  52  338.84850132129742
12  77  201.04630561155236
13  79  162.01653659484131
14  89  78.904221343375454
15  68  249.90633476143088
6  28  254.51669626299855
7  36  188.28681753795161
8  47  163.26912085531686
9  40  352.47554907152107
10  62  320.55721339683174
11  59  237.58619589863247
12  84  104.24238303078039
13  60  355.55591665380092
14  100  0.9999999999999879
15  81  138.30641718581956
6  31  237.12667113216003
7  61  107.58237225802063
8  66  234.82630590946877
9  61  188.07469592269942
10  80  100.35409691482869
11  68  224.70093079166813
12  42  389.78463089621306
13  66  275.5531801033344
14  66  285.80474113613798
15  76  176.77626969714194
6  22  366.08906390022094
7  17  324.47736479659011
8  12  449.30861305670567
9  48  212.57537327543167
10  80  143.69342724453506
11  62  258.61100335031631
12  86  88.298910100733039
13  53  325.97849147545281
14  73  172.23717366302543
15  84  149.40238974271293
6  30  342.03580806966721
7  53  157.10056207567192
8  48  231.58628811556102
9  61  169.01961893131917
10  55  213.80995213823087
11  92  45.733028839680195
12  73  144.36692387049635
13  28  502.50929664185321
14  65  200.87431568712086
15  79  169.47042872576503
6  23  217.45152947698585
7  40  233.67684308468401
8  34  207.29509759643071
9  37  309.17497750831325
10  56  309.08784891189987
11  63  233.00361349996228
12  77  122.7410534709862
13  63  204.54752683129212
14  81  143.53862898715732
15  65  310.92386797403549
6  31  171.47111097233667
7  29  437.13410892974201
8  26  347.0596447352454
9  84  54.894080920952746
10  49  262.99896611526162
11  29  458.34693526888293
12  74  166.59494193715099
13  67  255.21805833632251
14  67  300.8973372111725
15  94  46.186072666617406
6  49  149.13365635539336
7  38  346.89639059295911
8  35  298.66830122158177
9  36  247.63307726423699
10  53  323.29056507404033
11  64  203.3822475058993
12  70  282.7853684914283
13  78  149.53664958019928
14  85  128.60803506097938
15  84  110.06120897132679
6  34  244.81447857609723
7  44  166.68071223242191
8  51  232.57803539912553
9  36  548.35030565425348
10  47  308.34401511490438
11  61  191.75262417478007
12  24  396.86080199078123
13  66  257.52494566369637
14  93  49.532650702393397
15  63  218.71252392882192
6  35  113.78579809175403
7  50  88.692808010719261
8  35  288.7753960533683
9  57  112.99244778419306
10  64  219.55729000258998
11  78  92.745037228675855
12  35  225.9969965537874
13  36  469.84010771566534
14  46  274.07057397099038
15  97  16.897048047572042
6  43  271.12307183203495
7  67  116.0044591295909
8  48  175.81931974435793
9  48  370.07602954502153
10  35  314.99140816289412
11  72  181.23684973166797
12  52  182.08641764706786
13  79  115.52386403706274
14  100  0.0
15  71  230.80300309489274
6  40  225.59612846694989
7  35  158.49412008603477
8  47  258.61979589402847
9  21  490.27905462157224
10  50  343.47780903399411
11  61  223.90994423008505
12  55  274.15548067347009
13  64  337.05903641751507
14  62  309.33093367289968
15  90  86.077109059817445
6  48  173.81328548911841
7  46  227.64346619947352
8  58  135.74750453524169
9  40  255.7394973431887
10  44  333.47448070637557
11  36  241.26628261743116
12  82  144.73481261266753
13  72  217.18736861989916
14  92  95.491847822924882
15  82  157.42614380908654
6  23  245.29866364073652
7  40  253.60394890212385
8  23  421.11129391351477
9  52  229.13090802723391
10  40  416.319873332133
11  61  219.0058034502695
12  76  185.61659615374364
13  59  318.11736270677341
14  71  180.6001045948133
15  77  192.50138050183955
6  19  183.00391205955279
7  37  195.73829270711823
8  63  157.61966942749888
9  67  162.06533430325993
10  30  452.54671048811196
11  49  263.38808185991928
12  82  92.433974695635285
13  65  175.5165069366399
14  71  228.64704470462843
15  69  317.70301942647802
6  28  294.028247210009
7  47  204.13691049559714
8  74  98.22872141367796
9  67  168.46174416017487
10  23  402.60652872783658
11  61  176.10884727824904
12  46  446.28507844140233
13  83  107.71361098882851
14  47  364.36480498584126
15  85  186.34775586391984
6  47  240.88497117817229
7  20  267.41624648909891
8  53  262.49286135995982
9  79  84.068414084006918
10  70  114.44478933859058
11  67  338.83223380074992
12  83  93.929739581840863
13  83  118.04278082081372
14  84  119.80869190977911
15  55  333.51230465505142
6  28  256.1112711662779
7  51  277.60812844890472
8  58  180.11750295480792
9  42  342.04636084336806
10  59  199.98903198266308
11  73  119.71369269372937
12  69  126.43164589745602
13  63  236.30489284612131
14  57  283.83334677411858
15  31  628.02259971122385
6  47  137.83986326877988
7  42  228.16686047614388
8  62  148.01764053310978
9  56  360.88891194913282
10  48  404.21884601772888
11  50  322.4739371253583
12  72  279.53597118053733
13  89  77.841104120343729
14  77  134.44034822518631
15  85  78.887884667325764
6  32  302.62149965576663
7  54  126.89724826232232
8  55  197.96862590509082
9  57  275.03571324932591
10  35  394.49687082087178
11  65  229.08423769267111
12  78  206.25688701140544
13  95  31.236640444849122
14  51  443.12564275216334
15  82  133.3428884927705
6  31  279.72375264650731
7  69  139.8695261935078
8  54  145.32239461559027
9  51  389.67326280705402
10  78  111.49667812199223
11  64  259.54765353308954
12  58  283.05574924124431
13  60  270.67789845994224
14  75  242.12924548983614
15  84  119.22582545290221
6  30  292.98112480133483
7  25  203.84620513037498
8  40  220.30209803599851
9  58  156.28075262337083
10  62  198.34415031585303
11  63  208.05108619552277
12  76  173.9158087100781
13  81  135.72713999095814
14  65  271.47731507591294
15  76  155.99999999999997
6  36  285.37623698606427
7  57  238.11777020069624
8  61  148.47926368382602
9  56  234.31634048691851
10  76  154.97017438216741
11  63  221.40070526737696
12  69  325.10984960800806
13  64  315.68739170884385
14  70  227.27221413825191
15  85  140.266304226362
6  42  201.98648038672678
7  35  284.75327405442022
8  27  281.51013677333719
9  31  339.6247893542938
10  32  329.8863884512366
11  38  305.17251028395168
12  53  229.3709021436037
13  74  198.7095892489053
14  81  140.07446955083003
15  74  248.87388567778083
6  33  107.18745019894867
7  49  254.68123533235831
8  56  216.14819740167383
9  58  239.65244250704635
10  68  234.28284599456913
11  69  179.28221539204574
12  85  120.10896784383112
13  70  197.65510413193573
14  85  89.399158748363661
15  63  294.95575420014922
6  44  130.15538218965563
7  48  306.4051437949347
8  54  326.52110369409701
9  50  208.54809632179595
10  65  287.23431967720808
11  38  265.36876868794775
12  92  43.382144145840684
13  73  198.85352570323099
14  63  197.18308284330666
15  74  206.79049985188135
6  30  239.58642445323568
7  43  152.71194569294246
8  35  300.86286526458235
9  55  210.49835339025205
10  75  141.99649420724649
11  49  340.2914609551288
12  74  184.82674157655006
13  54  345.1640765197381
14  61  275.48905861439374
15  66  254.33485427923878
6  24  198.1379548767523
7  36  200.49236047281403
8  32  142.39115755147628
9  57  260.33887327274999
10  66  216.92742119962753
11  47  385.60568218025958
12  78  75.223140224944771
13  73  262.17631402181627
14  85  98.83721446297109
15  65  219.88870620326301
6  42  83.032391475417256
7  53  219.03225855100473
8  68  192.765259364168
9  39  230.9880948505407
10  74  149.43097598885149
11  74  225.34377463391056
12  46  325.22883044360486
13  67  222.18661359414821
14  50  323.58415459518915
15  84  118.00077700377639
6  52  100.29226797945068
7  34  194.91714721328694
8  60  148.17380876564442
9  59  265.87068186582417
10  40  411.95967540955752
11  47  351.57516970509101
12  45  351.13352655847734
13  86  154.9654124311102
14  83  114.12995394106359
15  64  304.96472414886114
6  34  187.28952394411942
7  59  98.378906440781435
8  53  269.12052968070077
9  66  159.36543672739302
10  53  249.9045068731285
11  57  320.67346239413422
12  89  60.264090749175551
13  58  190.93142803492361
14  66  276.54611013349836
15  76  148.6059412627136
6  26  218.72837860959908
7  36  254.39214086335571
8  52  273.31446545307182
9  57  200.72418852416808
10  69  197.56424043829122
11  63  297.9025844676554
12  77  156.25104575786304
13  69  189.28980987568988
14  66  213.53354366124995
15  69  264.69586736309219
6  37  187.86278580370484
7  50  266.96477778183373
8  49  334.05337698898404
9  76  119.06157964341897
10  65  212.19990348326888
11  48  372.35876384925723
12  62  246.01090159520345
13  73  166.80122682111551
14  82  159.95883031503755
15  62  350.59095780047471
6  45  150.22299850307121
7  42  191.89183320595987
8  49  209.9158155076874
9  57  218.1986583564555
10  40  304.61005013603437
11  34  322.5971449199065
12  58  199.26495678275484
13  73  200.99999999999997
14  76  179.46994058180999
15  82  119.27461864450073
6  35  230.50377667116695
7  44  175.75886397924054
8  55  188.53920580053423
9  56  228.63583818017375
10  53  392.53402200387649
11  58  145.11816786068354
12  62  208.17345258917493
13  83  103.18348956120009
14  87  91.024580752465923
15  92  63.739490712960581
6  32  130.09021754835518
7  53  205.0608170598349
8  30  260.22880490679722
9  79  68.731125967469012
10  50  210.56876136610884
11  39  426.3091968517362
12  52  383.85231903487977
13  91  60.4153239998194
14  81  176.00293547915101
15  86  126.23108314185178
6  48  149.00131994157812
7  35  287.55855025459067
8  67  176.37262616955618
9  58  302.02382294149186
10  67  154.27408204868138
11  31  301.77232857404852
12  61  235.12900259026861
13  91  67.99283983485445
14  78  100.22680881436597
15  69  253.82870945162057
6  45  247.45169943268755
7  65  131.42358833393169
8  76  105.30684886297475
9  54  145.9163010253784
10  70  229.4933007150791
11  54  246.09500625149369
12  68  323.23340599444913
13  83  95.311561193132164
14  81  153.51634160259607
15  73  219.6629054937348
6  54  156.15560087090458
7  43  185.11317322084605
8  24  297.23429773036696
9  69  132.50107624056153
10  63  246.64252539369485
11  82  128.98912031750007
12  40  319.26318133861128
13  78  206.9080048912507
14  46  473.4734617839419
15  76  171.873051993319
6  27  199.44551421357914
7  12  420.91016860230741
8  20  164.55247804544013
9  50  283.45182993799597
10  56  272.03147011212582
11  55  241.31520031626835
12  66  252.3518886713853
13  41  527.54562874752992
14  73  215.06196330314378
15  93  59.833109224958918
6  57  146.40376635416709
7  18  56.758834493072847
8  55  83.884458173878002
9  45  339.48436025297588
10  63  243.35493821569892
11  81  118.35865909515847
12  66  305.17218409335186
13  54  306.69510327688482
14  78  181.30186687178713
15  77  213.49991404383107
6  27  207.50338707698435
7  26  194.50446900318119
8  71  135.70148647076502
9  55  224.05898698981176
10  60  139.74633829043964
11  63  231.52317070011787
12  72  164.90623049443951
13  43  428.2425030942141
14  69  223.18533528016565
15  83  151.45388689286099
6  50  170.2089487093678
7  29  205.23534884919044
8  17  278.34299201470128
9  66  153.9403721189521
10  43  307.81322994768647
11  54  316.95631383623589
12  50  364.83298069303288
13  78  117.51491651410601
14  79  195.83235853493471
15  65  311.94562588826727
6  33  173.36816182753381
7  24  165.52295482155361
8  29  339.79218065109501
9  67  222.32226603257143
10  77  138.47740750297774
11  52  342.16917344603092
12  33  518.52548906526454
13  100  3.4468444447925224
14  88  111.8749575248177
15  80  135.11862973027414
6  14  261.23560288213787
7  36  345.82679927877723
8  47  224.82665595711862
9  61  151.11077357821654
10  58  265.06151069916848
11  52  315.79150280865457
12  54  441.92205614587476
13  97  19.003588334011354
14  64  247.33998940740528
15  73  213.47275957871852
6  30  231.93602972412779
7  50  166.22571495379927
8  55  208.71315261221588
9  87  72.056192729716216
10  58  195.21566593853504
11  64  178.44098360707056
12  64  192.04440307647434
13  59  287.07250387792658
14  55  209.87471674100686
15  50  463.49875386624075
6  50  195.68244979899976
7  54  202.18328449740289
8  45  279.26385236212383
9  54  98.346100306816183
10  59  345.25260943525899
11  72  157.64748078961242
12  49  408.30797122955119
13  82  149.91181585723271
14  72  139.45529964801807
15  73  204.16497706282814
6  43  207.29521928078816
7  59  106.68137627074879
8  38  277.23071844292787
9  43  273.86863619345661
10  54  282.33302963352958
11  48  158.96283108753755
12  79  102.76867490855795
13  26  720.5686880185043
14  85  111.48937317698301
15  91  73.615926163766289
6  37  184.1412529533234
7  53  225.23062330621457
8  30  299.27304155425304
9  67  177.51949533035821
10  17  676.38535871852571
11  50  293.82911572375366
12  54  285.48012176159898
13  49  257.90332919315847
14  81  144.47241999860421
15  75  222.07798505633809
