6  28  0
7  6  0
8  12  0
9  15  0
10  0  0
11  65  0
12  18  0
13  23  0
14  42  0
15  40  0
6  16  0
7  21  0
8  19  0
9  7  0
10  35  0
11  0  0
12  50  0
13  20  0
14  11  0
15  100  0
6  39  0
7  22  0
8  27  0
9  20  0
10  20  0
11  48  0
12  20  0
13  73  0
14  61  0
15  24  0
6  19  0
7  36  0
8  14  0
9  47  0
10  25  0
11  17  0
12  23  0
13  0  0
14  37  0
15  58  0
6  0  0
7  34  0
8  5  0
9  35  0
10  0  0
11  40  0
12  45  0
13  7  0
14  51  0
15  46  0
6  28  0
7  4  0
8  34  0
9  30  0
10  4  0
11  55  0
12  53  0
13  57  0
14  38  0
15  54  0
6  0  0
7  20  0
8  13  0
9  0  0
10  26  0
11  30  0
12  24  0
13  72  0
14  36  0
15  55  0
6  5  0
7  0  0
8  23  0
9  25  0
10  11  0
11  51  0
12  45  0
13  69  0
14  15  0
15  21  0
6  10  0
7  25  0
8  17  0
9  18  0
10  17  0
11  36  0
12  67  0
13  37  0
14  36  0
15  69  0
6  5  0
7  15  0
8  58  0
9  0  0
10  0  0
11  0  0
12  22  0
13  21  0
14  37  0
15  27  0
6  21  0
7  9  0
8  23  0
9  12  0
10  40  0
11  24  0
12  14  0
13  53  0
14  21  0
15  63  0
6  7  0
7  6  0
8  17  0
9  42  0
10  0  0
11  25  0
12  26  0
13  63  0
14  36  0
15  31  0
6  5  0
7  23  0
8  35  0
9  60  0
10  7  0
11  0  0
12  17  0
13  82  0
14  21  0
15  73  0
6  0  0
7  21  0
8  9  0
9  41  0
10  44  0
11  19  0
12  42  0
13  70  0
14  0  0
15  72  0
6  0  0
7  21  0
8  26  0
9  19  0
10  17  0
11  0  0
12  54  0
13  40  0
14  77  0
15  46  0
6  28  0
7  7  0
8  7  0
9  18  0
10  12  0
11  37  0
12  81  0
13  47  0
14  36  0
15  39  0
6  18  0
7  11  0
8  13  0
9  11  0
10  23  0
11  17  0
12  34  0
13  36  0
14  16  0
15  86  0
6  8  0
7  36  0
8  13  0
9  14  0
10  24  0
11  13  0
12  57  0
13  68  0
14  23  0
15  27  0
6  17  0
7  0  0
8  40  0
9  24  0
10  31  0
11  14  0
12  0  0
13  61  0
14  40  0
15  24  0
6  17  0
7  28  0
8  25  0
9  0  0
10  37  0
11  0  0
12  0  0
13  65  0
14  19  0
15  38  0
6  4  0
7  18  0
8  28  0
9  51  0
10  31  0
11  40  0
12  29  0
13  27  0
14  44  0
15  65  0
6  13  0
7  16  0
8  0  0
9  37  0
10  7  0
11  42  0
12  60  0
13  9  0
14  61  0
15  44  0
6  11  0
7  2  0
8  13  0
9  21  0
10  9  0
11  0  0
12  59  0
13  44  0
14  33  0
15  62  0
6  15  0
7  17  0
8  0  0
9  9  0
10  39  0
11  30  0
12  45  0
13  48  0
14  56  0
15  56  0
6  12  0
7  31  0
8  28  0
9  10  0
10  29  0
11  13  0
12  17  0
13  3  0
14  46  0
15  69  0
6  10  0
7  3  0
8  30  0
9  27  0
10  36  0
11  49  0
12  25  0
13  50  0
14  67  0
15  47  0
6  9  0
7  39  0
8  13  0
9  0  0
10  49  0
11  7  0
12  7  0
13  48  0
14  64  0
15  67  0
6  12  0
7  22  0
8  20  0
9  17  0
10  11  0
11  4  0
12  18  0
13  27  0
14  77  0
15  52  0
6  10  0
7  28  0
8  26  0
9  0  0
10  19  0
11  4  0
12  44  0
13  36  0
14  13  0
15  97  0
6  8  0
7  10  0
8  8  0
9  27  0
10  52  0
11  26  0
12  5  0
13  80  0
14  18  0
15  81  0
6  20  0
7  0  0
8  50  0
9  13  0
10  18  0
11  14  0
12  26  0
13  0  0
14  52  0
15  85  0
6  6  0
7  8  0
8  23  0
9  10  0
10  33  0
11  74  0
12  55  0
13  11  0
14  60  0
15  78  0
6  10  0
7  0  0
8  27  0
9  24  0
10  16  0
11  54  0
12  32  0
13  51  0
14  76  0
15  98  0
6  3  0
7  0  0
8  58  0
9  10  0
10  8  0
11  37  0
12  17  0
13  56  0
14  93  0
15  53  0
6  28  0
7  3  0
8  15  0
9  21  0
10  49  0
11  16  0
12  15  0
13  46  0
14  18  0
15  53  0
6  13  0
7  23  0
8  0  0
9  29  0
10  24  0
11  57  0
12  11  0
13  50  0
14  42  0
15  81  0
6  6  0
7  0  0
8  7  0
9  28  0
10  0  0
11  8  0
12  28  0
13  9  0
14  56  0
15  49  0
6  0  0
7  6  0
8  14  0
9  9  0
10  61  0
11  8  0
12  47  0
13  68  0
14  46  0
15  45  0
6  0  0
7  24  0
8  0  0
9  18  0
10  19  0
11  42  0
12  36  0
13  50  0
14  6  0
15  44  0
6  0  0
7  11  0
8  21  0
9  14  0
10  7  0
11  44  0
12  41  0
13  38  0
14  52  0
15  62  0
6  4  0
7  17  0
8  11  0
9  10  0
10  17  0
11  50  0
12  53  0
13  0  0
14  50  0
15  60  0
6  11  0
7  5  0
8  44  0
9  17  0
10  10  0
11  45  0
12  35  0
13  32  0
14  86  0
15  27  0
6  7  0
7  5  0
8  0  0
9  25  0
10  52  0
11  36  0
12  71  0
13  0  0
14  49  0
15  52  0
6  4  0
7  30  0
8  0  0
9  49  0
10  12  0
11  8  0
12  54  0
13  39  0
14  32  0
15  84  0
6  7  0
7  6  0
8  25  0
9  31  0
10  24  0
11  36  0
12  50  0
13  28  0
14  33  0
15  48  0
6  42  0
7  4  0
8  13  0
9  24  0
10  42  0
11  61  0
12  14  0
13  50  0
14  20  0
15  55  0
6  0  0
7  34  0
8  7  0
9  44  0
10  21  0
11  50  0
12  0  0
13  30  0
14  45  0
15  2  0
6  20  0
7  9  0
8  11  0
9  41  0
10  0  0
11  21  0
12  24  0
13  78  0
14  78  0
15  55  0
6  0  0
7  8  0
8  31  0
9  45  0
10  24  0
11  43  0
12  73  0
13  12  0
14  81  0
15  11  0
6  0  0
7  28  0
8  49  0
9  18  0
10  16  0
11  27  0
12  13  0
13  28  0
14  38  0
15  45  0
6  6  0
7  13  0
8  41  0
9  28  0
10  39  0
11  8  0
12  17  0
13  15  0
14  74  0
15  69  0
6  6  0
7  8  0
8  32  0
9  21  0
10  19  0
11  34  0
12  52  0
13  74  0
14  35  0
15  46  0
6  11  0
7  10  0
8  0  0
9  21  0
10  38  0
11  3  0
12  59  0
13  42  0
14  13  0
15  59  0
6  29  0
7  11  0
8  25  0
9  50  0
10  21  0
11  17  0
12  29  0
13  24  0
14  49  0
15  67  0
6  21  0
7  16  0
8  32  0
9  30  0
10  36  0
11  43  0
12  47  0
13  33  0
14  57  0
15  49  0
6  0  0
7  17  0
8  9  0
9  6  0
10  13  0
11  42  0
12  36  0
13  49  0
14  5  0
15  45  0
6  8  0
7  26  0
8  6  0
9  15  0
10  13  0
11  24  0
12  22  0
13  28  0
14  63  0
15  19  0
6  27  0
7  15  0
8  39  0
9  56  0
10  57  0
11  47  0
12  18  0
13  28  0
14  59  0
15  72  0
6  12  0
7  0  0
8  51  0
9  31  0
10  13  0
11  49  0
12  22  0
13  49  0
14  37  0
15  67  0
6  18  0
7  42  0
8  13  0
9  26  0
10  0  0
11  52  0
12  12  0
13  78  0
14  2  0
15  52  0
6  16  0
7  29  0
8  25  0
9  57  0
10  0  0
11  16  0
12  45  0
13  60  0
14  39  0
15  86  0
6  10  0
7  26  0
8  11  0
9  3  0
10  27  0
11  13  0
12  37  0
13  52  0
14  78  0
15  57  0
6  23  0
7  0  0
8  0  0
9  7  0
10  0  0
11  72  0
12  56  0
13  55  0
14  21  0
15  3  0
6  4  0
7  16  0
8  1  0
9  26  0
10  47  0
11  28  0
12  8  0
13  46  0
14  27  0
15  37  0
6  0  0
7  6  0
8  21  0
9  47  0
10  28  0
11  25  0
12  33  0
13  39  0
14  16  0
15  66  0
6  0  0
7  40  0
8  14  0
9  26  0
10  9  0
11  32  0
12  16  0
13  38  0
14  19  0
15  55  0
6  0  0
7  14  0
8  34  0
9  17  0
10  36  0
11  49  0
12  53  0
13  73  0
14  65  0
15  7  0
6  7  0
7  0  0
8  23  0
9  42  0
10  30  0
11  2  0
12  49  0
13  68  0
14  59  0
15  66  0
6  16  0
7  35  0
8  46  0
9  5  0
10  19  0
11  8  0
12  20  0
13  34  0
14  45  0
15  45  0
6  0  0
7  13  0
8  0  0
9  44  0
10  28  0
11  0  0
12  37  0
13  17  0
14  35  0
15  74  0
6  15  0
7  12  0
8  0  0
9  8  0
10  17  0
11  30  0
12  53  0
13  37  0
14  36  0
15  83  0
6  13  0
7  0  0
8  26  0
9  20  0
10  33  0
11  56  0
12  10  0
13  77  0
14  18  0
15  42  0
6  0  0
7  13  0
8  5  0
9  52  0
10  17  0
11  21  0
12  5  0
13  48  0
14  26  0
15  30  0
6  14  0
7  10  0
8  24  0
9  20  0
10  24  0
11  63  0
12  42  0
13  21  0
14  44  0
15  67  0
6  14  0
7  37  0
8  21  0
9  27  0
10  22  0
11  30  0
12  44  0
13  7  0
14  40  0
15  62  0
6  17  0
7  0  0
8  13  0
9  14  0
10  30  0
11  23  0
12  35  0
13  65  0
14  52  0
15  47  0
6  1  0
7  0  0
8  13  0
9  0  0
10  24  0
11  1  0
12  25  0
13  62  0
14  57  0
15  62  0
6  0  0
7  28  0
8  33  0
9  0  0
10  5  0
11  26  0
12  26  0
13  36  0
14  54  0
15  64  0
6  25  0
7  20  0
8  5  0
9  6  0
10  44  0
11  26  0
12  56  0
13  33  0
14  52  0
15  39  0
6  0  0
7  0  0
8  43  0
9  38  0
10  14  0
11  63  0
12  33  0
13  20  0
14  33  0
15  57  0
6  0  0
7  0  0
8  23  0
9  18  0
10  66  0
11  3  0
12  48  0
13  10  0
14  76  0
15  64  0
6  0  0
7  11  0
8  17  0
9  25  0
10  46  0
11  37  0
12  38  0
13  47  0
14  57  0
15  62  0
6  0  0
7  0  0
8  12  0
9  10  0
10  17  0
11  24  0
12  30  0
13  20  0
14  75  0
15  68  0
6  14  0
7  19  0
8  18  0
9  42  0
10  15  0
11  32  0
12  36  0
13  8  0
14  70  0
15  3  0
6  3  0
7  31  0
8  19  0
9  56  0
10  0  0
11  0  0
12  47  0
13  84  0
14  48  0
15  34  0
6  26  0
7  5  0
8  30  0
9  36  0
10  9  0
11  22  0
12  49  0
13  31  0
14  47  0
15  70  0
6  6  0
7  0  0
8  16  0
9  25  0
10  10  0
11  26  0
12  48  0
13  32  0
14  11  0
15  61  0
6  7  0
7  13  0
8  4  0
9  11  0
10  27  0
11  37  0
12  23  0
13  51  0
14  48  0
15  57  0
6  0  0
7  14  0
8  0  0
9  0  0
10  17  0
11  18  0
12  30  0
13  13  0
14  40  0
15  68  0
6  11  0
7  0  0
8  12  0
9  55  0
10  14  0
11  44  0
12  33  0
13  50  0
14  38  0
15  73  0
6  0  0
7  6  0
8  30  0
9  0  0
10  0  0
11  26  0
12  29  0
13  0  0
14  54  0
15  28  0
6  18  0
7  0  0
8  21  0
9  20  0
10  46  0
11  55  0
12  58  0
13  19  0
14  55  0
15  41  0
6  19  0
7  6  0
8  18  0
9  21  0
10  15  0
11  54  0
12  51  0
13  31  0
14  6  0
15  48  0
6  0  0
7  22  0
8  0  0
9  39  0
10  34  0
11  24  0
12  74  0
13  40  0
14  35  0
15  36  0
6  19  0
7  18  0
8  23  0
9  2  0
10  11  0
11  31  0
12  17  0
13  48  0
14  62  0
15  81  0
6  7  0
7  48  0
8  6  0
9  11  0
10  0  0
11  25  0
12  27  0
13  61  0
14  32  0
15  26  0
6  0  0
7  10  0
8  78  0
9  0  0
10  7  0
11  20  0
12  33  0
13  45  0
14  42  0
15  62  0
6  3  0
7  33  0
8  18  0
9  31  0
10  0  0
11  16  0
12  41  0
13  24  0
14  47  0
15  21  0
6  36  0
7  38  0
8  10  0
9  0  0
10  32  0
11  56  0
12  48  0
13  49  0
14  33  0
15  65  0
6  0  0
7  0  0
8  25  0
9  23  0
10  13  0
11  20  0
12  18  0
13  62  0
14  54  0
15  59  0
