2  5  29.376179093343886
4  57  91.129228314332821
6  30  397.42385531427033
8  43  245.85577856188698
10  51  307.50287407266262
12  73  334.59542052080724
14  59  450.62019796885278
16  67  217.35055326094661
18  33  749.97955199398871
20  67  280.79988976525436
2  62  61.698002842693391
4  49  75.778522761587581
6  41  118.40360223409192
8  48  304.33652149772871
10  39  388.66374682848618
12  47  300.40150661845769
14  81  159.43155131910461
16  80  162.74056017094659
18  87  111.78655859087769
20  85  118.68944815668587
