1  73  115.46310456540112
2  77  138.32045664032222
3  86  95.987137154569993
4  47  245.87456203926402
5  67  207.50565310193804
6  49  289.87889835775741
1  44  205.35092580135506
2  71  193.13275146698552
3  46  309.24757857173938
4  33  333.16816844327053
5  56  253.48508198126837
6  62  158.71243452262325
1  56  158.96719154159581
2  56  257.76226670685469
3  44  290.7947476902288
4  56  258.34905747236354
5  57  287.61601121836878
6  73  160.8321416404396
1  75  101.59145635970506
2  66  161.63590166674499
3  57  236.93842742637847
4  55  62.38708117601567
5  45  356.25882549934818
6  45  270.6806737207703
1  73  146.70826755704775
2  52  277.52614739001905
3  67  289.89963214116591
4  68  204.95846025904905
5  71  178.47319868638985
6  30  313.44341363853101
1  77  117.78395360618971
2  68  262.4634791412422
3  77  123.61483339899897
4  71  217.36916898051601
5  15  395.63766525366708
6  60  297.41755138473752
1  82  86.897686577127004
2  67  226.4503682931898
3  61  224.79671401228822
4  60  143.67952768288262
5  59  300.27849706350048
6  49  328.8224922202017
1  72  61.165311238475127
2  77  123.6357133371834
3  62  240.09728409574913
4  49  291.59796791250568
5  44  370.52389086292078
6  54  297.19630497613628
1  62  248.57657342521313
2  78  144.50854378216718
3  37  514.83986662953612
4  53  407.52639211173982
5  46  263.97292076435917
6  57  227.41693951975236
1  66  220.46879818325206
2  73  160.72873369833368
3  73  122.40193837917455
4  61  257.7552345188879
5  56  266.04596121751945
6  45  387.1323083124251
1  55  297.23228452599568
2  53  259.04039247986572
3  35  441.50130126119439
4  41  241.19135049054739
5  65  184.89987952063058
6  33  209.00495694259942
1  89  62.212523996957721
2  46  264.52792415389825
3  55  164.2173390043512
4  23  339.40679317736425
5  47  342.51912694069802
6  40  359.00253913155626
1  71  194.19411997592866
2  63  154.06133666465536
3  65  176.73546102914074
4  46  424.65580103980091
5  74  136.68734082631062
6  56  275.84931994214247
1  56  289.28907020319656
2  82  154.76457113740074
3  46  265.86149020874728
4  20  514.69892377297265
5  72  143.1835382188097
6  66  388.10443783749315
1  46  374.31438100030101
2  66  252.51517126890931
3  50  388.9771468727958
4  66  232.97395326879527
5  33  507.75155364308199
6  41  386.18137599593427
1  54  127.72565500660355
2  45  399.42935623498721
3  73  144.13421614050961
4  61  276.1499510936178
5  38  524.6321603383401
6  79  133.61178150412837
1  77  138.43918867053611
2  66  171.49938818996543
3  70  151.95886103022841
4  28  526.27653591105104
5  56  362.11892893227622
6  56  323.2775590683035
1  72  114.52853710120297
2  53  267.62359724410908
3  74  170.03436215395215
4  27  493.08986707410844
5  70  243.7791788321363
6  66  131.24540169313573
1  69  148.11753411283144
2  65  192.6504032975235
3  68  113.31256357260557
4  62  250.60184228595125
5  21  508.09340409741952
6  63  219.95957585740595
1  73  97.673845177122544
2  66  280.5711629324669
3  70  167.35263054408415
4  48  183.55818608025768
5  60  237.66785062396477
6  64  196.72968041233293
1  63  163.07555019551293
2  60  203.75153541583001
3  39  377.5252089678321
4  26  463.77250205487462
5  60  301.48705917424439
6  49  318.94469351208164
1  66  161.04522951610514
2  75  167.07137426271285
3  55  195.93320681177281
4  45  466.77068928886808
5  44  404.57842948354818
6  49  378.09110789654875
1  50  105.98992068618307
2  58  139.70741353007901
3  49  198.28442444918608
4  76  165.18670158847095
5  54  371.99920162941794
6  39  332.45196197354261
1  76  106.29273826177808
2  76  140.12644149752833
3  74  152.29566429583727
4  65  444.47458616090955
5  45  194.16767955714525
6  66  174.14385335664966
1  68  224.36441023057193
2  55  238.44222254789733
3  80  154.48463683841098
4  64  271.60836239236528
5  58  250.07666509036972
6  38  394.59797048667048
1  84  82.144709212521477
2  47  281.55975537905937
3  70  214.63747942429703
4  38  326.42445231662236
5  30  417.45160576542776
6  46  256.64029335583189
1  75  161.90716238544312
2  69  109.77455316037158
3  24  511.00809033346769
4  73  209.56657421185332
5  49  241.85022009021344
6  53  241.93991135800462
1  57  133.43379397457758
2  53  183.73368508520772
3  67  256.79818920997849
4  55  267.02272096412139
5  26  398.70203503999852
6  14  650.43229029307406
1  69  161.68450271162837
2  77  152.06451471186247
3  50  316.74451673084315
4  47  158.60660896883826
5  41  196.31256257346504
6  60  232.83138858293677
1  71  181.78885501641057
2  50  189.44300610337518
3  51  336.31183863395529
4  70  176.5759980182284
5  72  169.73716021666763
6  54  242.66648786983569
1  73  114.36881118264252
2  73  175.24043216987053
3  44  394.81308235543821
4  46  440.86322978844197
5  38  395.27235286206616
6  34  585.85647480183218
1  60  219.00910798029838
2  82  66.552126465674078
3  75  191.61057201187364
4  35  231.50376771107864
5  39  387.71042175116116
6  32  425.84442355488028
1  56  98.759838861744939
2  56  185.03670840220278
3  66  173.53765051520662
4  61  257.37170125158985
5  36  368.30728542727866
6  62  283.10641571757571
1  72  161.35649565783419
2  70  191.27531954722517
3  46  263.32032985984046
4  38  230.60423353060014
5  61  184.35218962062072
6  41  408.55275080006362
1  79  128.26127007917287
2  74  133.51155672180974
3  32  258.55333783648439
4  52  236.07570636589685
5  61  201.38217376117791
6  46  322.3835999091292
1  71  140.98468926139267
2  54  207.96859442703402
3  69  158.32228716386521
4  59  242.60421197458348
5  49  229.56741290695317
6  32  344.4666446659553
1  65  168.48028418485933
2  65  177.55853875300187
3  64  121.00655357628806
4  71  97.756577367412461
5  73  249.41625704152202
6  55  334.64703726169631
1  79  117.45468755740687
2  45  226.45791945449869
3  68  167.4360977763881
4  49  158.68077191996284
5  38  251.75401662328721
6  36  343.52328493267748
1  62  159.89715402330231
2  60  161.30997028650245
3  56  249.45069773002311
4  37  330.81098843206303
5  61  230.16219532646073
6  46  321.69131061230991
1  79  107.21544236058273
2  81  110.01479850853539
3  28  587.99852548129832
4  62  235.25051901753528
5  38  388.80510038244535
6  54  339.01049927375624
1  85  71.466798772926794
2  62  221.12634692699311
3  74  154.75959202005447
4  63  299.21883999269028
5  62  61.315840123202292
6  66  232.87293277731405
1  73  181.06335334481
2  88  53.189688367566404
3  56  292.87137967600842
4  80  118.06176612469928
5  41  447.38696268911855
6  60  152.20806459977146
1  67  150.43615451153511
2  64  241.53928538003638
3  57  230.07569444385754
4  78  130.35158019358701
5  46  215.98946871213127
6  50  181.72671860548252
1  69  134.36687456354127
2  63  160.41476561444412
3  72  126.05739140917393
4  52  263.16801130222569
5  65  119.55511381084557
6  57  286.45389696383324
1  87  68.406752774183644
2  44  388.51111364708106
3  61  126.34884405568563
4  38  443.55407110334056
5  30  481.73160007618407
6  21  697.43772557938985
1  40  354.31053664830245
2  52  297.77656991801831
3  70  201.81548539233125
4  60  177.30828709619473
5  58  225.36970488010229
6  39  428.08478862832345
1  91  48.779159706608262
2  36  284.01226378841068
3  64  176.67025894734903
4  62  246.33272641071457
5  67  253.05341910120566
6  28  514.39798276787747
1  85  81.049283506690657
2  63  227.8897775092623
3  62  193.12968208935595
4  55  279.29395302436939
5  54  238.62300931316011
6  67  160.90677300898778
1  79  85.066700719815401
2  67  219.94252502848278
3  53  340.73169285181353
4  62  263.15767926878931
5  29  418.63444614183152
6  49  256.00736586765652
1  74  145.69339725160052
2  34  224.48081780039121
3  54  237.93417771985989
4  76  145.89755552602259
5  52  311.58851874641903
6  35  578.18877126055418
1  59  261.12334189431374
2  70  218.97460715743591
3  81  135.41950166989736
4  58  212.74713089343308
5  56  350.66879479454349
6  75  148.12315481724139
1  66  93.482150960675369
2  100  0.0
3  69  211.91053351865307
4  48  377.5304729450591
5  73  175.13920755770707
6  38  430.99767772021988
1  86  89.859831770474258
2  64  207.92747998022591
3  60  257.54701319172727
4  66  303.98697944429199
5  40  285.59049807251375
6  32  482.2471648078232
1  49  187.293727835205
2  47  473.05648458436025
3  60  279.18766167631634
4  59  184.42492691164452
5  80  156.01649350442833
6  44  418.78656032044518
1  75  105.03068553362195
2  89  62.427921719168147
3  64  180.40424064306379
4  19  292.29738627562307
5  66  189.99822725093594
6  42  486.29084593262274
1  63  109.56363834901046
2  61  166.51931966454293
3  70  179.07482940508589
4  49  324.86877111197998
5  68  215.27239375234873
6  37  408.87243230362122
1  51  180.07110616262224
2  57  272.20662455743798
3  54  218.27221455661856
4  39  387.98014149531855
5  42  377.91837794934696
6  57  281.37070781383511
1  89  69.408818054640022
2  54  310.40651183413468
3  58  197.92207863826556
4  58  232.06887938935998
5  61  231.16703610992889
6  67  236.95124603536817
1  58  107.71557566118375
2  39  209.19858455515418
3  48  274.18627293616044
4  46  419.63314842168398
5  30  444.25863198641207
6  47  241.39433899112586
1  78  91.654846666093349
2  72  116.93180801594089
3  62  156.29963106889301
4  62  235.82513654253833
5  60  229.03849061305192
6  76  125.48306362247146
1  50  284.63104732179534
2  68  181.80325668408921
3  62  291.04494071415013
4  33  490.30901077055586
5  54  294.74903101669088
6  52  327.59388409434462
1  70  158.78385959810475
2  70  145.88129843530993
3  77  96.483858567101478
4  38  437.27229243408317
5  53  344.32706650604166
6  48  400.38417721423349
1  70  68.873609709512863
2  51  344.42014942075804
3  74  154.69426498335173
4  57  254.97191143893576
5  41  393.8054050330345
6  65  196.25291798529619
1  76  104.32078098602111
2  79  84.776734620950549
3  55  347.36132624410578
4  36  386.92162316620221
5  60  199.488415781789
6  40  357.2928124882846
1  65  136.37303835370363
2  73  204.0719151307961
3  55  241.25082041090624
4  50  411.71592317014154
5  37  414.45306288479293
6  40  379.70348151916863
1  87  41.737324467527856
2  77  125.86941964851547
3  54  220.9452457456097
4  46  317.56226634171196
5  59  160.52938682992186
6  39  380.7707042191729
1  43  346.9860241084869
2  76  137.94211358637909
3  52  203.98282018653208
4  30  476.86654388404372
5  63  241.40882230961478
6  38  268.80121830986212
1  67  131.994119252807
2  66  162.19115303604508
3  70  149.30438785948232
4  50  283.95507104158474
5  54  194.47330604801201
6  53  322.35429223885603
1  80  131.49814577211603
2  52  153.59274315135119
3  44  335.95644656060961
4  47  317.10143970157986
5  55  231.56021039638378
6  68  182.92463893663918
1  61  240.10268164394745
2  46  254.23606102202945
3  76  159.46638568655683
4  77  169.38921363521118
5  63  225.84943725514401
6  26  445.51972641180413
1  77  139.47460367068965
2  78  141.25529624410268
3  38  488.28319058380504
4  73  102.93349584602842
5  32  264.82240073329285
6  50  436.07716575653342
1  43  277.21191789309694
2  44  151.37748004535004
3  64  145.40661049757327
4  73  150.57516169022691
5  40  294.20452793671262
6  20  584.17341700302325
1  79  147.87851345125441
2  54  163.87840743902126
3  76  148.65776725809766
4  67  208.05337740867313
5  52  237.14708334688828
6  47  383.85167360550975
1  60  96.645900885309715
2  77  145.71312001809761
3  63  180.245263624854
4  54  230.01685499190458
5  90  87.354292633219245
6  77  170.55850741895318
1  65  150.94199549059908
2  71  198.54145690438335
3  61  132.40649788476759
4  51  284.39996422325913
5  42  340.71202378332998
6  71  173.62136197185492
1  46  221.12045809877139
2  57  180.32954351729697
3  22  393.91146529380461
4  66  205.21025259205359
5  50  250.52599105599532
6  36  583.10564633824583
1  92  46.494105844981142
2  59  313.32211254478369
3  52  373.66182562769558
4  31  475.4794711447405
5  65  165.68324981569182
6  32  590.38878331201715
1  73  150.19680688279803
2  88  45.83257373751546
3  77  150.1461183196399
4  71  171.98711160967838
5  60  338.65286271591208
6  28  520.55174547660226
1  65  198.21080657265526
2  63  171.40492967922481
3  40  225.2350420791162
4  44  421.07617058931555
5  72  198.45016881111826
6  55  168.13440258060189
1  71  158.23683869524555
2  54  231.11533425387677
3  51  218.80356477123959
4  42  497.42194346185107
5  52  359.11134817671558
6  51  226.42780661007149
1  52  220.84678595346304
2  65  137.97711367695786
3  73  126.63906116337783
4  60  205.70461619148941
5  47  260.05935495116745
6  73  131.00781467215558
1  74  178.83651920362823
2  78  160.52109589996158
3  78  103.45167106662018
4  30  486.63731864911114
5  70  233.90014812760711
6  61  201.46613316189917
1  79  126.57473661042185
2  74  140.77216446475668
3  45  336.75579268954414
4  43  301.18179112215341
5  57  248.74023132095934
6  45  406.53166283933956
1  51  272.12458767794129
2  54  304.56049871398835
3  47  410.95715981912298
4  59  372.38021735514889
5  31  315.69666102182401
6  58  179.01516045420803
1  69  136.07707004369391
2  53  205.05861416794988
3  59  234.17169001992076
4  47  407.81614104278901
5  47  204.38701400222996
6  59  299.23419186459461
1  53  337.13159333998959
2  82  61.769581933407558
3  73  173.16509922182678
4  46  340.04620997496568
5  35  400.05467974301496
6  71  167.17562948389707
1  70  165.70382304278851
2  66  164.35542609355392
3  71  147.26933837941104
4  59  165.71933400995968
5  47  299.19503898903309
6  39  488.76410191017283
1  68  183.29452843502617
2  76  137.47366988510566
3  46  234.28951368070264
4  66  199.21006079601483
5  36  324.3305755642341
6  70  144.63292754464536
1  83  114.21903455718514
2  79  122.35117794617257
3  69  248.70277909017128
4  54  216.46358054372524
5  64  250.13855976091907
6  51  305.67338207015399
1  74  141.52596211816649
2  69  175.90151833700384
3  37  367.9480791522713
4  68  165.89518429990804
5  47  334.59100916304146
6  33  404.81376740515657
1  79  107.76198401286926
2  78  154.34783349065646
3  72  109.12140343547074
4  57  226.01279979489723
5  64  210.28072475189433
6  41  287.75445406946227
1  74  159.2344209498055
2  79  134.89741202757486
3  64  192.55634149198474
4  41  220.30532535720883
5  56  330.8281406917996
6  35  231.85450888745646
1  74  122.09720182941874
2  38  408.29162835819824
3  25  559.45784697252691
4  9  676.00000000000011
5  54  243.75871690264017
6  34  254.67097075575771
1  75  164.71458162137478
2  54  149.32535493023238
3  30  222.26761397917824
4  63  210.7771556554942
5  48  224.35539985496661
6  55  279.16424095348719
1  72  123.57273422239341
2  67  149.26478709784797
3  50  309.38795570870212
4  44  284.06694250845914
5  25  453.47139775153238
6  72  173.8898636656595
1  73  78.697258066126295
2  54  202.93090148541603
3  55  323.40893077653539
4  65  186.25892546445769
5  51  274.64098546500105
6  44  430.47340907896194
1  67  163.17474685564989
2  51  265.53100223617457
3  54  278.65788923830962
4  70  224.22607188715386
5  55  237.05455145352843
6  61  183.82447122528902
1  76  151.02618875659445
2  42  306.7987457468069
3  43  243.22458229012327
4  33  304.88469525371607
5  62  199.43794258202158
6  54  323.51447838855728
1  92  36.748043091912386
2  75  141.42494171538777
3  46  235.4157493677549
4  52  262.11789996305453
5  49  313.12141689541727
6  44  350.85819000280139
1  89  65.449505484412867
2  82  70.327184646130334
3  54  289.00492835574681
4  42  118.01682270348356
5  38  293.18280272369509
6  52  298.19230303156024
