6  52  151.44435414460551
7  57  149.91689557398118
8  63  135.79792730439209
9  95  67.38407550646663
10  50  214.15811773818749
11  61  193.49244092214806
12  66  228.16619371720498
13  81  132.87961420422386
14  70  250.72743995910835
15  94  105.19271174997242
6  89  92.253765772376568
7  61  185.2390030471206
8  80  111.37654355318301
9  46  180.55479133112388
10  89  131.00139025358106
11  88  129.21809319387694
12  92  101.13627023188334
13  82  168.35608420921727
14  82  165.62866537791029
15  93  71.383497218233416
6  59  84.508624127694446
7  70  136.96409017625223
8  45  142.23239715373268
9  92  88.433201251263895
10  66  184.05838132146079
11  70  198.94760769580384
12  95  85.885082081193929
13  89  141.47080278412426
14  94  78.404849794578084
15  98  61.328012327777515
6  49  117.48085322857175
7  46  185.80045539322538
8  52  80.846076534221254
9  47  221.39256818034255
10  75  154.85757743961938
11  51  249.63274314776609
12  83  157.5850214636547
13  86  115.42915889573071
14  74  263.20662587232999
15  100  59.149724565035754
6  46  155.42216289738815
7  46  159.28774376033181
8  45  234.00769441290308
9  92  102.94357124356391
10  91  101.2992307678568
11  68  206.68195446321855
12  80  189.53657968387782
13  35  245.61671378352736
14  56  240.10979949261616
15  99  65.085927499904642
6  59  83.311305513065278
7  68  166.02150209588274
8  58  156.17687803087335
9  90  112.66139994227238
10  78  187.25907194729584
11  91  132.86300065374971
12  80  143.95788811252777
13  100  80.289839472105825
14  87  133.14384234732358
15  95  98.790365144036514
6  68  119.76539537756577
7  43  138.0719916247061
8  75  114.70110240349418
9  61  106.81823589251546
10  60  162.7833269505866
11  79  179.31561648996549
12  90  114.4258814976811
13  89  139.18604691784967
14  81  159.55670491880147
15  100  46.351708200390561
6  78  108.80323246164967
7  57  130.23447878833289
8  54  219.38300839128155
9  34  73.372009330190025
10  100  59.090272043647943
11  84  90.022140086690129
12  66  282.09192864926513
13  78  183.53206464271938
14  85  166.20758600272205
15  97  96.35489737435455
6  71  83.000919873009821
7  64  190.34495233740327
8  95  80.601298696886843
9  6  194.47087558981255
10  71  177.19407757507295
11  100  65.013915277130579
12  61  269.4072401832866
13  100  75.566740144765063
14  70  205.94185188238424
15  100  35.420001622480029
6  49  203.19073976889064
7  70  133.33766749649652
8  47  121.90766347393091
9  39  214.33858347101565
10  85  100.73693703519906
11  58  161.50739082661028
12  90  132.36496034869501
13  85  151.25141138609763
14  68  266.12611416507605
15  92  93.374078471567103
6  69  168.17965691781339
7  56  163.39608384132063
8  52  134.39716091763469
9  63  213.54317285453794
10  68  196.99988500619588
11  76  175.95127503687229
12  61  249.9310626430086
13  94  113.93244047492153
14  88  96.740071300366154
15  65  298.37696629205254
6  51  86.312383569032733
7  28  175.32901777844387
8  87  130.18562108637317
9  98  69.958050864702358
10  77  140.87599273756319
11  83  123.1255403156737
12  69  265.50110461303092
13  79  188.59860801027412
14  100  45.179013569992705
15  73  230.2319052576683
6  94  67.70380547791197
7  87  91.331884456541161
8  85  110.05565476276988
9  66  118.3125183041824
10  73  210.32342190250384
11  65  194.18739654667687
12  87  158.68294630756523
13  59  338.1168780761173
14  81  170.98936414131899
15  52  354.75814476352303
6  75  92.064629569141587
7  58  154.34786460675898
8  68  158.59141420679492
9  59  155.43590476249614
10  81  123.06029656596458
11  65  264.25787269877441
12  75  223.56613764335853
13  73  198.98969836888449
14  40  271.73007142444192
15  100  56.955918913812866
6  47  195.31279956711174
7  19  228.62773989657367
8  72  131.50551041204537
9  73  162.48540145405647
10  60  216.58156942351962
11  91  101.51083230347727
12  81  180.82426413635261
13  82  213.66616375417783
14  88  136.96570903309441
15  94  99.599541421160893
6  69  79.563389710813937
7  56  134.32001258105541
8  91  96.738148692948002
9  73  115.17642126955192
10  67  106.06713876432548
11  77  158.24906982389379
12  94  90.542520438383008
13  63  220.06034009570635
14  79  177.57870739767691
15  92  109.16355050002258
6  55  117.01731914352906
7  70  169.79629383388593
8  63  166.42886221573403
9  47  194.12853990819411
10  70  188.34562390525704
11  85  158.14386365614646
12  88  111.36221566929876
13  90  126.87563797748483
14  77  212.49083975519034
15  88  135.62086073469396
6  63  113.83188695280444
7  33  247.17032120275508
8  64  144.64977282494797
9  41  229.02463340994075
10  59  205.20857318199003
11  80  192.80545829980298
12  87  129.25184063829306
13  83  113.30113571795111
14  92  88.671353673829373
15  74  200.41167155568422
6  41  153.71964466391313
7  37  196.46244654690116
8  80  116.9396787178983
9  67  205.70117117029542
10  34  249.7138229889222
11  65  153.77782785462858
12  82  153.29089989142997
13  99  55.353367528365361
14  63  172.08023648177016
15  80  190.03746759333384
6  66  56.397354642220591
7  43  186.16411115585467
8  93  83.4004532741167
9  50  208.43467331836018
10  71  178.5324970864138
11  68  230.26629747292111
12  72  185.55745255699247
13  70  220.64162817658419
14  69  175.95290337318193
15  92  131.48640839752531
6  56  141.13009379844627
7  60  180.4697303494838
8  49  194.02707588657324
9  51  205.40493692872872
10  54  233.65813393687742
11  52  311.88572257078187
12  88  148.64004612656964
13  89  115.84570407301986
14  86  163.20890902866944
15  76  172.68336123522872
6  58  106.5848825181149
7  76  122.94994643235844
8  79  153.63912502534754
9  97  73.28640209030344
10  88  101.96267696872546
11  85  101.29012799394462
12  66  175.45695680392268
13  66  236.49103501660744
14  81  174.15691492574408
15  53  413.87118757804649
6  93  79.648395778674654
7  50  251.12074424527597
8  83  137.27725859497818
9  49  247.51468688415551
10  55  168.72030571298842
11  82  119.75857597735973
12  72  154.40652512467875
13  93  75.704014735258482
14  100  53.581235361964382
15  85  157.59082891274986
6  58  75.133409045798359
7  70  61.468428674211403
8  74  155.83475656364402
9  73  188.65383543763176
10  58  245.33772141259911
11  62  304.29760502082013
12  64  166.1262707039777
13  87  136.01821256164064
14  88  147.93405691674047
15  87  111.6062681341823
6  66  90.666874466229473
7  54  136.81689286801799
8  66  179.14579897624705
9  61  191.74960627320053
10  78  145.27764207676856
11  55  241.07154045149065
12  65  250.10025000302784
13  96  71.760823030115034
14  61  171.2436669551339
15  92  95.199538292296708
6  39  216.40702813988631
7  43  84.368669172001319
8  76  140.24378663159911
9  93  72.407596773885473
10  77  153.90098750196123
11  94  99.768187207752504
12  75  194.48034146343377
13  96  78.971556624154402
14  95  114.17435151590468
15  72  210.94865726584749
6  57  138.71325294360764
7  27  212.01967745815935
8  63  148.4935097819681
9  30  270.59963585790467
10  53  204.5909172009967
11  69  160.94968065252075
12  91  130.92528121828911
13  83  136.29266993760936
14  80  223.62442586254247
15  90  98.46969521637709
6  54  85.076651063900371
7  66  135.57275933443498
8  100  66.637495334925347
9  54  137.17177697612877
10  66  159.037659479182
11  73  175.94109290633165
12  67  176.99755322423485
13  95  96.313103588166229
14  94  111.97862150042778
15  90  105.63394553843621
6  44  140.32997985231597
7  65  140.77901141098499
8  58  115.12250777646607
9  64  170.72519398529252
10  81  168.79762414209594
11  69  227.7939047359018
12  55  286.35181868919085
13  66  309.75472746071233
14  73  196.19696828143012
15  80  198.09844291491939
6  61  145.12188934238694
7  56  206.93432666778216
8  48  202.82177443167072
9  94  98.114188666971273
10  44  187.01563245662945
11  90  130.67387391899183
12  84  168.82340117077587
13  95  74.965314497147133
14  68  248.44904604335707
15  90  127.77325022162863
6  28  217.17566529176796
7  48  190.28325152638669
8  57  177.27055353242238
9  45  241.79393270492383
10  42  269.08979331138858
11  59  270.95722079248509
12  70  165.62774847363934
13  93  95.429254006292069
14  84  174.68228632696696
15  96  85.051195680494672
6  63  138.09767712636972
7  63  171.97979461410719
8  82  141.46200897342936
9  77  128.05581214531355
10  71  143.43873202979083
11  67  186.3272249337802
12  88  151.79789589197557
13  89  112.00536123271638
14  84  155.20647638095588
15  92  99.49775090714806
6  63  157.75526407711251
7  78  120.64525009439134
8  45  134.17687273924588
9  85  121.90184341822332
10  97  54.230840536113433
11  66  138.2972539314276
12  86  127.36068684436799
13  96  90.338881207218307
14  95  82.698972987393262
15  85  193.59359729621374
6  35  107.14033749287039
7  11  153.66117659929617
8  82  123.17863212199711
9  55  244.72999516958055
10  77  172.32148332582244
11  78  95.968267082651181
12  92  94.593076695872966
13  78  170.52116561166818
14  84  189.40751786768777
15  75  191.02565343971031
6  39  156.33311850787086
7  70  124.63203472800707
8  77  91.503420688570316
9  90  81.706161277729365
10  68  189.81134932691378
11  56  238.95031075741349
12  100  45.376435437488468
13  100  41.469502328597542
14  99  42.846927324907242
15  100  51.673462972351082
6  56  158.92693733922945
7  46  259.87243233747245
8  64  195.14852181219669
9  27  272.58214871934905
10  94  75.527965811411633
11  95  70.162291368282169
12  59  299.49563386189988
13  85  140.46045871079187
14  83  144.6413572362045
15  91  104.21467468298506
6  79  73.54874716834486
7  46  145.10528503029136
8  79  155.54452020465891
9  57  241.13212212307337
10  88  122.51712037517107
11  57  250.84478224056912
12  81  149.40457479185372
13  99  69.996267135108994
14  82  169.72353156342217
15  86  175.91056847039556
6  62  136.84800749106759
7  82  98.021097193954773
8  91  68.049810033898751
9  80  132.20197506779749
10  63  209.20365200582941
11  94  81.921516500351032
12  98  74.501461303161122
13  80  196.25992562663319
14  80  197.49169144446296
15  65  333.28681201964093
6  96  65.80454426146386
7  85  92.452571453965106
8  67  141.75148678884028
9  63  197.49888787932761
10  87  132.90143558998781
11  96  76.326164736421802
12  100  49.61862556713973
13  99  72.862937723839579
14  81  136.56961737918004
15  92  107.07569651533093
6  43  148.68026148137545
7  73  142.15454827830135
8  82  111.55404503651857
9  59  160.08849703426401
10  100  66.274072287258775
11  99  80.894837911653596
12  85  140.70099050631427
13  83  173.51723584329977
14  82  155.57796585503573
15  86  125.76412196811255
6  52  174.22248620948594
7  34  191.9931112308351
8  57  199.65431193636002
9  100  58.662723799723899
10  95  64.360119204811852
11  67  184.41781200376974
12  86  149.14312224732876
13  92  114.30054884586168
14  66  215.67760644879425
15  100  51.791473582142018
6  64  100.21239403414856
7  91  100.5072685833092
8  77  98.85224159030254
9  76  139.53440762856775
10  71  227.48280055042852
11  63  212.48110821887803
12  83  132.79807268955423
13  85  143.26398648086979
14  83  127.81072752995503
15  57  260.55178938924007
6  13  130.12876885384929
7  46  210.0732485776301
8  79  125.78984592272234
9  88  97.827408242718562
10  51  271.94481010596223
11  65  177.23795322679177
12  98  70.355471294175814
13  89  146.73097752467424
14  88  91.621848732155982
15  100  66.298171115122358
6  29  175.83499106597787
7  100  81.508420970810761
8  89  92.589163253582115
9  50  156.55111283709982
10  100  69.139711804289391
11  99  58.366498352119308
12  40  387.94296692864322
13  78  225.52852178316166
14  73  262.98921274106613
15  97  62.90021888977455
6  83  100.91373997879873
7  57  211.30517455607099
8  84  141.9220511957335
9  64  179.12489863734746
10  82  124.23008419897087
11  78  160.11509129034764
12  67  195.79424333093732
13  93  118.30087022175523
14  100  64.871978273284583
15  100  67.693569591335574
6  38  174.68910979934495
7  36  244.36447881609803
8  49  119.81302401684503
9  86  85.083185032642291
10  100  52.182170905501664
11  81  148.88187235286162
12  100  51.873707338349014
13  83  186.82157822912134
14  76  185.6924252592278
15  84  194.53432495193303
6  83  124.32481373671239
7  73  164.54758792664808
8  30  207.86677720834157
9  62  194.82986865544703
10  69  181.095605430506
11  71  231.08157697410667
12  59  208.2275102235271
13  67  147.81136256510237
14  100  69.442781733969639
15  66  231.94266331071273
6  45  137.46431658629945
7  60  147.12195768975039
8  32  140.37587536020825
9  52  274.74090496491169
10  84  102.77884367222676
11  93  85.023873321451063
12  100  49.53308464649821
13  76  236.47765463564681
14  74  219.11138222610728
15  68  266.53053302461643
6  34  127.55948311857452
7  95  81.444080909886523
8  61  198.09717968791702
9  68  133.94771802775085
10  59  266.85496187356017
11  95  86.313876918304032
12  87  126.6423608516254
13  85  173.11189231212276
14  99  57.326312417537217
15  70  244.53237738885781
6  36  124.58187616624026
7  27  119.66011977406131
8  50  151.32615685846423
9  84  88.284684743664144
10  53  279.958005443834
11  63  222.17182932462856
12  84  132.69335036450116
13  84  173.6336548690268
14  91  92.776879836835803
15  100  42.51403445629601
6  50  162.10534794141265
7  52  135.42858305825854
8  72  129.0441025815025
9  53  202.67287098260198
10  75  173.01622695125593
11  61  94.051263416772841
12  46  358.89717722694462
13  99  57.066782043231939
14  73  220.96368219877155
15  96  76.783178299307423
6  59  116.28450169799568
7  78  123.7656058880316
8  84  123.19773862041127
9  77  139.68317350896979
10  100  70.11578313310342
11  87  116.42549123623873
12  91  119.36123059586136
13  87  135.12936732596049
14  96  73.471647073479616
15  77  223.28701526230941
6  53  126.60833082852375
7  80  110.87204058143593
8  57  241.14247318878336
9  79  62.31424255482807
10  67  137.16727519860845
11  69  192.62340920664079
12  87  140.99329654797523
13  91  82.015906174407434
14  82  151.63760156860153
15  80  168.79751147492317
6  67  102.73406570337485
7  77  122.98265200657634
8  77  101.49520527468535
9  45  293.30702400184038
10  77  153.0141139619065
11  91  72.996692662895029
12  94  89.02655159660965
13  94  73.143394691128506
14  79  160.78782204387502
15  76  218.71865079123819
6  26  178.45841355551286
7  58  71.88571880525231
8  53  253.75893776055898
9  95  74.757658903072979
10  78  129.03623864605026
11  88  84.577188299919513
12  70  248.77873695008472
13  95  93.299131856648074
14  69  214.7300454796181
15  79  180.61113634329683
6  67  89.941049311303672
7  55  196.33342161175372
8  44  224.88922552279217
9  31  220.45211632761809
10  96  57.165532093632017
11  71  179.27055980051688
12  49  362.64450267601126
13  98  62.785278735649563
14  74  196.16902253481263
15  93  89.232734240785092
6  37  225.0728623601361
7  21  121.30381863735292
8  73  127.38998275506813
9  69  184.61350332045157
10  42  192.58554202057098
11  82  146.12575626925366
12  70  206.74262084631206
13  81  186.29217600431809
14  100  61.933880706179572
15  88  142.09335349938064
6  18  104.57097900044715
7  81  126.28456378173819
8  94  94.209492199850217
9  37  237.58840917541596
10  71  119.21712320252324
11  81  158.77828754967896
12  93  97.189678777503445
13  86  95.201375745485237
14  97  77.06519737793441
15  66  247.85934351119707
6  25  77.947830677575638
7  83  92.909542976446588
8  26  70.61703495120048
9  81  121.57870370331342
10  71  251.23399945162996
11  68  250.46359754421087
12  66  209.22584928643869
13  77  203.82682554769235
14  95  88.328167145987635
15  78  220.99288071992342
6  35  186.42667539022659
7  47  138.5059392982096
8  68  168.18629843508305
9  90  105.76511031561455
10  54  276.08335894263172
11  61  256.95855030370859
12  74  203.81447855337211
13  87  137.19477782108297
14  90  104.41201667701785
15  84  142.3061380838856
6  40  114.7666425048008
7  47  189.75787291280497
8  35  199.37046544096174
9  61  179.05243622316391
10  100  70.372534297983847
11  78  176.68659401009128
12  90  92.12972577066175
13  94  102.12922558909136
14  95  97.011630088747822
15  93  114.66048272947474
6  86  79.201825716821588
7  68  184.40918845411818
8  60  101.41061779968317
9  81  109.46762955291193
10  78  120.90753200266997
11  90  116.18743767257607
12  69  227.6746039598747
13  90  144.14446188328139
14  96  89.954311417548226
15  92  112.10417868434887
6  11  167.77822217850616
7  55  149.93078149233585
8  48  122.23335839562083
9  71  235.50413441969758
10  71  185.32882324316836
11  86  121.09911078952656
12  80  157.98379321534415
13  100  56.378447041170283
14  84  163.95977503811164
15  88  120.56868211360663
6  63  133.21681663283411
7  92  66.320220150162129
8  53  203.71053049723025
9  54  159.46345905802229
10  76  177.14384463488466
11  60  258.96673085613696
12  96  57.138207189286078
13  85  120.2288989853371
14  85  146.65592277562479
15  100  51.849440829988204
6  39  117.15797869598401
7  31  250.1796673909933
8  74  145.83941315262572
9  58  126.16796260225992
10  65  214.65539405692158
11  40  355.72860020837896
12  78  208.98826525863785
13  85  125.21538191032475
14  98  84.486871489000862
15  93  98.390125721369202
6  52  114.3955510595097
7  55  150.00823544165752
8  29  217.70581525046828
9  59  188.8446150687119
10  65  153.47094541499658
11  82  156.59680657079213
12  84  124.42633702469423
13  90  129.83003765012901
14  90  141.30673139002377
15  88  117.69343062069736
6  85  99.406480967953172
7  31  168.6523284098437
8  72  175.72216009777082
9  81  89.561798011431165
10  95  99.595907470184756
11  82  129.36414792488623
12  70  162.6911106561208
13  100  49.548484141888586
14  78  216.85484589289587
15  93  79.155412260132195
6  57  120.67224009376862
7  65  148.77918948617338
8  64  153.40698226984304
9  76  140.06131014619413
10  51  257.03119667950625
11  79  168.62071204621861
12  70  269.69525795510128
13  100  58.272056155141279
14  91  113.48585746700492
15  57  339.65078079893499
6  63  52.928552946297557
7  24  219.34990295515362
8  35  180.52430553732873
9  67  162.54259928336259
10  87  95.304029803156126
11  77  163.60258878750085
12  87  166.5479766273167
13  84  120.83803714699636
14  70  193.91775507879896
15  97  76.441575262983704
6  23  100.73262088352452
7  85  90.789682163360808
8  65  173.947388011567
9  91  109.44598595905509
10  89  149.25901169029052
11  82  156.49922134826599
12  60  266.78399593396676
13  78  229.99323618394826
14  68  207.70356206034879
15  93  105.83482845546959
6  31  63.149849696487095
7  63  120.5303002507831
8  48  188.09180662493694
9  49  179.04737346082513
10  57  291.7417525120257
11  76  185.60601026931315
12  83  137.57436932947866
13  95  75.445112816509621
14  88  130.72117690058016
15  95  98.633654466919182
6  41  131.05760453903414
7  59  187.65143580928006
8  48  291.29063093461303
9  66  128.3087938017708
10  82  138.25096370690267
11  74  144.2809182011114
12  91  115.52002752988339
13  89  120.93627962135685
14  93  93.472504386789922
15  97  70.045849531608326
6  38  77.252827932938104
7  71  214.89839858929824
8  40  214.50294661296567
9  94  80.740460407866422
10  87  105.58846418537568
11  66  252.48581930793569
12  60  260.96751705324965
13  59  295.06544640305026
14  62  257.6201079568221
15  76  222.10731892607484
6  34  159.67359815845973
7  56  169.71796264795142
8  67  213.80631259214931
9  100  72.548926261340753
10  93  92.563294747297277
11  73  190.41991398332027
12  100  80.444794889583534
13  85  137.57144781959002
14  100  72.77470335638273
15  93  128.3979153808782
6  50  222.79545514744697
7  59  144.76012405784476
8  52  211.92500542608028
9  34  176.94053509387987
10  77  186.73575275887112
11  80  145.74410909790168
12  80  157.41382566529379
13  87  126.15379202934689
14  96  85.543080495714804
15  54  212.12685895043683
6  58  172.03936222281968
7  51  230.75493555907872
8  90  108.06273890115841
9  55  211.36632984305672
10  78  135.27857243322364
11  44  266.4112695249031
12  96  80.176866348681386
13  100  57.471085683253811
14  88  143.35413088321917
15  88  152.53159348945718
6  32  197.16587181563358
7  35  163.95685385381054
8  85  127.5696899311902
9  52  234.24151917915134
10  74  157.81412105987008
11  85  114.26438901516732
12  94  87.340593902046578
13  85  93.049439946628979
14  100  43.853906178565268
15  87  144.96740777630865
6  55  150.92784912808287
7  61  186.2291512630666
8  81  129.09510421587785
9  100  68.618744717902104
10  63  223.3580229728781
11  75  176.32426970087772
12  53  255.5735116112472
13  86  138.12498202693911
14  90  129.66622663529824
15  70  226.54308588009485
6  32  135.38405233650576
7  50  115.63265228335223
8  83  109.35133565395076
9  84  132.60437740138241
10  61  234.43358229690543
11  72  161.06612593948805
12  70  244.16830557098817
13  91  106.88765155702873
14  96  99.461486881545554
15  92  117.08766453721242
6  62  96.889274971767165
7  53  156.32309230288476
8  30  258.12927664953253
9  43  313.7090829607456
10  96  82.928862299796052
11  69  234.50006192346081
12  83  100.5809280426123
13  92  88.794368654570476
14  65  288.11586610877009
15  71  210.07718074318205
6  47  175.13593890605182
7  46  195.36518442453374
8  93  88.93955843023214
9  84  76.37162788988563
10  57  317.26760507274975
11  76  139.87867039865171
12  87  120.38974394531962
13  54  209.64250491592742
14  83  155.56539991916458
15  87  141.1726734571717
6  45  203.54844497806835
7  95  95.361920179745653
8  24  245.86865277274066
9  94  81.287806104536045
10  81  104.99070241647846
11  77  154.29563031146802
12  91  119.19975239264976
13  57  315.26665377567855
14  80  202.354820524275
15  100  53.695577330163964
6  38  250.00279714831422
7  33  281.57497450557253
8  50  159.13929189293108
9  39  334.34276279492343
10  86  79.876391627950795
11  83  134.26384351246108
12  100  56.216363801523691
13  78  166.273233737971
14  94  132.82850146565627
15  80  163.66636115962302
6  47  120.17992876985197
7  42  175.571618537761
8  49  182.73734792719324
9  56  229.73485764512742
10  52  191.25922269869869
11  52  332.58296792935658
12  79  170.45581118768638
13  99  63.959993923417237
14  93  95.203798535490307
15  74  254.29455387432699
6  40  139.00714540714412
7  48  175.89125152261673
8  30  213.07608319534341
9  59  213.48455155658155
10  84  146.34191621758379
11  67  235.86945810018173
12  61  241.09914715479189
13  68  291.50708388055205
14  93  96.947141825278365
15  85  161.88520880587501
6  36  156.55068770099246
7  82  102.54773409025596
8  94  76.056550880254292
9  56  241.77682325508889
10  90  58.870238542863476
11  88  138.62645609405871
12  63  295.39275370967897
13  81  132.96555843117895
14  100  69.742989525915107
15  78  213.97130791930937
6  65  100.85453064356489
7  36  188.2231637413264
8  57  197.22507185090447
9  97  61.169960972471991
10  61  278.7111996475885
11  98  75.687201589049948
12  67  274.14506000356153
13  72  179.20741623082765
14  94  90.924809259579774
15  75  245.27206797320275
6  27  84.116116302002041
7  65  171.90695779191083
8  89  99.184110509465185
9  50  146.57474229179732
10  72  116.99664099679055
11  80  153.2021794540301
12  61  204.46085439185677
13  76  219.64851798521909
14  83  134.45761829703579
15  100  55.016430625521508
6  40  186.56419554616431
7  31  159.3005536760445
8  70  131.28080261336328
9  58  153.90332083866627
10  56  264.41581601134112
11  76  134.07484476363123
12  92  90.361168893492419
13  73  262.27709506361333
14  93  108.05799587639261
15  97  76.851783653771079
6  92  87.529538325365465
7  51  213.81556626465127
8  82  106.12097759693711
9  38  129.36513324018225
10  71  176.62416291755005
11  93  80.156794604222256
12  79  186.46640349757587
13  73  234.37701012779067
14  97  68.268507027712019
15  98  66.080915941090808
6  35  150.9939806985428
7  86  109.43852629449172
8  68  147.67840960166123
9  76  221.53700211210963
10  85  150.04081300554682
11  90  100.89317506036981
12  69  210.09477333292523
13  76  206.50024978244068
14  69  220.0535764042896
15  90  122.29113106608459
6  22  194.94444481132811
7  49  109.62844754208901
8  51  221.35129866396591
9  54  227.99605477034495
10  81  130.95089103888279
11  70  195.63605102504962
12  79  92.741223504970577
13  90  134.71250756523179
14  100  62.311759948809851
15  93  113.46939246621064
6  77  120.1430796183196
7  85  79.535076025620356
8  82  111.7612709313303
9  64  185.49511109150458
10  97  84.907677180793598
11  79  188.8123155613518
12  90  129.40604818605493
13  65  279.77449770079994
14  74  235.70362588227454
15  76  231.84787993407329
6  60  146.83810580055643
7  7  142.68348277326896
8  68  153.36704561535058
9  73  164.45950556472056
10  58  277.8800643842427
11  98  59.924076149861236
12  76  180.81904160206633
13  100  43.608285108129628
14  95  99.428468680181197
15  100  47.929700425302812
6  97  72.240987238198855
7  22  170.57530725586477
8  61  133.99164256189809
9  80  112.28024608566281
10  89  122.17704691719609
11  88  129.37596986973043
12  90  104.52241450391877
13  98  68.633868375786008
14  91  118.82169619181151
15  98  59.150788554005175
6  40  177.70283808691573
7  38  161.86508345090112
8  79  128.84224064818596
9  74  155.38064050247741
10  78  205.84369808800926
11  56  186.94447841961795
12  60  209.5098289053457
13  70  236.50203005612229
14  84  145.6012415880179
15  100  56.164461416878808
6  36  201.40369985033456
7  51  72.799177111220558
8  67  136.14131930033327
9  38  306.65634690065218
10  98  71.735949889326079
11  77  155.43078773968998
12  86  148.86221112031279
13  92  98.440583628182353
14  91  96.306576938540317
15  96  75.585605021653777
6  26  234.80102520136725
7  23  251.87740215654287
8  86  99.386532713420365
9  71  186.62267985732137
10  64  178.09507195454873
11  60  275.44077811266516
12  86  155.18176114823785
13  96  74.342541225900376
14  81  189.27044482709553
15  86  174.95466709224999
6  60  167.12860244236472
7  83  104.73989152972382
8  45  166.82996267469233
9  67  251.77122452515158
10  90  91.103007819436186
11  82  117.26144413732126
12  58  235.59250174017259
13  86  133.67050309319256
14  64  227.28739548135889
15  79  223.330881229477
6  36  77.518149912838197
7  49  151.02019190053221
8  51  237.95070256571967
9  45  194.47547412360765
10  54  218.99532455146036
11  98  69.632560370988628
12  57  341.12742348208121
13  85  127.46654290080734
14  75  216.58726820589854
15  90  147.30324019682249
