2  34  89.340237076239205
4  19  236.48368756901723
6  40  168.03378772192315
8  50  140.70240794879101
10  52  189.61665447579
12  34  563.34423118212646
14  69  65.382858389565854
16  48  194.24671795064847
18  60  403.07159912356201
20  47  504.21250306697067
2  18  85.062041804515999
4  44  136.62435774290151
6  62  90.305683868986762
8  65  186.98522183149211
10  32  224.83706526453346
12  56  214.683252920266
14  20  670.21367896602032
16  31  442.72072009285353
18  30  632.79058801223346
20  49  543.00764112223362
2  7  90.981007234811372
4  23  91.742695340625204
6  28  240.8573744209705
8  3  339.04659331750361
10  37  389.08498196287792
12  68  78.817501573379076
14  46  573.51305019688527
16  62  131.79848802980652
18  42  575.22498691173473
20  54  575.55393257166156
2  32  126.10149819457136
4  0  238.13930010020556
6  14  128.03565514070942
8  32  143.94256202177732
10  71  128.54102282990488
12  46  194.63221818881061
14  26  446.17125560950285
16  25  449.10923793321103
18  48  353.43694099063163
20  67  295.20031738287628
2  0  54.999999999999957
4  33  133.59688007999287
6  37  114.15880332459849
8  57  87.247320150284622
10  54  120.82205019999671
12  66  166.43368983541274
14  7  568.23124942040067
16  68  185.30491138093291
18  77  30.689967529734062
20  37  301.69745068069335
2  20  90.584384146549525
4  44  160.14368424736764
6  36  252.64944177139017
8  32  173.50145135246237
10  65  126.66820548943311
12  39  477.86562334016526
14  56  303.79381074517522
16  37  402.65423395096911
18  61  401.9625551933687
20  77  206.94173068237862
2  29  73.737590867213257
4  58  101.09290458855494
6  25  146.18312439683552
8  21  305.62127545972686
10  48  125.93687985381251
12  48  321.09917753301664
14  54  394.63276438393979
16  76  112.75144174805254
18  78  182.83679502147373
20  59  37.882413339442785
2  25  84.806632894826507
4  24  88.075073449153038
6  14  206.71992800130093
8  66  235.5897299281911
10  39  123.66901451298156
12  46  426.17816773291474
14  66  186.28986268573399
16  61  442.62441313771996
18  75  67.119641996106367
20  98  13.956975178394195
2  15  79.339674730625461
4  0  249.16936206518028
6  42  96.853471066306668
8  60  200.04196646156296
10  35  340.58024287654865
12  48  209.02410310719131
14  48  159.5151121147926
16  42  99.674965833301201
18  59  134.9458468216223
20  72  194.91649023308275
2  0  0.0
4  51  116.54603997404901
6  32  246.56895476092805
8  70  118.97421127231702
10  67  50.20595619244903
12  61  118.69675583868329
14  31  119.16629953526686
16  61  304.3018136152283
18  61  283.76027672736495
20  58  158.46689998133292
2  30  89.234991670212281
4  33  52.598688053542361
6  13  230.10614857136846
8  39  251.21029403465673
10  65  313.74139754930837
12  72  189.21291735492917
14  73  145.24153897484743
16  62  118.71719690621818
18  72  118.88914015458927
20  50  575.58049829198842
2  4  125.97890435237115
4  49  103.28254648533121
6  65  85.212305540866751
8  33  224.58572054439873
10  53  203.75777327373021
12  54  82.156182327840526
14  46  200.77833928482588
16  31  568.30761391198291
18  73  77.763694594055593
20  54  101.97072168227302
2  18  54.346326858727529
4  50  105.66602763962977
6  36  100.76269759232346
8  32  285.92417044792944
10  40  131.94170162892047
12  24  333.0361288876814
14  39  213.863406130089
16  48  356.89225510668552
18  88  110.38811435066546
20  92  69.632151297660585
2  26  54.491827867526382
4  11  314.13937410711731
6  22  246.4954864242751
8  43  153.15318732838125
10  38  313.50954595479163
12  51  193.14244061041191
14  32  453.45252519360844
16  68  81.099254233962114
18  71  233.71408963886347
20  46  341.55185242277975
2  16  155.95050073797654
4  35  189.8815577958768
6  60  33.956154998639718
8  44  300.26746435966317
10  41  277.9398894424134
12  54  291.69199754678027
14  30  257.58586999124793
16  42  135.9020617997412
18  64  177.09269654211988
20  74  72.369063616415517
2  20  122.35520375280903
4  28  158.41309681228012
6  27  236.227267706579
8  51  139.02406962022457
10  53  128.34801927099932
12  69  129.02030879300804
14  44  247.7368199361182
16  84  49.388639427762982
18  29  685.12365963828086
20  77  181.33187904605992
2  42  119.86871155215663
4  21  100.92820200429659
6  39  248.02645526807044
8  34  243.30562401263188
10  40  106.0177536015895
12  51  317.49349769898544
14  24  295.0445681552564
16  71  90.948602570666054
18  61  388.92583542865782
20  61  98.595030434447722
2  24  147.2155435639618
4  69  68.128272910248654
6  72  109.72238138585244
8  50  260.86109544940814
10  33  221.47037949415235
12  77  152.99370931806911
14  57  297.35955655468217
16  90  66.236205650727982
18  32  232.72552232250888
20  65  155.82877394475599
2  29  80.663229550193222
4  24  246.65675872434986
6  33  201.46782852470002
8  40  166.29427527134163
10  33  297.2101166776215
12  21  411.26075477357585
14  67  139.44602765965396
16  43  665.02497502651568
18  71  153.80803358174691
20  16  309.50769487360327
2  0  0.0
4  36  65.511513544070041
6  25  344.83687121975242
8  60  218.1378570197981
10  61  228.10917839064913
12  46  137.85703187811612
14  59  273.75640675217556
16  38  262.61374182208573
18  37  478.30755410190636
20  47  455.91868694327297
2  23  143.13245561302617
4  24  227.07381393204633
6  59  91.791781225597731
8  26  253.6389432466537
10  71  194.78828322886
12  60  136.5476593138529
14  48  321.7049840178525
16  61  106.70542815994895
18  77  120.08958248515545
20  58  173.33164871673776
2  11  9.9824654886268274
4  53  100.00023655933751
6  69  111.8115969023721
8  63  77.892539063981928
10  43  311.42468763462847
12  61  41.531864342356812
14  45  218.51919569258138
16  44  156.69411753644664
18  47  690.58665283535981
20  36  389.82993973608745
2  24  121.82571913341647
4  55  109.08888403041033
6  28  270.69284610761338
8  60  102.36018298737784
10  36  262.95395979994441
12  81  61.512652073715344
14  60  160.3669127169245
16  47  105.92380137066912
18  76  43.466402587447774
20  64  182.64569764694318
2  6  144.37622393605642
4  19  223.15434027206365
6  35  216.33887234258734
8  55  82.82962980010123
10  51  286.71736130532213
12  51  106.11718182993479
14  76  73.051473270247513
16  54  245.15941242968131
18  42  94.386285939901072
20  80  40.499601237160526
2  32  119.52841047680282
4  23  111.80399350906549
6  19  90.101387405534453
8  52  279.37790502267183
10  53  165.11457803596073
12  68  147.31634165760036
14  57  326.9748024119159
16  55  302.81638829400174
18  70  215.81357223110487
20  15  823.87968407393373
2  30  60.923269677056489
4  37  113.36665254560091
6  26  209.95620619330884
8  72  119.27514490808721
10  54  84.187596229414766
12  44  120.64822759508453
14  71  123.23440226289817
16  42  336.66416481432964
18  72  250.79373830050866
20  82  137.37498691241839
2  0  172.65182433592605
4  24  211.95921998594542
6  50  185.81545003641943
8  30  257.54277800902832
10  32  274.59205755346363
12  49  197.11771884207914
14  69  177.1736445039588
16  19  390.21288872855166
18  69  187.43281352824178
20  60  75.052190501628431
2  8  143.7019592754807
4  15  78.504274899407619
6  0  218.95752050725798
8  37  101.20150650839277
10  76  145.57427052795197
12  58  273.90555741582983
14  65  71.263416856685808
16  59  303.18915058453831
18  62  74.496247613444424
20  88  112.19454303919072
2  0  69.294506686765601
4  47  136.16896956858156
6  26  253.78084921342119
8  23  174.1110073546335
10  60  51.11744847751617
12  64  283.70357100125284
14  41  344.77505425539869
16  60  104.74931295612399
18  61  153.20140940418315
20  73  293.89942546387618
2  25  116.8300200352156
4  21  245.34014822292653
6  8  452.62988785146257
8  24  277.7019378508088
10  47  198.04192200837002
12  61  77.553165901397762
14  56  94.306079129499821
16  36  117.87126567011629
18  62  68.184147416413637
20  69  275.04003200669041
2  23  86.261103631439838
4  27  232.2990301890232
6  52  101.57260651190055
8  39  332.09643632271354
10  69  100.13012135127255
12  19  121.94749016220167
14  83  56.965974928420685
16  58  449.31483871521294
18  77  150.99798017598326
20  50  260.8685591109155
2  6  124.75977022708261
4  29  190.04610834581078
6  50  126.79375924513234
8  59  119.83340869743816
10  35  536.90749615766401
12  63  244.6098530224501
14  62  23.721990712055465
16  86  123.95119647066079
18  96  1.1068913853448541
20  77  125.05456043326537
2  24  59.416165743937654
4  34  94.43643083796978
6  22  214.33393196102537
8  44  219.89265240022581
10  11  222.58383248869993
12  65  79.426204435404316
14  72  201.63323229275977
16  77  117.62069680232392
18  72  188.55678130254614
20  67  171.84605618002124
2  0  0.0
4  49  94.790447927815364
6  50  239.50354817574177
8  29  149.19126684540296
10  34  129.70942728139559
12  90  44.909178401680059
14  50  268.23053375491327
16  71  15.484120579051703
18  48  690.86524964380226
20  73  174.38229891547425
2  12  115.29497969745661
4  28  102.56915606643541
6  12  43.364228866717269
8  16  391.87452914071548
10  59  149.93894110940323
12  51  212.92875998219395
14  72  104.90038697182634
16  67  134.24507476667506
18  70  63.683670962052716
20  53  150.82900844424537
2  5  20.762351716670779
4  39  115.16737756610529
6  26  191.18383546916189
8  62  162.30919663341032
10  33  209.22770452526905
12  56  64.007706970091959
14  61  176.15823548515201
16  63  233.1424890449467
18  64  344.5867171184525
20  76  30.066776586963357
2  30  135.85439811547587
4  32  83.112475706311187
6  34  163.17725374618576
8  27  198.64227675972433
10  48  343.55528337708739
12  34  63.649697297895486
14  57  374.29524662267636
16  59  497.85002437273516
18  82  123.39745851871989
20  51  154.83599475527575
2  25  73.068754035723387
4  4  375.19438627567899
6  42  148.34190747234328
8  35  178.78322703857216
10  54  438.10930170085152
12  51  44.51381670621759
14  69  119.18886725635068
16  44  358.36726108130011
18  34  285.36779598003437
20  41  525.80184451871082
2  34  58.378621187994177
4  58  59.70009018131455
6  41  188.6001359601691
8  56  180.4337032713122
10  14  387.54281768815918
12  37  177.38132913286339
14  66  138.19526939664038
16  46  249.05681486001242
18  33  235.87776955543708
20  74  239.42534174102053
2  29  77.858356435136898
4  22  108.06197636472459
6  45  107.50629891939786
8  57  255.98349943909616
10  47  148.79847342273388
12  75  81.671015298867587
14  59  201.23219262998592
16  45  192.72606903318271
18  63  376.52141144941004
20  73  299.20108959459492
2  43  48.125747009089267
4  0  151.42782246649026
6  20  136.10616061225446
8  32  69.474458791274856
10  38  220.71214221367043
12  70  95.271287008539389
14  66  144.13525272849836
16  60  312.30239264223474
18  53  151.44669641149051
20  91  62.849047740602465
2  2  127.61249030281948
4  4  347.7482802156797
6  66  131.15608471621948
8  24  237.22466359635285
10  44  244.18953461742032
12  33  221.83472324323159
14  58  0.71847895587186994
16  69  29.807123114939614
18  76  61.853308538662695
20  61  71.853201438751711
2  0  155.39567614486464
4  21  127.47205238866687
6  48  83.455181740716625
8  54  193.23761622737524
10  25  437.36573534564735
12  48  217.85579457454008
14  45  349.80517251893241
16  72  12.232838061766294
18  61  259.94744122947554
20  49  3.4749916456542209
2  24  59.654461701608575
4  0  15.999999999999979
6  26  139.20229823070821
8  79  77.110354098593803
10  81  104.75704973432009
12  74  125.94490486571337
14  69  7.1277194486890689
16  27  650.17284036341118
18  33  944.41944214343994
20  24  350.19268111585467
2  21  63.459828533398827
4  25  143.24935249499188
6  26  114.82559411747884
8  28  294.97954195376542
10  49  338.39648600091374
12  57  181.3473283765463
14  29  540.72824746759409
16  62  331.62750461748146
18  56  142.02914094297711
20  72  167.53525710906831
2  18  125.05049146284598
4  5  237.74422114039467
6  31  274.34355957196493
8  56  136.17180717426962
10  50  188.55301963432549
12  34  248.16387397802515
14  50  453.87154000542978
16  50  103.5916766246404
18  66  145.73671583455641
20  66  228.44383815938787
2  0  0.0
4  0  0.99999999999999922
6  21  317.01297710298724
8  27  299.05687234653931
10  52  148.11912137501753
12  12  378.49627998256705
14  79  112.31237761745716
16  59  87.625677587657549
18  36  356.10384013817645
20  48  160.02215032696881
2  19  117.994989423036
4  39  38.16898988527668
6  14  410.79518259586666
8  36  194.67017441900708
10  54  181.40931222471244
12  60  161.50854576196747
14  63  105.48619181241867
16  42  117.12753280904742
18  66  76.732254153869945
20  47  241.70051615843994
2  0  0.0
4  65  85.733331269781971
6  39  189.04465428015237
8  56  196.27504605961371
10  30  433.5318863280084
12  44  237.08135067500976
14  53  250.85882358965233
16  18  192.89376981678473
18  76  232.81626720130291
20  65  64.66463520528464
2  20  116.27998894674616
4  53  64.999077560201087
6  33  42.068761770678712
8  38  193.70185087529811
10  76  153.69195679041178
12  58  130.20793828705138
14  69  267.88967880053275
16  69  210.61869934005091
18  61  463.32677289881519
20  25  375.04305322375535
2  0  140.31812079363976
4  37  156.41714032073696
6  44  219.90816261611155
8  17  184.66240200572366
10  49  194.88305615585747
12  43  240.53216144483054
14  55  227.89413409520549
16  73  51.833599819360359
18  61  258.02732297098493
20  65  265.02605743925506
2  2  197.52925553245694
4  47  132.76627919486728
6  52  70.56588219790919
8  34  253.16820514029357
10  5  137.95292852175027
12  34  19.941735679215935
14  70  108.84254592154772
16  75  19.692448291096071
18  78  87.604243093744245
20  76  74.124106306342668
2  18  162.92981871124658
4  9  255.36658829245354
6  21  161.30977047763494
8  32  448.18152632082609
10  36  415.86035346838815
12  45  125.57381215215476
14  53  105.20663017405639
16  65  194.6109823428321
18  56  166.76561519529159
20  78  138.60782216905267
2  19  134.14729536718846
4  42  176.08270494672385
6  12  306.45545269027474
8  23  319.29654169338346
10  64  166.3504265120867
12  54  133.94658555891488
14  31  203.56954613751225
16  80  104.38753691543468
18  68  88.785351667305576
20  78  66.683330058232585
2  38  97.657668956265923
4  4  222.10447293439566
6  48  110.41259908155537
8  18  223.38647719444958
10  57  203.08587969433057
12  42  250.49412059077386
14  40  322.06037652137741
16  66  28.280997419664601
18  61  236.24835968814247
20  77  207.43994961609437
2  20  138.07213736499915
4  55  124.96296077729767
6  18  264.96402523114813
8  40  467.53798383381593
10  33  34.593749355725798
12  74  156.77484474876036
14  62  278.84334509787487
16  57  56.537975415598396
18  48  166.34835982476844
20  44  244.75836893646095
2  65  46.919023584623865
4  18  288.62609673272891
6  25  329.94602179066248
8  47  129.57348965119775
10  68  33.101102978742929
12  56  132.50223538086391
14  70  111.06794971867176
16  71  109.16351924330708
18  78  134.11814872864872
20  80  123.13407198484651
2  27  124.40780858499242
4  46  123.22800910826882
6  50  169.40538175252209
8  27  269.84655995423475
10  35  259.63920571438081
12  48  117.37324630621511
14  43  112.2752053372501
16  66  300.48562189023841
18  56  183.54954587718149
20  55  361.82334042907138
2  11  113.73154110564616
4  34  170.05617085181453
6  43  157.31410586134018
8  62  133.62229172760939
10  58  143.22249967282573
12  57  193.93138133762608
14  56  231.90096167726486
16  64  218.84437151578746
18  68  56.459551053114112
20  56  285.38099974932538
2  39  105.29482281305701
4  0  266.06588197219833
6  50  100.73551279934372
8  65  113.1564706058803
10  30  389.27405057622025
12  46  186.3399278268306
14  73  145.26422187856164
16  78  56.782716339595623
18  80  116.56146682446348
20  61  86.484962153637895
2  32  65.484456091272563
4  15  78.371281304263618
6  49  248.99535936753651
8  62  109.5836697111715
10  34  201.86463708495415
12  28  186.48571067088571
14  46  134.9929153008423
16  77  94.314060949554587
18  40  242.65963141398538
20  59  288.55179387256669
2  11  72.546620397042389
4  41  84.422657074207407
6  29  364.42937117432837
8  18  82.852023768290849
10  56  213.99076713575519
12  52  315.41277691165322
14  48  102.5458345556337
16  90  77.976769058619425
18  52  108.65518810397718
20  37  528.9225404445549
2  47  60.421725373512722
4  39  104.36840127547191
6  19  204.92858138004644
8  41  173.82812700023601
10  32  210.18799810446887
12  62  159.21658111799778
14  41  182.24684932147514
16  72  190.372917097933
18  42  293.79229218647413
20  61  585.56289318316203
2  0  0.0
4  35  178.19463579734182
6  60  165.30159880353713
8  24  278.71518179182544
10  20  124.9538861798796
12  53  236.99539531706472
14  66  235.02756594552696
16  41  458.66897487868653
18  71  80.58302621016017
20  50  512.99377194315366
2  0  188.02688299493744
4  16  75.520411036074506
6  7  212.98042532764461
8  68  137.13162769141766
10  30  126.91478899757476
12  77  78.19568067391873
14  58  285.65559235023358
16  54  166.89210269590791
18  52  309.24188580061093
20  55  268.65171516599634
2  28  124.2163679654838
4  35  85.859040296608384
6  42  142.33269781825061
8  73  127.10283807975173
10  38  288.32138138909653
12  53  177.40101872051352
14  44  190.54746507796855
16  88  14.429912950422915
18  71  70.768887052500887
20  32  354.09317705707559
2  29  36.295990414200553
4  6  298.06074772940838
6  27  299.09012082707483
8  44  224.03391346405655
10  59  228.26555425161177
12  43  182.50290959728
14  54  203.66195347341065
16  72  193.00789391825893
18  63  161.93983134068532
20  75  92.089417144429405
2  28  54.14163484350015
4  30  191.20162956100987
6  22  219.64527492092427
8  46  60.731462256519507
10  39  348.73281055925156
12  45  201.49605893257333
14  27  373.22675062542947
16  77  91.490144078042221
18  55  511.56857787333257
20  78  48.751114243400174
2  0  123.00000000000003
4  46  146.42493117661363
6  26  160.87978348589087
8  45  102.48500190514324
10  33  219.19009245491324
12  70  13.166655159150066
14  70  136.33833815033631
16  57  300.79096975537794
18  60  96.536284231647087
20  45  315.43779343754449
2  21  122.96448791613619
4  22  179.9672141295479
6  31  67.874998013653723
8  22  155.97355751908256
10  66  157.09479812344409
12  59  119.94826876981088
14  76  193.91129832542268
16  47  263.72944893763065
18  28  498.28418163557751
20  47  174.88616527515293
2  21  66.395427068250882
4  17  116.71235667923342
6  2  192.07304458913177
8  9  192.1376423022997
10  57  101.81936093594437
12  56  128.18294410888234
14  39  611.55068313504717
16  66  91.091431880169324
18  91  19.916436154465249
20  34  308.21009345010765
2  14  72.678413236849806
4  47  174.14223370620988
6  43  157.5161399137059
8  24  268.78112852578772
10  72  216.55080248616071
12  60  450.62028138247302
14  52  121.56670487573928
16  64  79.306990969810528
18  49  210.39732714302414
20  74  60.920089669867494
2  12  107.13653299232951
4  60  32.887064941042425
6  41  90.66221723896281
8  55  171.95000018392321
10  59  116.82597067664206
12  70  191.69400365664035
14  50  144.34060168080433
16  58  281.42065093542391
18  75  74.153461486778866
20  72  114.43183806927573
2  3  36.999999999999986
4  11  162.92735349407619
6  42  168.78972861677045
8  46  70.862237361434723
10  45  91.447005326568188
12  59  86.095402216118117
14  37  172.44878907500222
16  61  196.6747800292612
18  37  184.88796128167641
20  33  959.20149698953412
2  8  86.928194212099413
4  21  171.81818794024207
6  32  179.30575167979887
8  38  213.87380060627561
10  26  560.99407171270059
12  75  60.29621528205876
14  60  270.68966280245712
16  62  89.248580612818898
18  75  161.66298326221161
20  82  45.027885214216873
2  32  97.226858486728645
4  21  113.64383151073267
6  25  175.96382246010512
8  45  144.49245346012128
10  41  165.60542788980734
12  9  196.8681775779275
14  73  245.34405996464687
16  71  36.059908217802409
18  74  42.570899256304962
20  45  2.0101842370393346
2  21  103.14711843936577
4  27  115.16372550789364
6  23  305.44759644257852
8  38  286.28754219352936
10  48  105.93027808263329
12  69  147.35188982075917
14  74  79.004573643322516
16  74  104.26918271545765
18  54  239.57705031922933
20  65  336.99923781182866
2  26  130.64998522609389
4  40  118.51722817240443
6  40  212.76136910230952
8  23  418.89729311320309
10  51  289.70821871102532
12  44  373.92918061498449
14  27  430.29970527022311
16  52  346.97252590438302
18  31  768.42992817825882
20  78  62.632893306408242
2  65  76.659727858636927
4  28  206.50817664183973
6  52  109.48299548155691
8  21  326.87732953768023
10  30  552.91251907660705
12  72  72.814870369809739
14  65  136.13590863224496
16  64  282.59088561272307
18  38  504.00669391461832
20  42  810.32704926804956
2  7  177.62585386159327
4  19  230.52928365660296
6  22  353.50206017345488
8  47  113.91042127244434
10  60  227.3470286789458
12  16  707.58991322726229
14  43  188.55379643261492
16  54  177.10506611415573
18  60  149.23688539518571
20  67  3.1344120781893343
2  31  65.459719588844465
4  25  180.80573615447955
6  28  181.81019342929591
8  48  201.27864739948706
10  60  108.40149652677908
12  47  69.171307923846626
14  37  139.44520311504746
16  43  316.08048950224122
18  62  151.03231037024526
20  69  164.66545678581718
2  33  120.83665967388079
4  9  187.54447696047393
6  5  244.43769329275059
8  46  211.38005323079932
10  39  307.2827667693291
12  36  190.3290800121311
14  48  331.57633105077048
16  67  145.7524438326372
18  33  61.530500430997456
20  52  90.096264828508751
2  0  0.0
4  34  146.10852033245595
6  36  146.09682268410984
8  29  276.88696282724953
10  48  191.77084197606422
12  67  213.69009729431542
14  47  150.06019500860123
16  43  93.829290617584192
18  79  207.20885236035389
20  67  424.88031187037279
2  0  146.83463574896831
4  26  199.47457093054427
6  52  88.172910415312515
8  46  245.16891416084565
10  34  199.97895773431614
12  75  175.68017396539008
14  49  312.02139826175153
16  59  208.20518412171972
18  78  112.2726905246225
20  64  153.85142688077008
2  33  92.320001261131097
4  42  124.93191028607114
6  55  81.519385000592081
8  42  166.54049037499982
10  75  126.72992153655335
12  29  200.74325539319844
14  87  65.80154265555386
16  28  168.78932925934006
18  62  363.73468367365894
20  78  136.01536980678543
2  5  79.817958354397234
4  30  127.38012962683145
6  48  143.17380096643774
8  9  275.42940042703918
10  56  203.10575714173558
12  61  141.85725787634181
14  43  13.695667052559244
16  71  123.9372028132457
18  71  133.02505450601299
20  58  96.638702832144702
2  6  90.757261854028229
4  26  188.56436169041112
6  46  165.9471177721484
8  33  283.42031023151742
10  13  474.47359138231678
12  54  14.163278110392021
14  62  161.66142125330501
16  52  351.72567937750097
18  38  302.93539993007039
20  57  309.27625479089716
2  6  150.8597922495573
4  25  180.51873980863624
6  34  244.58058812145828
8  35  112.08985681840204
10  31  308.74793776964702
12  51  201.38924149277489
14  63  308.30502740900994
16  70  282.29921553716838
18  45  62.442341213028158
20  61  195.99590294103515
2  0  46.491762460199247
4  54  101.59648353962272
6  29  106.28732403255896
8  42  235.45596253462512
10  52  167.21359367909892
12  46  326.46425482140222
14  80  50.72328249910678
16  56  310.39767142381857
18  91  100.02302912934375
20  61  156.47733862840334
2  14  106.65616827545526
4  23  148.37154850877846
6  38  73.549319679258161
8  12  294.02655427817831
10  18  602.45936722236922
12  68  118.50983007331439
14  70  212.59720549401845
16  43  475.87747326383698
18  52  250.14118972917021
20  62  269.02535470898317
2  27  127.85106930879961
4  46  194.21677366906718
6  41  170.80275999252615
8  40  119.12233783403512
10  9  338.90860122675866
12  58  133.38133522037995
14  38  334.6701113854009
16  39  503.17531458864045
18  64  372.56379035610257
20  76  111.03834720750967
2  46  45.290865409167495
4  13  276.77191481233302
6  21  83.590496579718732
8  22  393.20188680755001
10  27  513.50554833861008
12  70  212.81729200749047
14  58  187.99514078459856
16  41  299.962671929777
18  67  373.69160232993835
20  40  287.58812214787559
2  8  184.99999999999997
4  0  291.6968490348973
6  38  103.56575628326623
8  26  241.02535295862108
10  49  360.46237283034526
12  66  192.5817092648945
14  64  139.68969538908209
16  39  182.39793578392712
18  52  265.37073599227676
20  68  174.49322701336342
2  17  56.107025463506652
4  23  186.49316622677208
6  36  143.99734576445937
8  31  138.03631047096511
10  58  235.25825034950631
12  68  138.13170470775032
14  14  422.42602919632725
16  59  230.85270905841946
18  60  224.71534801375739
20  93  28.832633241714078
2  13  43.46919853712793
4  16  145.82587861254942
6  56  40.470489893063096
8  57  143.95620276990297
10  40  394.85742058037869
12  44  413.4719885202565
14  54  169.67517519025805
16  70  265.47735153569346
18  54  210.60262471008102
20  60  301.08000482200299
2  25  80.760584159476153
4  1  214.11549876589908
6  52  242.66092462446014
8  11  409.26868591725002
10  54  298.98234933493154
12  50  98.686414658524853
14  86  72.932712526562128
16  53  184.5805068849655
18  55  112.75489430687398
20  59  150.49119988295462
2  38  94.249710723947629
4  30  197.87359424431304
6  41  61.413502395350186
8  58  150.96684402749739
10  18  408.00445490052903
12  32  180.27164603550852
14  33  581.46300710319042
16  36  188.40746152010809
18  64  255.339867112787
20  62  372.02439279418257
2  17  66.718930479514086
4  63  100.86536977767157
6  69  137.38171448748787
8  34  221.79355536448554
10  31  194.96758326274664
12  59  221.00532142737873
14  37  392.62764210128876
16  53  255.81259524748415
18  66  317.07061010119367
20  70  249.9489364824268
2  17  152.90345509921119
4  18  260.86839107322925
6  57  131.92314513890244
8  45  136.79135675675801
10  77  144.20135849750324
12  45  217.2335354874125
14  19  657.33759520254887
16  62  335.73277938390038
18  29  538.12736195634727
20  92  41.065261138692833
2  3  92.576953622181918
4  5  71.709328867257625
6  41  178.93898505377823
8  36  44.755691403448147
10  64  252.05215372483502
12  49  215.16285076227058
14  52  185.17439387731545
16  22  380.75559769935927
18  32  389.31602786754183
20  60  186.90211260421788
