2  18  44.577746970812953
4  7  116.04030824590542
6  23  269.55242856461695
8  55  296.6603022827328
10  57  176.84775128810472
12  76  310.97088605135394
14  76  268.36914691048008
16  69  223.37785479328977
18  85  140.7221436166551
20  84  144.80892298791269
2  46  85.853924748077901
4  36  201.72728078551728
6  57  210.97978712805698
8  30  239.64254140752294
10  61  165.63617735273704
12  53  202.90635741238106
14  88  88.282499648044279
16  56  365.87181114238746
18  86  93.422790035075096
20  62  438.58146525333956
