0.0  59.333333333333336  429.32527390169656
0.1  58.666666666666664  414.7397704346223
0.2  68.0  346.33811911997208
0.3  66.0  334.8393937155418
0.4  57.0  455.18366895720754
0.5  56.0  374.09991799672423
0.6  51.0  421.20772314608467
0.7  89.666666666666671  262.65962289641391
0.8  69.333333333333329  286.04628355525409
0.9  78.333333333333329  255.84422144459822
1.0  58.333333333333336  413.54414672606987
0.0  56.666666666666664  365.31947225227873
0.1  67.0  313.53425652766396
0.2  40.333333333333336  420.16192851496095
0.3  54.333333333333336  418.52739204150367
0.4  65.0  382.88761035751332
0.5  57.666666666666664  402.6306596865291
0.6  72.333333333333329  373.79501928958513
0.7  64.333333333333329  373.33803959489791
0.8  71.666666666666671  361.22224502237384
0.9  53.333333333333336  481.37518254886265
1.0  50.333333333333336  519.31325211476178
0.0  45.666666666666664  519.13175127403758
0.1  40.666666666666664  393.15829090057224
0.2  51.0  430.40374868432065
0.3  61.0  484.05960542172818
0.4  49.666666666666664  440.98514494933789
0.5  61.666666666666664  471.92937037035119
0.6  78.333333333333329  327.13677276883254
0.7  80.666666666666671  348.0064975521924
0.8  67.666666666666671  375.14819225539571
0.9  77.0  308.01073328975588
1.0  50.333333333333336  487.79093149382135
0.0  77.666666666666671  290.99941047786547
0.1  51.333333333333336  476.03347806073049
0.2  49.333333333333336  493.55397647426071
0.3  69.0  341.99352619999109
0.4  62.0  416.83769147490375
0.5  68.666666666666671  407.46038755419096
0.6  83.333333333333329  342.82662651809488
0.7  76.333333333333329  282.59228503495575
0.8  74.0  429.91951648077958
0.9  72.0  330.06257039816012
1.0  47.666666666666664  487.80914481100592
0.0  58.666666666666664  454.00755325046663
0.1  49.333333333333336  383.47564608982225
0.2  58.333333333333336  401.39391205377444
0.3  73.666666666666671  382.95582385160338
0.4  53.666666666666664  291.36733962055769
0.5  85.0  327.43114905249672
0.6  72.333333333333329  297.05858610814789
0.7  36.0  480.01430684299777
0.8  59.333333333333336  405.12002161953893
0.9  53.666666666666664  461.19108392613248
1.0  85.666666666666671  253.68377210012204
0.0  81.333333333333329  338.60788054794864
0.1  41.0  414.34039852317318
0.2  63.666666666666664  423.62313197713934
0.3  57.666666666666664  414.14039218141284
0.4  71.333333333333329  326.52920574527707
0.5  78.333333333333329  339.31869409416493
0.6  84.0  299.45205182324389
0.7  49.666666666666664  380.96090654777021
0.8  68.333333333333329  393.58101043486255
0.9  62.0  449.10853143660665
1.0  79.666666666666671  354.09387628534932
0.0  61.666666666666664  496.94705515260802
0.1  52.333333333333336  505.96424193779512
0.2  51.0  464.47172449488636
0.3  62.0  458.41005972311143
0.4  81.666666666666671  334.5582885773909
0.5  72.333333333333329  332.61798482286406
0.6  75.666666666666671  348.51175781484881
0.7  56.333333333333336  581.8836495735278
0.8  64.666666666666671  404.01139827937538
0.9  77.0  272.85313946673404
1.0  76.0  308.3932644260546
0.0  57.333333333333336  481.61336483407979
0.1  32.333333333333336  510.22642905936664
0.2  54.333333333333336  430.75659147798353
0.3  64.333333333333329  444.26107181067647
0.4  76.0  305.9376093939099
0.5  69.0  395.69936955349993
0.6  64.0  446.56231485727204
0.7  61.0  431.36993543961006
0.8  67.666666666666671  437.92095726768957
0.9  60.333333333333336  482.36834766612509
1.0  77.666666666666671  336.38062338681334
0.0  49.666666666666664  447.57407433473168
0.1  71.666666666666671  303.26921661051034
0.2  66.0  358.12597439761134
0.3  74.666666666666671  340.04241369208296
0.4  58.666666666666664  514.47650135898971
0.5  55.0  383.12819214141592
0.6  46.0  521.87528184032135
0.7  45.333333333333336  548.97734309678651
0.8  72.333333333333329  317.06167377187904
0.9  70.0  393.56245147624111
1.0  57.333333333333336  452.60139910340519
0.0  54.0  450.65951229736612
0.1  66.0  436.85391614346116
0.2  51.0  355.38858594242578
0.3  63.666666666666664  432.51579339562494
0.4  60.333333333333336  454.75441514381407
0.5  70.333333333333329  433.61657296402279
0.6  48.0  396.49084746941696
0.7  40.333333333333336  412.44309021545348
0.8  58.333333333333336  459.81427580258656
0.9  62.333333333333336  474.99619998730458
1.0  58.0  462.36144667827432
0.0  37.0  519.91744632809502
0.1  40.333333333333336  573.32784708459462
0.2  82.333333333333329  303.96187551102582
0.3  59.333333333333336  471.57188250605361
0.4  76.0  326.61095140145289
0.5  68.333333333333329  415.36955572684332
0.6  56.333333333333336  459.39686160332712
0.7  72.666666666666671  288.11533300292035
0.8  62.666666666666664  385.85417259437327
0.9  67.0  378.38368420371131
1.0  58.666666666666664  447.48935586715169
0.0  53.0  350.37702730786009
0.1  49.666666666666664  427.49056175187036
0.2  65.666666666666671  467.89967292699782
0.3  68.666666666666671  449.95966694194755
0.4  56.333333333333336  468.97949008583555
0.5  54.0  423.87680262882162
0.6  64.333333333333329  455.57739728771384
0.7  59.0  461.70885081912252
0.8  59.0  456.61681486242708
0.9  42.0  557.12596757391145
1.0  52.333333333333336  473.95222576831424
0.0  52.0  445.92539569217644
0.1  44.666666666666664  575.04910196764695
0.2  45.333333333333336  423.27856035337498
0.3  56.0  260.35683264514233
0.4  52.666666666666664  523.92488741685702
0.5  50.666666666666664  505.10655002118983
0.6  68.666666666666671  412.49977982293944
0.7  38.666666666666664  650.95146017255308
0.8  51.666666666666664  459.42268620908885
0.9  49.0  558.87982812539281
1.0  78.666666666666671  320.07300223464728
0.0  70.0  386.84271819914863
0.1  44.666666666666664  509.05605154101437
0.2  69.333333333333329  396.97250713867885
0.3  60.0  366.28172482091611
0.4  81.0  265.97523601247741
0.5  59.333333333333336  488.71540361067463
0.6  54.0  472.64760199440741
0.7  67.666666666666671  351.80606400323825
0.8  55.0  370.84761570345131
0.9  67.333333333333329  453.87381445176197
1.0  83.666666666666671  286.25100756517492
0.0  49.666666666666664  466.95800248770485
0.1  56.333333333333336  393.01243365164817
0.2  64.666666666666671  420.43109770218518
0.3  61.0  399.547803094031
0.4  79.0  296.2884138749493
0.5  63.666666666666664  373.94560799963966
0.6  59.666666666666664  457.01730347287992
0.7  60.333333333333336  423.33360170289188
0.8  71.666666666666671  315.36866412299139
0.9  55.0  486.45868916234963
1.0  63.333333333333336  474.88132439389733
0.0  75.666666666666671  374.02214513265056
0.1  62.333333333333336  344.11942941621209
0.2  59.666666666666664  452.53401904416501
0.3  69.0  355.06067443044719
0.4  51.666666666666664  417.76881557442653
0.5  94.0  212.56970500336914
0.6  58.0  483.30395478870167
0.7  68.666666666666671  434.30388978365437
0.8  79.333333333333329  371.2800774424386
0.9  64.0  436.30321162388492
1.0  68.0  307.078020157065
0.0  59.0  420.41011074320767
0.1  49.333333333333336  442.92874086770445
0.2  43.666666666666664  424.78139867559327
0.3  76.666666666666671  334.08684132228467
0.4  58.333333333333336  263.53430518695353
0.5  63.333333333333336  378.88444352771126
0.6  69.0  397.47993870382527
0.7  60.666666666666664  369.22823052280506
0.8  59.333333333333336  438.72943496791027
0.9  50.0  470.90214573515055
1.0  53.666666666666664  488.89321884581335
0.0  53.333333333333336  481.2765405886492
0.1  63.333333333333336  364.97307234543007
0.2  68.666666666666671  417.6464904001503
0.3  66.333333333333329  425.75537766432859
0.4  42.0  557.81198471611265
0.5  62.333333333333336  356.35726613899254
0.6  62.666666666666664  386.98491858634617
0.7  60.0  356.40465019461908
0.8  56.333333333333336  457.14555685941724
0.9  66.333333333333329  451.67672378399686
1.0  76.666666666666671  364.64445912600485
0.0  63.0  295.2699855986657
0.1  31.666666666666668  579.14543501273272
0.2  42.333333333333336  399.57398387959239
0.3  72.0  303.43900334846813
0.4  67.0  383.86341102171411
0.5  65.0  352.00542980924052
0.6  67.0  374.99705956029095
0.7  38.333333333333336  414.55776157053435
0.8  59.666666666666664  471.75582067765492
0.9  79.333333333333329  346.23884749363901
1.0  70.0  428.5936863133328
0.0  41.0  491.9663667126502
0.1  85.0  316.96675482973791
0.2  67.333333333333329  422.03522512183508
0.3  50.333333333333336  532.96227301069439
0.4  85.666666666666671  311.94038474163278
0.5  67.0  418.06319066271851
0.6  47.666666666666664  386.98914955023815
0.7  68.666666666666671  367.61266343167341
0.8  74.666666666666671  321.63442500311817
0.9  76.0  378.6435254146449
1.0  50.333333333333336  441.68458253384762
0.0  49.666666666666664  431.12717886843359
0.1  48.0  506.45985123873066
0.2  50.0  435.03873778712915
0.3  58.666666666666664  356.09785896297296
0.4  62.333333333333336  431.62526823340301
0.5  50.333333333333336  458.28863076931935
0.6  32.666666666666664  377.9545995863653
0.7  74.0  342.83096796816488
0.8  51.666666666666664  518.74279545959666
0.9  63.666666666666664  320.00230593332702
1.0  61.666666666666664  401.72162204791505
0.0  61.666666666666664  380.15088096582349
0.1  61.333333333333336  436.99363760070469
0.2  56.0  369.07486359664875
0.3  54.0  420.08372620860916
0.4  73.333333333333329  309.76560601590279
0.5  73.333333333333329  372.9626755352968
0.6  64.0  391.21925061658976
0.7  78.0  340.45401320906643
0.8  68.0  363.16137404433931
0.9  72.666666666666671  348.8539102094943
1.0  51.0  429.02581089600977
0.0  59.666666666666664  365.47946302907206
0.1  56.333333333333336  264.88657118778264
0.2  59.0  415.72149055262594
0.3  67.0  436.56867929183528
0.4  64.666666666666671  450.22897758761093
0.5  71.666666666666671  304.31736739554975
0.6  63.333333333333336  439.52568192231075
0.7  68.333333333333329  423.8435631843011
0.8  68.666666666666671  385.25723346199499
0.9  63.0  420.30460231345808
1.0  59.333333333333336  359.8452392976958
0.0  64.666666666666671  425.77983449194858
0.1  45.0  470.85644397330964
0.2  71.0  326.18755477566691
0.3  48.333333333333336  532.88817559665847
0.4  81.0  304.14315755170458
0.5  69.666666666666671  383.97604332180174
0.6  48.333333333333336  438.46797960791525
0.7  58.666666666666664  357.73638988156188
0.8  61.666666666666664  340.51012826423056
0.9  69.333333333333329  351.85092560808789
1.0  67.0  396.43927831697886
0.0  44.0  417.59619395957031
0.1  63.333333333333336  347.58864029653239
0.2  62.0  450.59839260519016
0.3  57.333333333333336  466.18780853326507
0.4  77.666666666666671  320.40624856033048
0.5  64.0  405.30634522987185
0.6  51.333333333333336  528.06807258521496
0.7  72.0  383.39287644699112
0.8  62.0  384.89867100171995
0.9  66.666666666666671  353.46026242810501
1.0  88.0  283.18141592404942
0.0  64.0  378.46117824194238
0.1  71.666666666666671  356.08470202742069
0.2  58.666666666666664  446.73585997050424
0.3  59.666666666666664  373.58149107133488
0.4  53.666666666666664  254.2446134570437
0.5  63.333333333333336  322.54772430773755
0.6  59.0  480.24534384779372
0.7  68.0  380.42567253269993
0.8  75.333333333333329  394.56180598622819
0.9  60.666666666666664  461.15885466160495
1.0  66.333333333333329  353.95306066926275
0.0  39.333333333333336  611.33721040635487
0.1  72.333333333333329  317.79463705901338
0.2  54.666666666666664  474.00573517940961
0.3  58.333333333333336  302.80760941184053
0.4  70.666666666666671  350.15636242458754
0.5  68.333333333333329  384.4896848221569
0.6  63.0  434.75609813301935
0.7  58.0  480.11937566609504
0.8  87.666666666666671  226.84447843781643
0.9  74.0  350.88690405298598
1.0  55.666666666666664  394.67049698544611
0.0  81.666666666666671  304.33555911992249
0.1  75.0  334.12997957956543
0.2  53.666666666666664  540.09465264363246
0.3  71.666666666666671  382.16666997165021
0.4  46.666666666666664  396.47426229690075
0.5  73.0  409.38792522089511
0.6  72.666666666666671  390.94575569200458
0.7  66.333333333333329  384.58532909449025
0.8  64.666666666666671  391.63972126528762
0.9  58.0  493.02955534863281
1.0  54.666666666666664  489.46227455684647
0.0  59.0  469.40991873946717
0.1  66.666666666666671  281.33067170874216
0.2  56.0  468.80212595716256
0.3  61.333333333333336  417.76359095356918
0.4  64.0  407.90425667442696
0.5  64.0  394.11293790646022
0.6  62.333333333333336  441.41590732658261
0.7  48.0  469.70376460571754
0.8  67.333333333333329  432.53549668385909
0.9  72.333333333333329  402.85578569951377
1.0  66.0  452.1827977584158
0.0  51.333333333333336  455.95640646378234
0.1  76.333333333333329  379.61965139616439
0.2  49.0  431.06904349573205
0.3  75.333333333333329  373.40196172796959
0.4  70.666666666666671  391.12933418997596
0.5  56.0  376.12928994368605
0.6  58.666666666666664  325.42793644917663
0.7  85.666666666666671  246.91244093153108
0.8  63.666666666666664  358.85401485730449
0.9  60.0  318.02661489464731
1.0  71.333333333333329  367.80610262294505
0.0  51.333333333333336  477.23566526825221
0.1  69.666666666666671  372.32362000421557
0.2  64.0  402.76059033837066
0.3  54.0  485.14734466369924
0.4  55.0  519.99229043384878
0.5  63.333333333333336  406.96287746542839
0.6  61.666666666666664  478.864799900474
0.7  73.666666666666671  403.6918500311217
0.8  45.666666666666664  426.39540183191309
0.9  65.333333333333329  382.20944783955605
1.0  58.333333333333336  454.16893979147153
0.0  69.0  382.61282114139908
0.1  56.666666666666664  518.64110616476307
0.2  64.333333333333329  338.88146881839009
0.3  63.333333333333336  442.93838960163208
0.4  62.0  430.34094415236854
0.5  68.333333333333329  478.8319809102311
0.6  60.0  454.74798128600844
0.7  81.0  287.53727577962729
0.8  58.0  356.87051109723689
0.9  68.333333333333329  436.24707038375863
1.0  71.333333333333329  338.71810846238759
0.0  65.0  385.80817748884772
0.1  64.666666666666671  451.71618453071312
0.2  50.666666666666664  481.392754998832
0.3  56.333333333333336  378.43182504216082
0.4  83.666666666666671  292.00201360977849
0.5  55.333333333333336  411.23192344524483
0.6  75.666666666666671  377.85556648022344
0.7  42.666666666666664  525.29556368244505
0.8  58.333333333333336  328.15141714281503
0.9  62.0  338.97164030694762
1.0  72.0  372.10728008984478
0.0  70.666666666666671  402.85777704312403
0.1  69.666666666666671  411.31452301140496
0.2  57.333333333333336  457.02653839038692
0.3  74.0  298.77373917786679
0.4  70.333333333333329  362.04365245156453
0.5  82.0  288.58854788728746
0.6  76.0  329.3894616568063
0.7  61.666666666666664  378.1562020108496
0.8  54.333333333333336  416.579120678984
0.9  72.666666666666671  438.31939496184845
1.0  84.333333333333329  312.08132614834653
0.0  51.333333333333336  523.98308252258028
0.1  67.666666666666671  424.5287141692263
0.2  92.333333333333329  254.72808148103195
0.3  71.333333333333329  405.52215541887006
0.4  64.333333333333329  408.74585553856366
0.5  41.666666666666664  494.10910347325205
0.6  79.333333333333329  361.98799090985386
0.7  57.0  374.30281690921998
0.8  56.0  366.86868533009607
0.9  49.0  474.19208268981151
1.0  68.0  325.16497411977605
0.0  62.666666666666664  371.22102327947039
0.1  71.333333333333329  388.64276558728147
0.2  57.0  398.28547407936298
0.3  63.666666666666664  424.13415305266557
0.4  71.666666666666671  321.39853440169378
0.5  38.333333333333336  505.24169303229462
0.6  64.333333333333329  400.85440709804777
0.7  57.0  445.53268082500591
0.8  48.666666666666664  459.43867608029359
0.9  75.333333333333329  369.51965691928081
1.0  70.333333333333329  328.41853734603086
0.0  59.0  401.63148300571288
0.1  58.666666666666664  467.25436993278436
0.2  72.0  395.89671170625485
0.3  47.333333333333336  518.75199998869061
0.4  69.0  347.30667611791944
0.5  41.0  545.30137766267046
0.6  63.333333333333336  378.09554159189992
0.7  59.0  424.16255485957907
0.8  46.333333333333336  368.60266512079841
0.9  45.666666666666664  415.20780475689543
1.0  70.666666666666671  370.93182822076426
0.0  50.666666666666664  554.78980105210871
0.1  62.666666666666664  366.35181559070583
0.2  54.0  511.21071231110562
0.3  56.333333333333336  313.84635572297486
0.4  77.666666666666671  318.45109921141102
0.5  62.666666666666664  493.12770790090809
0.6  47.333333333333336  404.19219732458509
0.7  55.333333333333336  492.54901477856868
0.8  58.0  404.16691517257163
0.9  71.666666666666671  376.42357257364762
1.0  68.666666666666671  284.63575405449859
0.0  67.666666666666671  358.33940114990367
0.1  72.333333333333329  282.7231093208747
0.2  61.0  391.83677950090311
0.3  62.0  398.80335882940733
0.4  58.333333333333336  398.43896546917944
0.5  60.333333333333336  432.01122080388876
0.6  63.333333333333336  257.61109365866628
0.7  64.666666666666671  354.46768809130197
0.8  69.666666666666671  336.98269995024526
0.9  65.0  390.35638201332978
1.0  64.0  471.57542582893137
0.0  56.333333333333336  379.08137348071057
0.1  51.666666666666664  350.37028200172523
0.2  65.0  343.35826571067486
0.3  42.666666666666664  473.06154236544774
0.4  59.0  357.81532410459181
0.5  75.333333333333329  314.26813862135458
0.6  64.0  441.36645081773315
0.7  40.666666666666664  438.57081564994303
0.8  77.333333333333329  375.428748253609
0.9  68.333333333333329  343.53309544253034
1.0  74.0  402.22491420674504
0.0  37.666666666666664  514.11969556196902
0.1  43.666666666666664  446.51505810150729
0.2  57.333333333333336  417.58021586660482
0.3  71.666666666666671  369.5918645567873
0.4  79.333333333333329  251.73126714051469
0.5  55.0  401.33424135878994
0.6  72.0  315.6380766988994
0.7  56.666666666666664  414.47856240488915
0.8  58.333333333333336  403.21575134804783
0.9  65.0  411.27390743034738
1.0  96.666666666666671  232.25163479083139
0.0  71.333333333333329  336.71522144497874
0.1  52.0  450.45783692102714
0.2  66.666666666666671  345.00011099658934
0.3  67.666666666666671  375.22133669899318
0.4  57.666666666666664  445.72881619120432
0.5  71.666666666666671  400.35577151051734
0.6  54.666666666666664  432.99019462183526
0.7  75.0  449.61310897728896
0.8  68.333333333333329  365.10356595477231
0.9  54.333333333333336  445.30363060527782
1.0  60.666666666666664  453.07041538181551
0.0  61.0  497.56383381875548
0.1  68.0  341.72088847770362
0.2  61.666666666666664  387.16403587688023
0.3  57.0  424.05974760576237
0.4  62.333333333333336  486.95533783083215
0.5  69.666666666666671  408.72589337752544
0.6  68.333333333333329  400.17803020829808
0.7  67.0  387.94514001018541
0.8  75.666666666666671  365.91173645787489
0.9  56.333333333333336  416.85851078219849
1.0  66.0  413.75857491009464
0.0  62.0  431.53621657335714
0.1  60.0  414.94548006781946
0.2  69.0  358.19222156236901
0.3  75.666666666666671  344.33548051431393
0.4  60.0  403.77726658458948
0.5  69.333333333333329  326.59319186984749
0.6  61.0  506.70041693692303
0.7  63.333333333333336  434.38310314961831
0.8  71.666666666666671  377.56968502496312
0.9  78.333333333333329  332.35720699457528
1.0  75.333333333333329  372.97812982261291
0.0  46.666666666666664  515.31518910260627
0.1  58.0  499.68059852038567
0.2  53.0  334.26078981121492
0.3  57.0  445.60230436283865
0.4  58.666666666666664  433.07784755570981
0.5  73.0  342.46946173135524
0.6  84.333333333333329  244.54291053354524
0.7  71.0  380.85590148349996
0.8  73.666666666666671  343.70001800983312
0.9  59.666666666666664  460.53559615710225
1.0  72.666666666666671  356.84880847532003
0.0  55.333333333333336  465.41251347868007
0.1  67.0  357.13698649012497
0.2  62.0  399.10165471409226
0.3  74.333333333333329  324.38448797621123
0.4  71.333333333333329  341.72543378768341
0.5  71.0  418.1215746206725
0.6  40.0  606.40481834286663
0.7  59.666666666666664  422.38919533054576
0.8  59.333333333333336  471.80037256200234
0.9  67.666666666666671  480.1971270888049
1.0  59.0  375.56042509805144
0.0  47.0  470.13714533058391
0.1  55.0  515.03435501726904
0.2  50.666666666666664  404.77796013541587
0.3  59.0  427.58343472764915
0.4  58.0  434.32042332281907
0.5  59.666666666666664  438.54719100826992
0.6  64.666666666666671  398.93050548217667
0.7  64.666666666666671  415.13994180993302
0.8  62.333333333333336  391.56876542231515
0.9  75.333333333333329  343.05774654974931
1.0  60.666666666666664  343.43328423888551
0.0  60.333333333333336  474.09311650926344
0.1  65.333333333333329  415.6740339829426
0.2  53.0  508.87205312935669
0.3  66.0  388.48857780043994
0.4  61.333333333333336  490.47287648837153
0.5  57.0  455.04200474184699
0.6  63.333333333333336  432.30870871709254
0.7  75.666666666666671  288.48490212673579
0.8  50.666666666666664  437.65403824901978
0.9  73.333333333333329  386.77691394082694
1.0  71.333333333333329  342.88376062545547
0.0  55.666666666666664  402.37642517295393
0.1  72.0  412.84014429109249
0.2  61.0  471.4626095359551
0.3  61.666666666666664  430.01939527296071
0.4  70.666666666666671  353.49162611099143
0.5  62.666666666666664  434.98597160095699
0.6  60.0  495.90945674239066
0.7  75.0  331.4039383110312
0.8  51.0  360.27083012044892
0.9  59.666666666666664  363.30043562763552
1.0  74.333333333333329  299.23929961859756
0.0  79.0  323.18769475099521
0.1  59.0  379.64762061132478
0.2  47.666666666666664  484.46471152819447
0.3  78.666666666666671  341.40541756503762
0.4  61.666666666666664  491.96203343032249
0.5  65.333333333333329  409.6531267895183
0.6  64.666666666666671  398.84187365658573
0.7  55.333333333333336  447.2414436529063
0.8  75.666666666666671  350.78833874117925
0.9  71.333333333333329  378.36983323302127
1.0  80.333333333333329  353.67166655145746
0.0  69.0  340.9038835069066
0.1  62.666666666666664  380.12478188657769
0.2  66.333333333333329  390.23983274717807
0.3  68.0  380.63155040686399
0.4  59.333333333333336  477.05180172662585
0.5  70.0  364.5492416687859
0.6  71.0  431.55553016256397
0.7  63.666666666666664  370.49939221604575
0.8  55.333333333333336  456.01520110024239
0.9  77.0  318.36018496082073
1.0  38.0  539.50843319475234
0.0  66.666666666666671  407.53549943252887
0.1  63.0  347.13558848972644
0.2  62.333333333333336  458.41573915859396
0.3  67.666666666666671  418.43411471948798
0.4  55.333333333333336  478.1086106736567
0.5  72.0  366.77537321775236
0.6  59.333333333333336  411.8151627383935
0.7  53.0  441.93685478944434
0.8  78.666666666666671  309.82097824713378
0.9  65.0  392.87284638483555
1.0  59.0  475.12873036554487
0.0  62.0  411.28210019611402
0.1  52.0  416.39597729784958
0.2  64.0  450.57204021763806
0.3  70.333333333333329  343.28876295735006
0.4  77.0  265.62407670213156
0.5  63.0  407.42176331090485
0.6  78.0  369.27870457282387
0.7  87.666666666666671  315.72348323120673
0.8  54.333333333333336  369.69759082163614
0.9  79.666666666666671  365.77974200752783
1.0  71.666666666666671  391.27289040317737
0.0  47.0  493.98414204418447
0.1  75.666666666666671  309.55926625241932
0.2  70.666666666666671  368.03001144982852
0.3  50.333333333333336  492.16791548567778
0.4  68.0  427.33419271906968
0.5  74.333333333333329  290.80919707595439
0.6  54.0  533.38085571916633
0.7  56.0  452.709537633021
0.8  60.0  381.87024902734544
0.9  62.666666666666664  429.51610938092773
1.0  84.333333333333329  289.44495127295369
0.0  77.0  291.98262653458266
0.1  77.666666666666671  271.73783865413651
0.2  45.666666666666664  528.55195736919734
0.3  72.333333333333329  339.74084592394837
0.4  78.666666666666671  283.93218632490579
0.5  78.0  324.60187099960882
0.6  66.666666666666671  386.79370195565565
0.7  61.666666666666664  452.3558660352046
0.8  51.0  408.22539763332014
0.9  68.666666666666671  399.81704367063804
1.0  65.0  370.64882448374925
0.0  53.333333333333336  435.50348807917868
0.1  45.333333333333336  472.20951129494858
0.2  62.333333333333336  437.80849954470352
0.3  80.666666666666671  327.5261870636009
0.4  56.333333333333336  498.05508343587803
0.5  69.333333333333329  360.9934553732046
0.6  54.666666666666664  457.23526047025962
0.7  62.666666666666664  440.85208001897439
0.8  60.0  417.23605709505586
0.9  59.666666666666664  463.49427868356037
1.0  59.666666666666664  363.79271324658225
0.0  71.666666666666671  351.10709497776026
0.1  63.0  442.38097921530988
0.2  64.666666666666671  416.25794213703682
0.3  55.666666666666664  412.47346231456555
0.4  61.666666666666664  499.15292021710644
0.5  62.666666666666664  411.7300247142133
0.6  64.333333333333329  396.69183470966925
0.7  59.0  508.60058607303495
0.8  45.666666666666664  575.1694929382179
0.9  73.666666666666671  364.11489261411174
1.0  65.666666666666671  448.81661147621679
0.0  40.0  390.97908580323934
0.1  69.666666666666671  410.10908994115982
0.2  66.0  379.23369370260741
0.3  65.0  408.04139884982465
0.4  79.0  364.24156583932569
0.5  59.333333333333336  473.17614151608018
0.6  64.666666666666671  416.96852572094605
0.7  70.666666666666671  363.92793010277035
0.8  59.666666666666664  413.18202495173654
0.9  45.0  454.15010872867441
1.0  66.0  461.9330865760964
0.0  57.0  387.33605000434432
0.1  75.333333333333329  304.38677986325746
0.2  66.333333333333329  298.7873526824543
0.3  75.666666666666671  357.49962301196427
0.4  68.666666666666671  340.8537020051412
0.5  55.0  493.03057596629526
0.6  67.0  362.33659433742957
0.7  75.666666666666671  303.49365876373224
0.8  56.666666666666664  385.66934485944472
0.9  74.666666666666671  356.38106614324022
1.0  69.666666666666671  400.70276676683727
0.0  74.666666666666671  393.89897095446173
0.1  62.666666666666664  390.666229572303
0.2  56.0  448.12510433183559
0.3  65.333333333333329  421.52957611358289
0.4  61.666666666666664  290.22585889447112
0.5  66.333333333333329  390.40714835857193
0.6  66.0  402.66612771211226
0.7  54.0  493.93599828826012
0.8  71.333333333333329  372.13164583045614
0.9  66.0  437.24387624022921
1.0  63.666666666666664  453.42681268334837
0.0  46.666666666666664  385.12251289844471
0.1  50.0  469.11198824638632
0.2  59.0  411.12427720371136
0.3  67.333333333333329  439.44773400861948
0.4  52.0  424.54150409265918
0.5  59.666666666666664  453.29450666458405
0.6  83.0  300.73369877018081
0.7  58.0  568.59507067474169
0.8  74.666666666666671  366.65134938214015
0.9  78.666666666666671  311.31026726126834
1.0  78.333333333333329  390.88335566841909
0.0  67.0  402.84688520873834
0.1  59.0  498.06829742843888
0.2  44.333333333333336  389.51751918864602
0.3  53.0  477.57882133661838
0.4  69.666666666666671  367.08661734913574
0.5  74.666666666666671  360.39383430281293
0.6  80.333333333333329  322.54880770926644
0.7  77.0  339.96759120046141
0.8  67.0  381.05847121334159
0.9  52.333333333333336  357.53936043352797
1.0  58.666666666666664  556.0218756122174
0.0  46.333333333333336  531.47958914472019
0.1  60.333333333333336  394.84643752446419
0.2  45.666666666666664  394.12553402197136
0.3  57.666666666666664  331.11352440475883
0.4  75.333333333333329  377.4903962679997
0.5  61.666666666666664  428.57307725251695
0.6  50.0  488.46138394010006
0.7  68.333333333333329  451.4700838560193
0.8  70.0  418.47455408866011
0.9  60.666666666666664  469.49614178214262
1.0  71.666666666666671  352.01121727493569
0.0  76.333333333333329  356.27715396531232
0.1  70.0  397.847850459884
0.2  59.333333333333336  380.72705812891064
0.3  75.0  356.27716620464986
0.4  45.333333333333336  374.53537383826551
0.5  72.333333333333329  330.80453136671247
0.6  62.0  420.26596123861299
0.7  85.333333333333329  294.27223829249391
0.8  70.333333333333329  458.41156792091459
0.9  59.333333333333336  400.79478493236155
1.0  69.333333333333329  339.12832887014008
0.0  61.333333333333336  393.01405532071317
0.1  63.333333333333336  332.88537380054049
0.2  58.0  472.84615619057143
0.3  74.333333333333329  294.15706765506513
0.4  64.333333333333329  384.12650897600298
0.5  67.333333333333329  427.05481184265784
0.6  74.0  381.5150265699923
0.7  55.666666666666664  559.3418490970339
0.8  66.0  369.70874210290265
0.9  49.333333333333336  518.62091055470887
1.0  70.0  392.6853828298261
0.0  71.333333333333329  356.00653144912843
0.1  46.333333333333336  397.48741277155864
0.2  55.333333333333336  529.57270070652305
0.3  68.0  321.43773493484264
0.4  47.0  362.30988915159776
0.5  61.0  437.34670597023478
0.6  65.333333333333329  439.07460219680451
0.7  59.333333333333336  423.51818778772741
0.8  79.333333333333329  345.44003691576563
0.9  58.0  502.87134973642748
1.0  65.666666666666671  352.34412566531205
0.0  58.0  420.00037966791098
0.1  56.333333333333336  230.78220060950056
0.2  66.0  391.18513050104639
0.3  85.666666666666671  316.8942942442477
0.4  70.0  399.38529958717476
0.5  63.0  370.44673085854708
0.6  67.0  364.03382797900821
0.7  73.0  429.88142480667472
0.8  69.333333333333329  391.64541766789301
0.9  68.0  352.96423579085751
1.0  64.333333333333329  411.53447946657877
0.0  63.333333333333336  411.83901014515055
0.1  67.0  350.60687325387664
0.2  58.333333333333336  391.03188934877483
0.3  63.333333333333336  418.97997444097882
0.4  63.333333333333336  394.34907708287915
0.5  32.666666666666664  492.9493761558964
0.6  75.666666666666671  258.81376781597999
0.7  61.0  412.31940841350581
0.8  70.333333333333329  409.08208380835782
0.9  70.333333333333329  314.11549880461831
1.0  63.0  462.12944131898831
0.0  68.666666666666671  335.57110976323526
0.1  50.333333333333336  504.47884524691523
0.2  72.333333333333329  276.62573133124658
0.3  58.333333333333336  396.83523278556913
0.4  68.0  339.12474165991284
0.5  70.0  417.34355547478964
0.6  61.0  337.15476933840472
0.7  72.666666666666671  349.08677353499451
0.8  88.333333333333329  286.74026896398834
0.9  77.0  404.60223435501814
1.0  54.333333333333336  571.94815164770557
0.0  60.0  394.8655777616562
0.1  45.0  634.45246368084327
0.2  69.666666666666671  395.72431901260234
0.3  56.0  408.11741975647948
0.4  70.333333333333329  366.66639162672936
0.5  61.333333333333336  412.66579065821753
0.6  43.666666666666664  411.80382002643529
0.7  53.666666666666664  467.72193213645357
0.8  57.666666666666664  426.43443727423977
0.9  64.0  429.09169093626025
1.0  68.333333333333329  416.12097580426035
0.0  72.666666666666671  340.65423322656454
0.1  60.0  408.00784068932137
0.2  73.666666666666671  365.67975229461092
0.3  81.333333333333329  268.13586410957987
0.4  70.0  367.097837938645
0.5  65.333333333333329  442.66649415031594
0.6  72.666666666666671  419.70153634295536
0.7  70.666666666666671  377.14789681166741
0.8  62.0  429.91199225949856
0.9  51.666666666666664  417.95194639506599
1.0  92.0  258.19153333236369
0.0  55.0  438.16367698943884
0.1  68.333333333333329  323.54125928586166
0.2  66.333333333333329  337.81358435433117
0.3  73.333333333333329  277.06475982443288
0.4  75.666666666666671  338.91425960809039
0.5  80.666666666666671  250.54519486476374
0.6  66.333333333333329  376.85080111610569
0.7  62.0  429.59485904460615
0.8  66.333333333333329  364.59357702384955
0.9  69.0  286.25261598590981
1.0  53.666666666666664  463.81103020794689
0.0  55.333333333333336  444.97720619717825
0.1  72.0  363.08537387167843
0.2  59.333333333333336  450.86566037182558
0.3  64.666666666666671  410.8906381296772
0.4  54.333333333333336  407.07428137845523
0.5  58.0  474.15747737734483
0.6  53.333333333333336  490.02817824824189
0.7  57.666666666666664  416.1529463513055
0.8  78.666666666666671  327.6989949412453
0.9  79.666666666666671  309.94375673519966
1.0  70.0  393.4797909665192
0.0  62.333333333333336  408.88807829640842
0.1  59.333333333333336  450.40024073690836
0.2  43.0  447.67953941980949
0.3  54.666666666666664  484.9205744135075
0.4  52.666666666666664  504.92172294868948
0.5  72.666666666666671  330.70116089266855
0.6  65.666666666666671  452.1597425341036
0.7  41.0  407.55423262056598
0.8  67.666666666666671  364.5490929705872
0.9  53.0  439.81421993145256
1.0  68.666666666666671  410.93333391294641
0.0  63.333333333333336  370.38387218993222
0.1  54.333333333333336  463.48300271984033
0.2  50.0  436.71936685527021
0.3  70.0  341.24199613034591
0.4  34.0  348.21695005329616
0.5  64.0  340.83738304210772
0.6  72.666666666666671  360.07759084500901
0.7  72.333333333333329  326.19162798831974
0.8  69.0  349.31643839507853
0.9  70.666666666666671  364.42709689727394
1.0  66.0  441.55932965738805
0.0  58.666666666666664  422.31598510586196
0.1  62.666666666666664  445.65506679858436
0.2  50.0  405.22663286382533
0.3  75.333333333333329  379.2450143479482
0.4  64.666666666666671  369.32740962132948
0.5  71.0  390.85806217079215
0.6  79.0  327.26222509996001
0.7  50.333333333333336  525.23404139185232
0.8  76.666666666666671  371.97416406125399
0.9  78.0  424.68131776584232
1.0  65.666666666666671  449.16186607257129
0.0  61.666666666666664  428.07785227460846
0.1  41.0  400.64527889299751
0.2  69.666666666666671  382.40929050188117
0.3  71.666666666666671  292.71208517180338
0.4  71.0  375.20659794946584
0.5  67.0  395.61696100311599
0.6  60.0  359.58804517946078
0.7  73.666666666666671  337.91823782186538
0.8  86.666666666666671  291.89997047803683
0.9  72.333333333333329  398.71997372404292
1.0  56.333333333333336  454.46443717869113
0.0  56.333333333333336  451.20284045417299
0.1  67.0  387.24869988698509
0.2  75.0  276.77927059009602
0.3  60.0  404.78152471624867
0.4  58.666666666666664  350.58610451396083
0.5  76.333333333333329  340.82497423390231
0.6  52.0  333.59975079527351
0.7  82.333333333333329  317.74049782011548
0.8  77.333333333333329  318.92409589814963
0.9  60.333333333333336  329.41808173456667
1.0  75.666666666666671  343.14417747818158
0.0  46.333333333333336  420.13704140067972
0.1  31.333333333333332  624.93583874095691
0.2  44.333333333333336  647.2848118863094
0.3  48.333333333333336  417.3292344849682
0.4  70.333333333333329  351.63478044279452
0.5  62.666666666666664  444.98845055752793
0.6  56.0  406.72582488678131
0.7  47.0  541.95566208360196
0.8  52.666666666666664  493.12217443191952
0.9  73.666666666666671  400.96156075880043
1.0  66.333333333333329  461.49050482981443
0.0  51.0  598.82502966519746
0.1  55.333333333333336  478.2889896500127
0.2  60.666666666666664  368.90939031018536
0.3  70.333333333333329  349.28480608650108
0.4  59.666666666666664  361.71891394537818
0.5  77.0  315.23117730205036
0.6  63.666666666666664  294.3498686770954
0.7  46.666666666666664  542.6371174222437
0.8  63.666666666666664  453.5522207256098
0.9  84.666666666666671  277.76727551316782
1.0  78.666666666666671  340.94970907307908
0.0  47.666666666666664  430.11179191221208
0.1  73.0  324.36035678521455
0.2  66.333333333333329  394.00671971223846
0.3  49.0  423.4222967052126
0.4  54.0  466.60898131300462
0.5  68.333333333333329  392.73154546141285
0.6  73.0  386.70964966256798
0.7  59.0  351.69906387724751
0.8  57.0  545.73100404851857
0.9  76.333333333333329  358.61693476344573
1.0  49.666666666666664  431.60595630439985
0.0  72.666666666666671  323.18480936558689
0.1  48.333333333333336  368.65779589264622
0.2  49.0  466.04088033058406
0.3  81.0  331.77912082619866
0.4  62.0  433.16156160812108
0.5  73.333333333333329  382.77883826521503
0.6  61.333333333333336  413.27839803285451
0.7  71.333333333333329  365.66713973392871
0.8  73.666666666666671  365.66604156367254
0.9  68.333333333333329  373.08345724613201
1.0  47.0  476.59181913915558
0.0  55.666666666666664  498.41335816158562
0.1  74.333333333333329  367.69563281670241
0.2  60.666666666666664  427.59241456070276
0.3  42.333333333333336  578.98607937961299
0.4  73.0  336.25442483675295
0.5  60.0  475.62965665406841
0.6  68.333333333333329  322.84869520462007
0.7  59.333333333333336  222.62830277726169
0.8  48.333333333333336  494.52658236552304
0.9  66.333333333333329  397.02958741549196
1.0  72.333333333333329  395.16228777342155
0.0  53.666666666666664  339.46684684695549
0.1  59.333333333333336  390.25606860833426
0.2  48.0  534.08574572570501
0.3  49.333333333333336  414.82624678089985
0.4  76.666666666666671  357.34521059085711
0.5  62.666666666666664  453.9522435989872
0.6  62.666666666666664  386.44396613991285
0.7  56.666666666666664  421.34452927426622
0.8  60.0  401.67723851777322
0.9  64.666666666666671  394.18613733415395
1.0  76.333333333333329  285.20944495216645
0.0  56.0  439.14490392829822
0.1  69.666666666666671  352.0060789588216
0.2  63.666666666666664  409.72751499591726
0.3  48.333333333333336  457.07375679570811
0.4  69.0  384.10253051646447
0.5  78.666666666666671  338.71769643347062
0.6  55.0  436.39237450487315
0.7  77.666666666666671  343.77094496024785
0.8  43.333333333333336  481.45921767963472
0.9  51.0  468.36954624350602
1.0  47.0  555.28071960053887
0.0  40.333333333333336  562.54528578973884
0.1  54.0  457.05602898832387
0.2  54.0  483.24385048646644
0.3  53.666666666666664  473.62641646142043
0.4  68.666666666666671  394.96086496562481
0.5  57.666666666666664  444.78504221168845
0.6  52.0  485.20181620144109
0.7  63.333333333333336  396.25328674477981
0.8  65.666666666666671  428.51081483860969
0.9  72.666666666666671  350.261174594154
1.0  57.0  494.85384434377409
0.0  73.333333333333329  307.70512757660862
0.1  69.333333333333329  371.72449656159409
0.2  57.0  363.01171713124876
0.3  39.333333333333336  287.93507612260748
0.4  65.333333333333329  414.27619891061221
0.5  61.666666666666664  415.51789599823485
0.6  57.0  400.29764987335193
0.7  81.333333333333329  348.13953356406381
0.8  62.0  421.04005623117126
0.9  77.333333333333329  342.20044534089794
1.0  71.666666666666671  407.086532811979
0.0  70.333333333333329  412.59359316621419
0.1  57.666666666666664  376.77295267212725
0.2  65.333333333333329  409.9252276294975
0.3  54.666666666666664  399.48881131315858
0.4  71.0  374.56884841961158
0.5  41.666666666666664  552.4885205604354
0.6  69.0  373.11000953201096
0.7  82.333333333333329  293.49873970164413
0.8  65.333333333333329  436.24479661107284
0.9  67.0  388.10956521871435
1.0  74.666666666666671  361.45456812449794
0.0  56.0  380.31062519767227
0.1  66.666666666666671  295.88380540398009
0.2  65.333333333333329  423.42899496079809
0.3  65.0  338.66650130608633
0.4  68.0  402.17695937299447
0.5  76.333333333333329  305.7309488837314
0.6  57.0  476.33355536407709
0.7  61.666666666666664  429.76403707903336
0.8  61.0  433.86334682059015
0.9  56.0  435.09872106639642
1.0  84.333333333333329  294.47220272728907
0.0  51.333333333333336  340.96665818163609
0.1  63.666666666666664  344.83950081155427
0.2  48.666666666666664  428.55703756977164
0.3  62.0  408.74075664121472
0.4  62.0  430.48957362001778
0.5  55.666666666666664  460.61668398594918
0.6  49.666666666666664  470.19791414603583
0.7  57.0  458.29543668733743
0.8  50.0  507.75815495669042
0.9  57.666666666666664  381.37371321600386
1.0  60.0  401.8150830652491
0.0  71.666666666666671  344.95784161366231
0.1  59.0  509.51467449825583
0.2  48.666666666666664  461.22597197386625
0.3  45.666666666666664  472.71901615557726
0.4  52.333333333333336  498.46135205628696
0.5  54.333333333333336  509.99730560726641
0.6  69.333333333333329  302.08797299884526
0.7  75.0  341.95003652884265
0.8  61.0  470.83382087822463
0.9  72.333333333333329  324.64744667326437
1.0  59.0  410.06377055496426
0.0  56.333333333333336  413.86379656715411
0.1  61.666666666666664  491.32062445155651
0.2  52.333333333333336  439.05710421203122
0.3  60.333333333333336  434.57368728971556
0.4  62.333333333333336  391.55559552045406
0.5  76.0  341.8323341295623
0.6  84.0  310.61126611922043
0.7  59.333333333333336  420.61492769741386
0.8  49.0  387.64608633828925
0.9  60.333333333333336  463.37784892897082
1.0  75.0  314.98113151880511
0.0  72.666666666666671  382.69536941432165
0.1  58.333333333333336  408.892374121427
0.2  52.0  515.84065099571308
0.3  61.666666666666664  399.62742173006399
0.4  73.0  396.37235686480381
0.5  60.333333333333336  418.59199896434603
0.6  86.0  311.57663039283136
0.7  78.0  362.1621430287305
0.8  64.0  362.84024804930073
0.9  63.666666666666664  407.14274505401795
1.0  64.333333333333329  420.73366388942065
0.0  54.0  550.3236092622509
0.1  63.333333333333336  368.24081006767756
0.2  47.0  348.32616489644221
0.3  72.666666666666671  361.9336612588412
0.4  61.666666666666664  389.36800998508124
0.5  60.333333333333336  391.40846563114519
0.6  75.0  345.4291237790456
0.7  47.0  552.51343434629371
0.8  40.0  493.52309639590675
0.9  47.333333333333336  456.46572376254682
1.0  72.333333333333329  371.61340018495036
0.0  56.333333333333336  418.11079944497487
0.1  42.333333333333336  561.43254619360823
0.2  43.333333333333336  524.52809410221789
0.3  80.333333333333329  340.47631526830617
0.4  61.666666666666664  412.36496700315178
0.5  57.333333333333336  470.43767614252289
0.6  65.666666666666671  461.63405181298396
0.7  63.333333333333336  403.78110021283561
0.8  64.333333333333329  392.70978632234721
0.9  39.333333333333336  408.36291588450263
1.0  72.666666666666671  337.69266752118477
0.0  48.666666666666664  424.35620503636198
0.1  51.333333333333336  338.41170261501691
0.2  87.0  248.45219305987263
0.3  66.666666666666671  323.3699460678323
0.4  52.0  404.14724716041849
0.5  82.0  342.79394365913089
0.6  65.666666666666671  327.87284187111442
0.7  76.666666666666671  313.68247562529058
0.8  76.333333333333329  363.91695919707718
0.9  61.333333333333336  380.4474650498953
1.0  76.666666666666671  375.16444634876325
0.0  61.333333333333336  413.39901400761829
0.1  57.0  318.32434382394825
0.2  47.666666666666664  418.66539311242906
0.3  78.0  331.03486225669491
0.4  65.666666666666671  305.8135510051797
0.5  55.666666666666664  397.52407965011497
0.6  68.666666666666671  361.35605616341712
0.7  69.666666666666671  355.79745244027629
0.8  63.333333333333336  454.48964061226775
0.9  63.0  330.59500129185034
1.0  65.0  363.1629713121709
0.0  75.333333333333329  277.77163214790841
0.1  64.666666666666671  451.3107435606629
0.2  48.666666666666664  484.04153206667257
0.3  37.0  528.52893988046856
0.4  44.333333333333336  423.5297519639002
0.5  62.333333333333336  429.01986148367877
0.6  56.333333333333336  450.82802703460851
0.7  65.333333333333329  454.24800644672752
0.8  77.666666666666671  309.69639834246374
0.9  80.666666666666671  325.60353289537466
1.0  69.666666666666671  342.39757534693041
0.0  56.666666666666664  385.35638326514174
0.1  70.333333333333329  342.13900888306262
0.2  61.666666666666664  396.18998582485142
0.3  69.666666666666671  278.47690690373747
0.4  47.333333333333336  394.10870184165202
0.5  59.666666666666664  395.77834264513319
0.6  68.333333333333329  399.10755248390808
0.7  78.666666666666671  325.1822095364264
0.8  69.666666666666671  359.5265106169482
0.9  63.0  406.7561825810991
1.0  66.333333333333329  335.03207516306378
0.0  73.0  378.35557385276712
0.1  53.333333333333336  363.16724110974093
0.2  49.333333333333336  440.71605753431891
0.3  63.666666666666664  439.15285288881142
0.4  62.666666666666664  397.28449762076269
0.5  60.666666666666664  524.98419379092013
0.6  58.0  447.45404776285602
0.7  73.666666666666671  373.36425413483158
0.8  72.666666666666671  290.95990083164003
0.9  71.333333333333329  364.58546853392664
1.0  62.0  290.43879945637343
