1  62  179.24566757573959
2  62  138.03626728139312
3  30  356.62147935332405
4  57  265.09635481488681
5  53  281.12855947486025
6  28  456.3259708022988
1  58  237.73452165289149
2  33  178.23602406288344
3  71  158.62233167462662
4  45  384.74959043390822
5  40  343.34756746167278
6  49  392.46822214431006
1  82  89.215340972406594
2  66  158.33338885026382
3  34  529.16176860570988
4  60  184.84469984383875
5  43  233.85523164947736
6  66  233.26781051567104
1  64  237.35890521377684
2  65  127.1993079019187
3  49  314.43449950168048
4  65  205.06093086972447
5  30  543.77204239574792
6  66  225.13896943337062
1  78  116.80296055229357
2  45  181.90051277954484
3  57  267.01034972123915
4  57  376.21792402632855
5  37  310.43656269037388
6  49  306.90142130742873
1  73  176.54694237163639
2  62  111.45118474146817
3  54  236.17161778395783
4  64  205.80322126839215
5  37  321.22995301754025
6  32  428.45765480117609
1  54  353.40893928042425
2  64  229.59528938975077
3  59  262.47877651297415
4  54  268.32549801994696
5  38  306.13503225985693
6  28  299.96432515496616
1  74  153.88912867465777
2  76  130.72604376914532
3  60  188.08221795645619
4  53  322.26908575983157
5  54  333.97372287579981
6  52  298.87612271585493
1  78  103.5502444235031
2  58  123.1307064663422
3  54  194.41127207064179
4  69  181.62956346416183
5  65  205.53326485552867
6  63  246.30208172075538
1  69  102.69710531358363
2  49  248.76574836867562
3  29  428.55105690536482
4  35  562.51818080237706
5  48  293.98537049433389
6  55  236.40029010622763
1  53  229.36603051568827
2  82  122.80242798412465
3  45  276.09726115023938
4  71  193.90654811938319
5  64  166.59881862553416
6  83  105.93604494939923
1  75  93.09293363451475
2  73  183.71099935989872
3  56  280.59819632703841
4  51  466.83956421208745
5  56  194.51094051360928
6  65  204.18146226079747
1  67  159.26600741758844
2  49  238.28218613204419
3  53  277.21528318720459
4  45  265.72158183973227
5  53  210.37522158336247
6  50  215.03371887832245
1  80  123.28742167603619
2  55  307.82907030268052
3  59  194.15623291036343
4  55  328.76712690597179
5  79  100.60896364302911
6  63  310.39461764366155
1  63  226.84948922637531
2  53  312.23921126786297
3  72  130.73292388382967
4  81  70.77278481164214
5  47  221.2165285072233
6  29  278.96840705627233
1  54  272.39406264136511
2  49  268.31131433095493
3  58  244.44866822002217
4  54  377.70083805767717
5  52  253.1565576464381
6  55  255.91613878681605
1  53  252.82370745515141
2  24  443.0870242117735
3  39  167.55549391579549
4  42  299.15935635090955
5  60  201.98706553527495
6  66  207.4746859836051
1  43  125.53967225670176
2  75  164.49578770406333
3  59  115.20073715591329
4  61  253.25044660413585
5  67  156.32992158138151
6  46  346.39047465206494
1  56  170.43773184540052
2  47  264.07404781964925
3  61  199.11719154062035
4  53  409.97119075963178
5  41  367.20891837174457
6  38  534.71144349797407
1  76  192.73723146600699
2  58  198.3072872761386
3  62  270.79007921197967
4  57  261.0916925383732
5  63  174.13559576258152
6  59  198.38761239885591
1  72  116.94525655475108
2  62  227.0449576535284
3  43  391.864591437711
4  78  123.58807844390762
5  53  225.14300949232964
6  36  294.40122847047536
1  70  209.38401038801672
2  53  196.28813484836687
3  84  82.419084636231048
4  55  267.69898218760625
5  25  607.70205555022574
6  24  355.76085361352699
1  82  65.828743862257923
2  62  240.24814885841047
3  63  118.21203292680511
4  78  115.83295498188832
5  48  292.40546121083793
6  38  271.24092782438208
1  86  73.50696025454053
2  70  180.98017292295418
3  66  152.34015111367185
4  66  218.99047149527291
5  67  240.98551048827341
6  36  465.97976322280073
1  72  141.3479002483607
2  46  311.72576636916244
3  57  213.67475489040123
4  53  272.80313390589311
5  26  462.94043151935915
6  54  270.77474310061314
1  67  85.948659822559478
2  68  217.366198046081
3  75  134.1045091636698
4  33  474.69469973203326
5  62  250.84728329344213
6  66  237.08324814297356
1  77  154.24039348168179
2  66  152.42432975139019
3  68  159.11939812577236
4  71  161.96451466180548
5  45  265.1355781620577
6  62  282.3306172329909
1  52  135.16400766335065
2  68  142.89470317272611
3  44  258.06538966051829
4  66  112.89342084112413
5  68  176.11592102584916
6  53  257.93354487938666
1  64  121.4455479803222
2  72  144.93831248696256
3  72  178.36753274768424
4  59  250.15542014328949
5  52  250.15261707293209
6  37  366.66106641679801
1  54  294.340079432393
2  77  153.43123138004006
3  66  217.87123455586402
4  34  301.08892700016179
5  42  406.43805383183314
6  60  261.92925511395373
1  69  151.71011121905119
2  69  148.35146382639795
3  39  226.22258273994834
4  53  368.76043265145131
5  63  190.24109036856078
6  47  266.30048968335694
1  77  121.00058641852335
2  70  152.4663526543747
3  57  317.70195968725915
4  31  229.14363441349727
5  52  352.33673100409379
6  74  129.71219788851374
1  64  265.48391782971635
2  46  358.55372758552659
3  68  93.589260762779631
4  23  347.77182343252105
5  59  201.7840059250334
6  51  284.11005877767707
1  64  151.33337940113162
2  57  223.040191091384
3  79  101.38040280908693
4  50  394.75409636540064
5  55  372.11186744835868
6  72  104.30207796954508
1  85  52.01570161672997
2  70  183.88245834472377
3  71  116.44679431016712
4  49  264.07245413166368
5  60  173.11484365172942
6  66  156.30433662178237
1  83  83.202132792252712
2  73  188.58210631473671
3  63  267.17100637851581
4  54  347.01615927667058
5  77  153.89703977784816
6  32  469.73881860662868
1  78  138.42773740748666
2  38  342.48804775253512
3  40  365.0789597899859
4  57  222.57316826039062
5  57  261.92800869457483
6  77  151.36895832339718
1  80  133.16939490703919
2  62  157.60242334314344
3  56  274.99314862770484
4  72  112.82185172269428
5  82  110.18571617045339
6  39  466.4609395291784
1  75  158.53206091682725
2  41  306.94794037837863
3  57  285.52899973722532
4  58  132.84453983788052
5  50  343.67909167503677
6  69  282.61325767575005
1  77  116.238079872846
2  58  238.53506829991707
3  57  312.17159566874153
4  71  98.373393426086352
5  55  299.82391058738682
6  65  232.79520321293748
1  74  112.90592101976659
2  50  392.1335488538428
3  35  362.75826501905675
4  34  183.18524028815298
5  50  258.84245482439195
6  57  400.64534186645756
1  71  189.008260891552
2  74  179.5686908740918
3  53  171.35165411484678
4  41  238.74285020383834
5  59  192.61404630966433
6  31  126.37140303225303
1  84  100.49100303520677
2  60  205.0572406863258
3  85  129.97918685543027
4  55  235.19305165607025
5  38  390.5878700591345
6  65  198.08323255236397
1  84  90.120212480674411
2  70  162.45231772444973
3  68  145.44519868322598
4  44  239.39333567800506
5  36  102.31227825796667
6  44  431.80512950773829
1  75  158.49891883640001
2  74  146.69568660687028
3  45  214.43018366761089
4  66  159.03012535112768
5  66  161.59185454282417
6  45  297.77239710984315
1  84  96.169977653044114
2  61  213.79652897162802
3  56  208.68536320363683
4  38  364.53046099476995
5  60  340.75997657472334
6  56  197.32493040370613
1  70  117.6221954049676
2  72  167.98125540033465
3  60  135.71916263368453
4  81  113.65226172238187
5  59  235.94136021263756
6  26  613.34587739844358
1  73  154.79230328194927
2  69  189.22473112135563
3  41  187.59864950484385
4  29  568.36545932218928
5  54  383.79356451742467
6  58  357.62293560376338
1  69  98.355300888362351
2  68  192.8959804287469
3  62  214.16784647860078
4  60  297.18046020839813
5  26  715.6432714763697
6  67  224.81102835056976
1  60  161.67667579326235
2  67  174.95744244050303
3  46  270.42469067111477
4  41  406.50988347137383
5  54  463.7867021818596
6  23  275.99999999999994
1  87  44.971206661528541
2  61  215.16538781516223
3  69  295.56140870569078
4  36  530.72453408345018
5  38  555.9697219364873
6  30  413.6371711603602
1  98  12.310164320629681
2  57  257.41927754840674
3  65  194.75884458709976
4  74  118.24920794516899
5  43  411.67834357378513
6  71  98.294561644853175
1  77  129.4677450373571
2  65  113.68990081954207
3  64  154.69173798939138
4  68  238.16010169610527
5  67  206.15819199631827
6  45  385.95169623151736
1  68  157.05312456480661
2  47  376.81449744677428
3  59  184.50613890194916
4  71  220.14257924633745
5  66  196.92262207806721
6  44  254.81191677534923
1  81  137.84300187972903
2  80  115.73190720727841
3  65  197.76402956060758
4  62  178.49894341689088
5  64  233.00950027607973
6  74  213.07394608204041
1  78  126.20528590380079
2  31  464.49871069436227
3  62  215.85079901122447
4  67  222.78294986322277
5  46  357.17013334397797
6  70  227.34681084993116
1  62  243.94227401430035
2  63  185.24084385447981
3  59  298.81711273440118
4  45  297.25679817520052
5  36  328.77411163102067
6  42  449.71308623828634
1  70  120.15444143415853
2  50  299.55326727711895
3  38  309.24170771259105
4  59  190.43755919343499
5  55  285.45924683729686
6  31  442.37956814766176
1  67  104.78671306608993
2  45  345.7505607091627
3  68  218.49596225411042
4  74  133.44324642806561
5  52  392.91127365566877
6  53  364.5637291784833
1  73  171.55036629359714
2  41  362.72814535712388
3  30  461.78700503619928
4  80  86.110557574919696
5  21  436.71857082006983
6  54  320.96963609567553
1  62  200.54059637535718
2  72  83.421115672451293
3  25  596.56131896174884
4  60  250.20689976783609
5  65  273.23797513716409
6  58  240.65802038220934
1  71  217.45892502424363
2  65  229.34357496398113
3  68  259.70199054761696
4  43  495.49873692587624
5  65  222.53340963479633
6  58  128.1350660164311
1  69  204.10304527102221
2  64  139.23785507207123
3  48  332.13753111245614
4  43  316.35992525008874
5  37  353.68645284489747
6  29  427.31976135800687
1  68  109.56008085092536
2  35  199.54566004102492
3  64  239.8809366036684
4  52  241.09764727931307
5  57  281.7075526995589
6  31  272.82271875623104
1  65  103.60766074909681
2  49  290.87664390231458
3  50  105.38625550498526
4  36  315.14602907298593
5  52  368.22919883383759
6  57  257.7918063135628
1  72  173.64131882025723
2  75  169.26572349041936
3  52  296.37598858360735
4  44  213.68899511090746
5  50  281.19926560119262
6  79  126.87952616549947
1  72  79.988728548698532
2  77  189.62751166607526
3  50  242.50933489510322
4  72  176.379790361647
5  79  142.34525961510138
6  63  263.70375939008011
1  85  67.599963786346748
2  62  183.98674137680425
3  68  203.41275234024073
4  23  537.33567662410212
5  73  160.02987621408982
6  44  193.53487857646644
1  52  184.16603400712899
2  69  115.64800229066802
3  55  277.29887252052845
4  77  149.57802222373908
5  54  191.63663701711528
6  33  242.40274617303126
1  62  203.71900305899371
2  77  133.17519018934073
3  46  279.37608632427634
4  61  161.20118301170376
5  52  264.95733850392008
6  59  225.09576914842134
1  69  196.83713993409117
2  68  207.48308297856408
3  62  289.45522879235659
4  74  131.77391194249302
5  58  215.5117165190841
6  46  404.10041534786461
1  76  144.44287820527893
2  77  135.48061711297331
3  52  360.47829767802426
4  59  381.43473386122747
5  49  256.82708706342254
6  51  205.56548295431588
1  56  263.88664750379507
2  65  140.66455250257258
3  49  271.37554408262059
4  75  160.73796496991793
5  39  490.79592389760791
6  47  406.06510274902109
1  69  103.15859659001569
2  51  296.74776262990747
3  30  411.32757512265323
4  24  249.04783303442596
5  62  272.70971651949958
6  54  433.2162849109526
1  88  67.850578743990113
2  65  219.1202553080098
3  66  197.31740161634511
4  39  535.0864038022379
5  55  250.05912178030738
6  40  361.31005361290789
1  80  127.63149422234001
2  50  184.42810360105031
3  67  248.32902238604285
4  60  241.32897806764225
5  70  163.36567517689272
6  38  507.61788341746336
1  82  105.00903934383527
2  62  179.87733570665856
3  77  141.78158500791699
4  44  487.39374266727174
5  52  355.7914226908369
6  35  578.40868368689667
1  72  133.6747271319218
2  64  184.84172730858219
3  71  205.32271994348676
4  63  153.28476183170531
5  63  196.97131333288385
6  44  322.05306389872214
1  77  104.23369479472272
2  66  210.70811027033827
3  36  318.348394228323
4  65  200.28226468666642
5  51  207.154124183954
6  43  435.6406527989389
1  71  206.04679023804277
2  54  152.96636047539857
3  39  214.76568007863858
4  40  349.20332971861603
5  46  335.1496982894879
6  53  242.07418292288841
1  70  165.47070114877604
2  35  259.03623393775268
3  58  247.95896996792456
4  46  327.49208762356648
5  63  253.90056010612437
6  33  535.75932397667111
1  79  144.33520048759701
2  70  209.9182516760934
3  74  209.47414546157296
4  79  112.46290543082014
5  62  249.85797081155366
6  46  307.21327842082229
1  80  147.98607893696425
2  74  186.10155743122652
3  48  165.31016748894811
4  57  191.46688421498087
5  34  252.92794261415301
6  75  106.05939920576481
1  73  110.18969613059738
2  71  141.90339158514314
3  49  284.39471550538667
4  49  370.13162110556897
5  64  188.61891229809964
6  30  358.11450592523192
1  71  178.88116090151104
2  61  197.34454711626972
3  47  325.61262376337822
4  78  85.440317897595094
5  62  178.26874701816757
6  34  472.37436337767559
1  73  112.18036625633658
2  77  127.77013118810207
3  41  374.35822937661027
4  47  339.06044282685474
5  65  247.29535491547853
6  76  231.51216671138067
1  46  350.56913065351489
2  52  256.45307406372734
3  45  389.95276091479263
4  66  291.69752840962292
5  43  286.83202704513758
6  70  365.07470406925967
1  60  167.50693721479504
2  81  67.219262984070539
3  52  323.77529824206749
4  70  119.06503542201233
5  30  323.92970473251199
6  31  249.22304285594399
1  73  99.113944429679009
2  79  134.37103967993193
3  59  368.34640530934274
4  67  179.0400296297
5  24  504.65267651245642
6  34  239.71550948832504
1  53  354.36179609324472
2  62  131.64979719528381
3  71  113.11191589980864
4  41  226.91997753876865
5  44  448.1310730068875
6  59  263.24385814681636
1  70  165.82613060683491
2  46  303.14348521696229
3  43  233.14390434372862
4  68  203.49225906645026
5  65  159.20204371619727
6  43  394.92676075064912
1  83  64.326038092441351
2  59  233.35701640873094
3  74  156.83311919639104
4  40  324.10038275380919
5  57  265.38533057623386
6  22  528.12731449542605
1  61  76.917409092223579
2  53  204.78057766997574
3  57  275.97997516400648
4  53  171.04815306688516
5  39  433.46588000413954
6  54  213.94871737910458
1  65  194.49954769464222
2  61  196.54490365704902
3  66  148.72304500764199
4  53  340.28415311181936
5  47  264.9678828921127
6  46  270.52485085165358
1  78  119.61808469455377
2  76  160.84227919053967
3  62  261.82462485601832
4  57  303.94942911075373
5  52  415.21342685316318
6  45  425.59357755171141
1  71  152.22683557413177
2  74  119.81371775145141
3  80  91.04093417668976
4  36  338.16386697080497
5  52  120.01549161307904
6  70  175.19237572041439
1  74  117.75732290326678
2  53  406.62523675514979
3  79  106.43310791649156
4  83  126.45377170472371
5  48  365.68153543201174
6  94  8.2440751733324564
1  64  155.5669641603069
2  49  224.04586827947247
3  76  138.03966603410893
4  46  359.31543855538382
5  43  357.2090342850949
6  48  192.13432737812349
1  72  181.71129521404944
2  77  106.00413483032715
3  64  157.61968868465468
4  28  432.4996147041266
5  28  461.01820336027089
6  77  168.0244617374093
1  82  69.417749275463635
2  78  95.547025378622735
3  70  183.31199521529129
4  42  283.34988660603182
5  67  279.94362589153076
6  47  173.82454091478519
