6  31  318.45964973395292
7  42  303.5818616390506
8  48  192.74836192260483
9  47  134.60267693488854
10  76  75.090583300988939
11  39  215.23363472966051
12  69  259.67740851554458
13  50  366.09256147791683
14  77  199.09086420286835
15  67  274.14920908392963
6  25  299.86223534579176
7  46  217.46394501927423
8  58  162.20156520324716
9  41  464.38202611799625
10  64  164.62247276447286
11  47  293.65633715197845
12  70  182.06849474007268
13  67  237.4527697458042
14  90  75.238214900546083
15  85  135.85910734510838
6  34  104.16889248093797
7  14  305.07698383565156
8  41  249.23979276928139
9  49  276.70253985610259
10  76  112.15505017717564
11  40  247.58391210094865
12  62  145.61094922673036
13  82  127.41355407594097
14  89  93.815361374058639
15  78  155.10814224897985
6  29  199.87268930081871
7  30  201.76146076950258
8  51  148.54493609926402
9  47  240.16960241858069
10  77  110.16894169550545
11  80  108.91430861108725
12  72  184.30810260118508
13  71  192.08755452038361
14  83  135.32562815532154
15  94  49.666104179025865
6  25  162.66317254447358
7  54  146.35875052431064
8  39  361.56730876311286
9  41  197.96971718632923
10  47  368.55679443416938
11  78  162.47352021088074
12  80  135.17137208793622
13  76  252.05842864638763
14  49  357.60988709781537
15  88  89.856402102221296
6  38  127.70708690683023
7  33  259.36505338425968
8  56  204.12331222102588
9  46  356.22343401799503
10  61  197.5950033700893
11  53  320.48066820008063
12  75  140.57605662396875
13  72  235.36778809367758
14  71  211.91785809211956
15  77  163.15945373106626
6  41  267.85785690862321
7  63  160.56419116498455
8  37  241.84971453698839
9  48  180.97635003612095
10  41  320.83259833249826
11  35  455.31639499556741
12  70  144.30032226788441
13  68  262.23187392092365
14  78  121.86268429778771
15  88  113.39969359644809
6  21  154.16124312472067
7  37  230.82685768195921
8  77  96.62279972258581
9  48  201.31578182466157
10  52  293.34960669473139
11  72  193.85334160937376
12  34  209.33703516372108
13  87  122.68167258558945
14  77  199.56659865210639
15  77  194.80646479323002
6  51  122.80749921576474
7  56  218.11407024401353
8  25  538.74989187752476
9  72  171.85603143497158
10  62  189.46581832838484
11  52  349.33067504333189
12  70  240.1036953659677
13  77  153.12725722749818
14  89  89.947199295670529
15  84  81.815461493387474
6  22  277.72249367381153
7  43  242.51033718553029
8  43  249.999571286079
9  54  294.66173529123944
10  61  189.23520040080706
11  83  92.727471449324682
12  82  127.37861778642184
13  53  304.8064323546941
14  99  5.412138329033052
15  100  6.6256623509274455
6  30  225.22306763592653
7  38  234.80800378646308
8  41  204.77482155263397
9  44  236.59769384472065
10  39  427.26057402475851
11  79  148.37160860802456
12  66  375.34227609629744
13  78  138.19736875947495
14  71  150.78380435028933
15  77  227.93354735764947
6  45  189.37579470512586
7  35  248.69812603613079
8  17  309.94205297563911
9  48  231.264605235152
10  39  366.02843882988884
11  66  216.85175066802242
12  97  13.579023067355104
13  67  277.25023299806764
14  82  169.65329462608469
15  48  292.56482131098988
6  55  93.584641884804626
7  66  105.64053895749404
8  25  440.66736408353711
9  70  193.73483058812005
10  49  294.59130234602463
11  59  335.14037937774884
12  72  193.31900023727547
13  90  75.243257723201268
14  34  535.70021598085032
15  71  228.37907670871684
6  21  390.11279907943543
7  33  189.72137706089933
8  68  114.04052187721332
9  38  269.42962859253771
10  55  279.16614416336824
11  61  220.35409501995818
12  57  161.71057325077382
13  90  63.038605911799621
14  91  73.175613368653799
15  79  193.77170718754567
6  45  250.19670663433081
7  54  242.5066272635012
8  54  168.49202816589701
9  43  308.521482479665
10  32  396.22948420486773
11  48  405.01641700426939
12  89  68.706176486802363
13  68  288.95300962845755
14  78  175.57048609332642
15  65  305.46143259747839
6  55  163.37798341859596
7  62  127.51138666185878
8  55  255.75616268735274
9  41  350.05104117382143
10  55  268.01445844865401
11  56  221.24414253223708
12  43  277.76220672308051
13  75  191.44545107210962
14  71  198.09942075965165
15  87  83.319323270609658
6  43  237.53378031602338
7  41  290.63865618607622
8  34  224.67247967066515
9  60  334.2891651529859
10  60  232.84707095144816
11  11  537.75074250871546
12  81  153.80769928534002
13  48  410.2784719780451
14  63  238.62785951549407
15  70  267.901088943947
6  21  107.59737113576122
7  58  247.26488416807399
8  45  103.17227112071643
9  68  198.32537786543222
10  31  408.43815008989964
11  66  100.96019155844432
12  74  157.107933011711
13  80  151.30725218595239
14  81  142.73228134452614
15  76  183.14462792107005
6  35  268.78733392704612
7  33  189.27398097871102
8  43  206.42793604095263
9  37  459.74025153074479
10  35  277.40683918626911
11  81  119.99747969162688
12  74  168.3818444067245
13  69  200.75998887526109
14  71  221.01468790529543
15  72  190.14049618228086
6  41  183.63230881267822
7  41  178.74047393509946
8  37  225.71490171752291
9  49  253.23421327681118
10  59  212.1180061083457
11  33  438.45018674498641
12  61  233.46378709434941
13  62  285.63828393616836
14  82  117.48721019361705
15  84  97.91000098939665
6  33  175.18353755085488
7  31  118.43756334186899
8  68  94.610669645574504
9  32  378.58144898561181
10  66  261.4602096769209
11  49  333.77997553343909
12  82  106.43396561441465
13  50  319.05882846417876
14  74  196.94340544200853
15  69  268.84757530562717
6  30  119.13343390042698
7  31  397.82406239457572
8  34  152.39705349426504
9  62  143.55467362397357
10  53  254.37961775472584
11  56  159.78539650869968
12  63  276.67397382529117
13  48  481.14599733261417
14  61  307.79885765586198
15  74  275.28858728404322
6  21  413.1702434537487
7  59  156.05460139370985
8  60  168.57737692303863
9  44  370.69114003963921
10  46  333.61593105213251
11  57  239.79241365373309
12  56  250.93996990398927
13  56  354.58289499888213
14  68  223.56501548575315
15  84  149.47441870098254
6  45  249.39986991943115
7  31  207.13638032340882
8  37  436.94975194231927
9  50  357.92857975637202
10  54  298.9158315261401
11  62  199.19517875176132
12  78  151.90685730152114
13  83  216.18427023911784
14  73  228.58613315763944
15  72  236.96278507180375
6  34  370.26244836053786
7  51  114.36129851813284
8  67  133.49607222386118
9  67  133.50686697899573
10  62  190.1800655066545
11  63  150.81458160380231
12  66  225.03961102458192
13  92  100.74429467908202
14  74  183.60969293060029
15  63  256.628660755824
6  52  177.06569048033148
7  50  164.08406080576955
8  43  290.64794513360681
9  37  344.31140507536952
10  60  219.1092565697771
11  54  410.53144860438681
12  71  218.39780966564302
13  72  232.58066534343982
14  44  485.37284603865447
15  83  131.15789067815473
6  35  79.118467137416062
7  27  342.47966266611076
8  27  358.63526541462932
9  69  202.61276584101122
10  76  112.12421804320725
11  28  599.7837983694028
12  56  301.95769864849888
13  90  75.482101457592677
14  58  349.41804998359106
15  84  108.27729274981861
6  37  229.25626586550158
7  42  263.71862468019509
8  43  316.59461333770821
9  53  254.96787038716454
10  57  263.2496610969668
11  48  414.82228157365489
12  55  287.17918378056822
13  47  399.91265390528383
14  40  516.10568145643185
15  52  361.51714482161799
6  19  237.38350000828842
7  21  280.70028190588727
8  30  349.78679441301688
9  40  311.81517265227455
10  76  98.286358316459754
11  40  470.08713482362384
12  66  155.43325927167211
13  76  227.7533335504335
14  79  162.94661873884837
15  76  217.6106754347997
6  58  119.43348765248992
7  26  246.09659989717849
8  61  100.82079874302021
9  26  240.50183419771227
10  47  348.71913498843355
11  71  231.40125348344881
12  70  154.82072044654529
13  55  337.99365932171077
14  92  44.516749209571955
15  77  218.43098165190062
6  28  318.18664954411236
7  4  301.44714411327396
8  31  319.81292356597851
9  38  218.14934476831877
10  68  149.12111992167556
11  59  211.3775354366667
12  57  229.91610970253092
13  77  141.04535492140161
14  87  112.63527805662875
15  72  160.53581202171603
6  47  172.3791951482043
7  57  167.44791606598798
8  30  453.08620558106077
9  44  203.3334356599872
10  36  333.60269045702779
11  58  168.94729731675753
12  65  272.64192247281477
13  73  246.25155090497356
14  50  377.68544120052894
15  54  352.10201619625929
6  36  74.923287173356115
7  49  217.78505066524824
8  43  309.3400422230477
9  84  94.502139669745574
10  57  164.74553873429531
11  78  177.62512693218451
12  67  153.56092441574805
13  84  97.053464754090726
14  81  165.74187338756886
15  66  258.85997770444288
6  45  182.71444684786638
7  24  354.41277816067321
8  46  193.03555130154808
9  37  292.12655103613599
10  41  335.55156874775304
11  74  109.45505816485985
12  71  217.06454210791762
13  65  222.51109099275186
14  72  214.8461924659286
15  90  83.248546581382797
6  46  238.04201355744479
7  15  320.19176642425407
8  32  381.49974429497308
9  64  160.08284084966604
10  50  279.78980019320159
11  58  292.31874434091947
12  46  357.9671140828076
13  87  113.01646039651853
14  55  287.49361806408695
15  70  216.52642722392875
6  54  156.51293616312202
7  35  316.77253292101233
8  50  276.80592146005375
9  20  347.439494543058
10  61  286.89459372490188
11  70  219.32057795805332
12  69  236.7056295731914
13  75  248.86721288406207
14  85  119.18561289903941
15  89  93.379312264857774
6  45  151.6665934675091
7  28  282.78978875041383
8  40  263.13469084311816
9  71  171.37684388925368
10  72  139.36541605435258
11  68  206.61138419257253
12  74  226.75244874059953
13  79  179.89694043723065
14  77  131.23553172882276
15  77  218.94381080952303
6  40  114.00007903135234
7  36  195.49368530935243
8  52  174.11857096892342
9  51  262.40131171810373
10  44  517.84204739435779
11  50  195.96575201397619
12  73  162.76349084380459
13  52  446.46499159389361
14  60  310.22146007606869
15  68  250.68544547709701
6  26  177.14381179336303
7  52  254.88348455503018
8  55  175.24315402787485
9  85  85.383946040709105
10  37  428.51876871662421
11  50  326.82860011560541
12  63  234.78748286333774
13  72  221.66509458798609
14  65  291.16567991349569
15  70  243.83067234674903
6  16  196.9629705086231
7  47  174.5332755583984
8  41  314.89613091083976
9  38  176.91913879452966
10  68  199.11184701508407
11  33  352.92725887980083
12  69  222.30795886041756
13  89  80.0620183045083
14  67  306.26776240096666
15  83  142.99860131750586
6  54  163.34255697070799
7  52  179.82276166382158
8  30  269.96192606639408
9  57  202.72063442063609
10  67  211.95416654827733
11  66  216.20517325623911
12  77  169.46785185610051
13  71  230.31267310472126
14  63  293.98697792261925
15  72  247.17089740908617
6  65  96.602922944340861
7  29  370.14809840580421
8  31  366.71442370317004
9  64  213.94585618345249
10  67  158.1669034764756
11  51  277.28988593771567
12  91  51.019060481318938
13  81  161.62855822738373
14  62  322.89708066610984
15  81  173.11017767698107
6  37  162.01891036359527
7  36  139.21882335212723
8  56  250.81028993484696
9  73  147.4915014514975
10  62  246.07239212574981
11  61  205.07212066187788
12  53  371.60153780482239
13  88  97.569602471736602
14  68  282.20346422922057
15  93  46.398368159946017
6  14  96.933002586220468
7  35  247.30966833701967
8  51  272.79029332973522
9  62  185.95399395703694
10  88  61.381008735608823
11  72  159.95640138933911
12  47  316.66054220742598
13  64  261.25941469255514
14  74  124.33217418177109
15  83  132.91462116791465
6  15  174.10682842494782
7  23  237.01624477820511
8  37  192.9010765349106
9  29  296.42911466941376
10  41  324.50959245331438
11  56  264.24791743146034
12  62  314.3459162162635
13  88  75.61145456805879
14  65  264.78666334678456
15  91  59.053556919698295
6  52  217.63671288323246
7  34  247.93703504398948
8  29  415.38244206700614
9  19  427.49943258493829
10  76  128.78033824779394
11  57  303.36591831075935
12  76  142.22340522554552
13  77  144.03847069966295
14  92  51.714821361843754
15  91  76.88021634796938
6  31  177.36615694585615
7  29  269.70623667021971
8  16  283.84584031417239
9  57  119.1040690437874
10  60  243.2993140020113
11  68  234.95726440604824
12  88  139.77861153063287
13  64  132.34659644050095
14  81  142.98459631950948
15  90  92.853150821691969
6  18  157.59250199378266
7  55  111.86995311993189
8  42  371.43182802433824
9  62  107.57572960887174
10  44  340.27140538001294
11  59  181.18370729544776
12  75  174.91457649569514
13  67  168.00705887554176
14  90  72.809829398736042
15  70  195.30022391241184
6  28  150.05970452486017
7  31  271.0662294554549
8  35  274.39556235359618
9  44  308.50616343407387
10  52  222.88399871456843
11  35  521.12993848179701
12  65  209.4918507771356
13  58  363.59061027306211
14  68  243.50982754065947
15  86  100.50321140840389
6  47  157.81096215957621
7  39  299.63686867450241
8  38  193.79696317733303
9  50  264.64784645880133
10  67  284.09670063640942
11  67  203.85949761638275
12  83  124.18070014735855
13  71  205.98641797558795
14  81  103.70343584578819
15  80  195.92822837305735
6  55  239.46065203706596
7  37  204.81808757400506
8  50  255.84296518500685
9  59  247.79787329341198
10  44  271.06174499412765
11  37  281.11657424856548
12  57  252.70633726512142
13  52  447.9201439120759
14  67  232.96701593499699
15  84  140.54578849376057
6  12  305.71132747441828
7  38  202.21745303218981
8  23  299.98047863514466
9  51  171.35318411912206
10  71  115.41554061271442
11  35  366.5740109618103
12  61  301.80108422532777
13  59  246.07744333652468
14  78  233.72501322775031
15  67  227.34557068451204
6  21  521.70155598091401
7  51  150.68572535787862
8  32  276.03979586836721
9  36  206.75352295302972
10  67  260.47290953137627
11  64  247.33427876789159
12  63  269.31916929249417
13  72  152.24429273622431
14  68  304.82535615917209
15  70  288.05022295902808
6  20  239.48721140727284
7  44  264.22824519972471
8  61  217.26632176063958
9  52  258.1282852143562
10  28  485.82951055822485
11  68  225.29386791845286
12  66  158.08398185632788
13  69  271.60867538237159
14  86  87.631416499078043
15  50  486.1670418364086
6  35  106.67193878215767
7  32  126.13783497374573
8  41  242.37380141480926
9  62  247.00124338573747
10  53  248.90702298893527
11  77  174.19161617513134
12  52  190.87913071819267
13  72  217.56652503814536
14  82  141.40546202436522
15  74  238.48755003119518
6  6  162.11632692193413
7  54  172.96901423945781
8  54  101.07532343760285
9  46  172.68685300906591
10  57  301.62186044799023
11  66  228.81878727311775
12  64  194.85977767793014
13  57  284.69465539159802
14  67  209.05936815427191
15  88  103.76837839718549
6  14  174.87510197417603
7  35  420.62040812505944
8  37  309.46600685971646
9  46  231.2440961565359
10  71  156.27688240521883
11  84  85.55938417283096
12  83  125.49689664007592
13  71  137.71669585472483
14  96  24.305071026318004
15  75  209.9941260333494
6  33  223.72967253824794
7  33  285.59794742667123
8  41  205.96374603203191
9  53  286.35406920535308
10  42  159.44456218944828
11  69  214.76261710513012
12  55  402.20664991640825
13  32  253.23859157404041
14  64  288.00164005212895
15  78  182.56612748789118
6  41  151.11615282079953
7  47  166.18063568244142
8  17  446.75914941694532
9  53  272.09431353491868
10  36  293.77575098635958
11  85  96.225799264124774
12  51  298.31618451772874
13  83  59.20513444596245
14  77  161.71125701883994
15  85  123.1158621578371
6  47  176.59636299059221
7  48  197.33663696877403
8  52  242.48399361828581
9  56  209.16729801439129
10  53  220.73770801063122
11  66  260.9010686967132
12  57  324.45802864957307
13  79  172.93666570339118
14  74  237.68148599314296
15  80  147.96763498647641
6  39  208.38817584856659
7  52  223.26741779610651
8  78  200.93308910456091
9  72  147.81101499555359
10  54  303.36599879397471
11  66  258.97301236714299
12  62  289.63228364889102
13  66  267.57058040377899
14  67  245.42185223762027
15  73  241.03047266724721
6  48  236.0828925519244
7  53  174.65414943397519
8  78  98.043373678673561
9  57  168.85408405006095
10  39  431.52008719025434
11  57  282.18562775996247
12  46  315.69802639387808
13  68  308.92680179143701
14  72  213.07948301979832
15  74  234.42266873812557
6  51  181.59191561048706
7  30  220.64501408402808
8  52  163.22228233459296
9  45  447.78069285088537
10  47  178.89010420811465
11  49  329.286790169825
12  48  278.92227534754755
13  53  364.13287868269686
14  65  260.8890563129101
15  71  226.22829571833614
6  49  161.80035736224832
7  33  164.12923874037617
8  37  231.54866030149643
9  53  287.9325714404581
10  72  201.42447970729543
11  31  465.84494879256829
12  50  433.89347688254327
13  60  247.24071495899929
14  62  333.71078722144603
15  86  104.16930202196957
6  40  181.40596930594046
7  34  183.23567614754035
8  18  258.90285091543461
9  65  191.20577736428061
10  48  303.7805049490276
11  49  330.1295998136805
12  57  307.11086116570584
13  67  157.01395325153996
14  86  117.47296533502579
15  76  195.46829570735545
6  36  215.32704055833304
7  42  358.62914277318413
8  27  215.09077569799894
9  60  223.27358029185569
10  70  209.47427775907565
11  49  174.22135597080623
12  74  190.62207584862614
13  61  273.79729425230556
14  91  58.80225888104134
15  79  202.483705376264
6  33  235.28547914464028
7  47  185.59678469926189
8  39  145.40334034260198
9  50  264.48135409923674
10  65  251.32225131362338
11  71  161.41888508974586
12  78  134.96444170625304
13  55  184.74234387235262
14  89  88.608086471681773
15  91  83.281114056973792
6  57  223.65096336039184
7  25  291.50801689119379
8  36  232.90730866625043
9  69  166.95124842460075
10  60  212.76810401808689
11  57  266.04341394824633
12  65  127.13110517644991
13  75  148.96295234557573
14  76  225.62755525053092
15  95  45.212309867097495
6  38  236.23352518459632
7  46  256.52410086242992
8  66  127.20192761336654
9  64  294.82281988698912
10  58  164.61365090070035
11  62  167.36224250988545
12  76  141.27048387059943
13  77  130.6857650018591
14  89  86.851041208363043
15  93  60.882940081322417
6  23  266.74154505496853
7  28  318.23187602088956
8  35  302.469458397273
9  37  303.85372327683967
10  74  166.79036899433217
11  77  142.20480379348189
12  40  447.73608233181091
13  81  120.77813996162438
14  49  511.71561870051897
15  80  142.75523312292665
6  55  130.79412607502053
7  18  355.53108994596022
8  43  232.56030629313463
9  50  200.65717813668073
10  60  234.95885247299054
11  49  254.61982502602979
12  52  283.61214813669426
13  80  90.013299888252405
14  40  282.18670221192383
15  95  32.275486863225396
6  13  327.80973609623851
7  73  134.73209028674137
8  35  199.37673627105235
9  70  156.4296240944762
10  55  448.50286490955403
11  59  337.93942034124655
12  83  115.87435867436558
13  74  167.61769140265864
14  62  333.11681786327279
15  62  392.98267738624543
6  18  144.16411653390023
7  40  483.7759696043521
8  49  251.76967900448457
9  46  275.84082243014086
10  52  308.7633474822814
11  75  134.30928182201063
12  44  271.64091500523955
13  48  286.13473885061649
14  56  332.28725682573224
15  63  357.95190041770098
6  36  99.832673372254661
7  39  262.13542959063801
8  24  267.61220739412863
9  60  172.4880174905588
10  49  299.18388682021907
11  91  57.658075144723114
12  77  147.51387659426763
13  71  228.55453508523559
14  94  53.240376258528009
15  77  163.93048977084962
6  55  149.8142959378043
7  24  328.79474823376836
8  63  199.86304706916826
9  48  293.45669301738906
10  60  238.23010824992559
11  66  198.44774323033317
12  60  339.31069805461425
13  65  269.01134796771305
14  65  191.04530708848853
15  59  476.63259153328733
6  15  124.89582138703297
7  43  249.21080417866867
8  41  284.56271497420255
9  58  299.86616356283366
10  53  307.43295280127325
11  49  446.45063517601653
12  70  203.45599796746515
13  79  152.57693017247342
14  63  280.45749690474179
15  62  318.91935971127015
6  45  151.01051764312635
7  56  245.51717672397771
8  52  208.89228384049599
9  30  418.14421682853396
10  70  177.79101347449156
11  44  308.08486198498605
12  78  125.13782807675983
13  65  240.63513047043108
14  76  154.89812902974936
15  77  190.00727481690569
6  42  68.099237144247169
7  44  324.68758531510093
8  80  95.228176075418432
9  54  222.72310802951719
10  67  167.33474338303685
11  49  246.94143040673347
12  58  273.9784288688669
13  80  98.881320933405874
14  75  182.22483107423761
15  100  0.0
6  36  244.40991219599863
7  17  363.84745795232806
8  28  376.80991058112403
9  50  287.77237763536459
10  47  178.10526303713553
11  33  245.00113493843068
12  75  174.68981409018846
13  70  236.09042526041904
14  70  262.16910015171197
15  84  88.963290007464565
6  29  269.67023120183757
7  13  203.77384722500611
8  37  344.84072103254402
9  48  364.11443755718375
10  63  116.75346979064315
11  72  176.5042122990285
12  64  232.4601470101982
13  73  239.18889264005446
14  94  48.743519847416778
15  100  4.337080041733258
6  55  134.60194500359674
7  49  209.19101098845618
8  29  484.43105880761857
9  68  135.09771750739841
10  74  165.64455142756901
11  77  121.54959853859525
12  60  289.25384462121286
13  75  142.0435402811575
14  83  156.00637517148991
15  92  72.452866008770471
6  18  278.18401570701866
7  52  151.77958500711483
8  22  308.36753318064177
9  29  584.54864629969109
10  69  138.9341245795805
11  59  248.64433187475652
12  63  182.69042803725745
13  63  216.23118787156486
14  89  86.741861921313586
15  71  260.87929013348821
6  20  268.47728210058204
7  31  327.08023804421521
8  37  284.53055356587845
9  74  151.77847859708081
10  54  240.2924856709854
11  42  390.43824300625118
12  61  193.23980158498006
13  57  315.82250816608661
14  64  333.2681927931261
15  75  205.26815211163492
6  43  252.33370343834906
7  46  237.88537795203666
8  38  151.38212677531692
9  47  321.82523178606993
10  85  93.557320934555122
11  48  324.64280061229584
12  74  189.87508738569917
13  79  220.51409725823314
14  75  162.19914787083661
15  54  327.08603942032096
6  13  262.61131091846477
7  22  350.94731896927294
8  76  91.040652405892516
9  57  232.03681649754529
10  64  255.54609583329807
11  57  337.47053171260694
12  62  295.82154713231427
13  76  193.38294994777951
14  71  203.96105389606629
15  91  57.977556089269413
6  24  279.5058059822199
7  41  188.80898323302623
8  52  221.18970435042797
9  36  342.45791331570319
10  61  163.20352728719359
11  40  476.76894602184228
12  91  78.390172882194108
13  72  186.6724769849038
14  79  173.05161665608932
15  61  344.22169123624292
6  38  196.31676066622433
7  24  410.2269314295657
8  72  119.82807385082216
9  77  79.128864639309612
10  70  111.77578242781748
11  58  215.36479462754576
12  66  246.60048272409995
13  80  117.84562870993828
14  85  91.424622950229377
15  87  134.73849842355531
6  30  195.5378919197089
7  31  184.65749894477173
8  41  258.68830241401804
9  67  134.94619651077798
10  61  181.7412068783151
11  84  178.28652844532189
12  33  375.34232316117465
13  98  17.402080908900611
14  77  166.51926062074438
15  73  210.19609367510091
6  30  205.52823770051282
7  58  199.73854129038492
8  58  258.58526905006647
9  58  241.11251734426025
10  51  170.98237903539663
11  62  111.80522162074266
12  37  389.70188181628242
13  80  114.52782230268996
14  72  186.54560208269257
15  73  191.16619261426149
6  26  238.39408182163555
7  51  225.10659005948597
8  39  461.21964164361503
9  35  230.42070199046114
10  54  194.20653977907688
11  45  479.94422024596901
12  76  190.38181804297548
13  94  43.243107114850865
14  78  185.30014072635234
15  70  266.05580466788143
6  43  188.0502622896708
7  41  263.42520710515981
8  36  315.41288020155582
9  49  298.34019777627105
10  58  186.6774947525833
11  79  104.9729953661576
12  65  223.51295452514842
13  86  96.797218798801239
14  82  163.04996317164029
15  74  229.29153263177884
6  22  390.61378239053869
7  58  172.94854269169358
8  46  253.98768870366789
9  48  285.93324874768308
10  37  227.8013663458903
11  71  159.33618456837422
12  59  232.5236935646185
13  68  298.95416949197755
14  75  163.80860757198471
15  83  177.5790455038516
6  40  152.08953785886496
7  63  218.36159041162651
8  36  197.12022071846866
9  44  276.5975866807342
10  53  297.11660233643471
11  62  406.94053340804021
12  57  247.89832138695391
13  54  302.58741299273464
14  100  4.6487185798438819
15  84  83.30440929511245
6  41  285.97254357240485
7  19  351.68902749060567
8  51  249.94539296333173
9  47  213.92983307390239
10  70  131.80493389600664
11  76  147.93008409028005
12  60  351.97152804991072
13  73  176.93094116756859
14  71  141.27157395302817
15  72  242.52294358446957
6  25  93.987365996081593
7  45  253.35686977684881
8  41  161.42139262993635
9  43  343.07162621383952
10  65  244.67071031073468
11  67  125.17359808960279
12  76  197.92592499859134
13  62  349.32186687484784
14  61  286.93733178923657
15  82  117.72554202207729
6  22  293.78125562462247
7  44  249.90743350965204
8  48  107.73137247665811
9  63  128.89086240439599
10  73  187.66842567818767
11  54  295.35962253289216
12  35  412.44075082267011
13  77  153.20208995581746
14  58  170.64818513775623
15  99  0.95936497600815596
6  21  286.21277705540871
7  45  320.95649744004436
8  30  384.7030466274731
9  45  295.55811317366471
10  61  233.95955715429602
11  57  362.97920003507915
12  59  209.83060157294878
13  68  270.48326008972083
14  65  262.66291815086083
15  70  197.38544289719877
6  17  186.56976867777786
7  37  239.57053723528034
8  65  133.3259605919736
9  49  271.44953028863216
10  42  281.68409789655618
11  30  341.55940287989517
12  68  251.11659159784227
13  51  398.52056094213088
14  85  110.04641467432515
15  82  155.0628139898183
6  31  180.21910493310784
7  48  184.5542547831179
8  23  165.90840795242852
9  76  132.21975340813552
10  77  167.42950847315149
11  71  89.585120669656376
12  65  269.73521625561307
13  65  276.33844951828405
14  66  272.15253670268527
15  94  46.805504308045947
6  31  430.76360268752524
7  50  161.41409519631981
8  40  324.93775945773473
9  50  180.60000981733467
10  82  76.809065907208691
11  57  177.22545763847694
12  59  257.7953718299097
13  94  53.367650176760634
14  74  244.32946603124176
15  69  136.85894239819743
