2  97.0  160.14776886651953
3  85.666666666666671  473.97705146284108
4  85.25  502.56828417258902
5  96.799999999999997  422.13878248924385
6  89.5  710.0288088474955
7  88.285714285714292  676.91382324403492
8  91.875  806.54248869435082
9  87.777777777777771  937.60698821618871
10  87.099999999999994  1008.0090837840593
2  86.0  311.75602723174933
3  99.0  217.19891511824972
4  83.5  663.14547056449385
5  91.400000000000006  523.20725620438088
6  82.5  763.33650830109184
7  84.714285714285708  840.888198527133
8  86.75  850.54710403995
9  85.555555555555557  924.24014104373714
10  86.099999999999994  1028.0273081037046
2  78.0  461.74829992840216
3  82.666666666666671  532.99757181371683
4  88.0  520.84117535486757
5  93.200000000000003  491.75722016554545
6  82.166666666666671  778.76694369857046
7  87.857142857142861  768.66639956021413
8  89.375  814.29294358730351
9  90.555555555555557  873.64788769203028
10  91.099999999999994  939.7539603993099
2  78.0  394.79168758065674
3  90.666666666666671  435.35757292578819
4  84.5  591.63470967485375
5  92.400000000000006  554.30794306580754
6  89.666666666666671  691.78496155167318
7  86.0  877.10726567540894
8  89.0  817.5264452871827
9  86.555555555555557  930.59721062994231
10  90.0  962.35204735503225
2  79.0  460.36941243256223
3  86.333333333333329  500.77845474630863
4  91.75  445.20735825563014
5  88.799999999999997  606.62404320606379
6  92.166666666666671  611.01227472075004
7  84.285714285714292  882.24356936802064
8  89.125  797.00697943943283
9  85.777777777777771  1034.8129413430136
10  80.400000000000006  1155.4491967424847
2  92.5  237.60607379192808
3  93.333333333333329  351.7943631283195
4  92.75  430.61112812055103
5  88.799999999999997  570.10250360743555
6  94.666666666666671  520.75246893416283
7  89.0  727.38153283937663
8  90.25  811.36422663208509
9  84.888888888888886  901.4426683403442
10  88.799999999999997  984.45777898276276
2  96.0  167.16461787669959
3  80.333333333333329  612.19602521552747
4  93.25  420.09375703317841
5  92.400000000000006  560.2160690537703
6  88.833333333333329  648.77076010504436
7  82.857142857142861  976.42357468397518
8  89.625  828.75428571503789
9  80.333333333333329  980.28982743121571
10  80.700000000000003  1088.7335141035271
2  94.0  239.13733077500964
3  89.0  427.04189505987665
4  85.5  607.23518774932927
5  86.200000000000003  700.51798411258846
6  80.0  881.46608014421383
7  90.428571428571431  692.35564777683987
8  80.75  1021.5809333628875
9  88.777777777777771  915.90263194019076
10  76.099999999999994  1235.1843667697437
2  76.5  431.96142921403089
3  84.333333333333329  549.32048798638357
4  87.0  476.77156487076303
5  85.799999999999997  677.81499348798525
6  93.666666666666671  550.41146526264822
7  92.428571428571431  632.28764338580277
8  87.0  846.38147143595961
9  87.666666666666671  879.77740268591606
10  87.200000000000003  1030.1573803550004
2  86.0  300.32865551270964
3  92.333333333333329  340.78587099557257
4  93.25  422.02547931242179
5  80.599999999999994  648.73391238667341
6  89.666666666666671  684.21484781512197
7  89.714285714285708  761.34978008593578
8  80.25  1018.9514781365737
9  84.333333333333329  995.33234669732565
10  89.099999999999994  886.99984735172961
2  89.5  307.992418689977
3  88.666666666666671  449.79827742513299
4  88.0  491.93786028582213
5  82.0  727.02862049342093
6  90.166666666666671  696.13878871113741
7  89.0  712.63906641860103
8  82.125  979.63840460937411
9  85.777777777777771  962.63582330104691
10  86.400000000000006  967.97194092983636
2  87.0  317.02036971629457
3  91.0  392.38420403539237
4  86.25  605.82079218043555
5  89.599999999999994  572.37947428749806
6  85.666666666666671  755.98333035558403
7  84.0  828.84100760877709
8  91.625  752.16377764623451
9  84.666666666666671  1034.3406174733111
10  81.700000000000003  1069.1885162161798
2  82.5  381.95992576880496
3  84.333333333333329  560.8207408347065
4  93.25  392.54028769553685
5  92.599999999999994  515.95817552498215
6  81.666666666666671  755.11813907210819
7  87.428571428571431  757.6974877010573
8  86.875  880.96872016758743
9  89.888888888888886  828.9598578804173
10  89.0  902.49112923828022
2  88.0  306.47896863703727
3  94.0  334.94462855278397
4  81.5  682.68626910651813
5  84.799999999999997  779.6769016749538
6  91.0  670.7514315838863
7  90.857142857142861  717.92122136988303
8  86.625  816.54500887946836
9  91.555555555555557  843.29303915782361
10  82.200000000000003  1108.42653252591
2  86.0  345.81500004332884
3  90.0  420.38636059506524
4  94.5  398.71805574107702
5  83.400000000000006  703.91717717243796
6  89.833333333333329  649.31875115192565
7  88.571428571428569  729.24708665114167
8  83.75  867.45665713021071
9  92.333333333333329  864.28810121324761
10  88.900000000000006  970.94776579218922
2  86.5  336.02172190980025
3  92.333333333333329  385.28976023633606
4  81.5  680.82754095484609
5  92.799999999999997  554.823137108173
6  84.0  835.68352898515207
7  90.714285714285708  682.45354747208785
8  86.375  834.53341787796342
9  90.555555555555557  828.66674994969549
10  86.0  996.82115321343326
2  94.0  202.73513743554875
3  85.0  566.68064659160609
4  90.0  467.80779048614073
5  88.599999999999994  648.53235935999965
6  82.0  898.47327155247422
7  84.857142857142861  794.17150460886683
8  86.5  918.59362058258989
9  84.333333333333329  1023.3552484960852
10  84.700000000000003  1048.3889810309611
2  87.0  321.35552366068197
3  89.0  410.49810967735732
4  90.75  492.76607282944985
5  85.0  691.03020088333676
6  87.333333333333329  679.26787119557753
7  90.714285714285708  683.14217184326219
8  88.75  778.86490672257889
9  85.888888888888886  1002.9756908896835
10  80.5  997.58273727602386
2  99.5  127.37393982900612
3  90.333333333333329  395.12535493786686
4  86.0  647.76720717562796
5  87.200000000000003  666.10047004210423
6  87.833333333333329  701.16242347527634
7  88.857142857142861  787.95160436693811
8  89.5  809.7428482370068
9  81.888888888888886  1005.0045517723547
10  86.299999999999997  1025.1500035349347
2  96.5  172.6497849927317
3  98.666666666666671  211.31399871967352
4  85.0  602.88571779872734
5  87.400000000000006  643.15050006547801
6  85.0  713.24848371135522
7  90.714285714285708  752.07960029130254
8  90.5  813.16200432635776
9  86.888888888888886  903.02289289366217
10  82.5  986.03565596463716
2  97.5  166.29281365802362
3  93.333333333333329  335.47871552982122
4  91.5  447.5300871410966
5  89.0  602.94731850902269
6  91.0  604.23669002908366
7  86.428571428571431  751.18945884138918
8  90.5  796.97477834808467
9  80.666666666666671  1062.2059699533459
10  90.900000000000006  928.65641448368331
2  97.5  187.44103479174183
3  97.0  259.28375830401143
4  86.75  600.51436418785192
5  91.599999999999994  545.90844797005172
6  89.5  644.00469442307531
7  90.0  752.14489143268474
8  82.875  912.72624102293696
9  83.222222222222229  1052.1307899050787
10  83.700000000000003  1026.219601774706
2  89.0  330.3470307498572
3  83.666666666666671  483.18770511542476
4  79.5  691.54992596064233
5  92.599999999999994  453.9781057264367
6  87.833333333333329  733.9235555196135
7  86.714285714285708  814.40845455859085
8  91.875  787.34969259942545
9  87.333333333333329  947.79624084821103
10  86.599999999999994  1001.1370955066398
2  100.0  122.766946767915
3  88.333333333333329  460.25830911593215
4  92.0  469.46943559825337
5  88.0  628.90442834723547
6  89.0  548.8513430602161
7  87.428571428571431  778.72188607823887
8  82.875  905.62979703247424
9  90.111111111111114  899.76878802068609
10  85.5  1057.5467123880831
2  97.5  155.59395354428062
3  90.333333333333329  377.83292167384843
4  85.25  648.08570481982656
5  86.400000000000006  681.68128014070192
6  93.5  551.63622338915798
7  88.0  785.82181503913375
8  93.875  671.45800506029991
9  91.222222222222229  813.68030161058982
10  83.599999999999994  1146.8453324803804
2  90.5  280.58321976580419
3  91.333333333333329  431.61789845885045
4  87.5  525.52340558988067
5  88.799999999999997  608.76875663255726
6  93.0  571.242620724022
7  84.285714285714292  927.96740430074567
8  83.625  835.49737267661305
9  88.444444444444443  936.94383016013205
10  83.400000000000006  1094.4082928218975
2  90.5  279.74265688220891
3  88.333333333333329  447.67282835384481
4  90.5  508.64049000067575
5  85.400000000000006  726.15098776385173
6  87.166666666666671  724.19743592385214
7  88.428571428571431  743.83129697209404
8  86.25  805.30789076484393
9  89.666666666666671  920.30568276117845
10  86.700000000000003  978.51232969015348
2  93.5  232.74997809308755
3  82.333333333333329  613.71028789588706
4  93.25  429.5692616897544
5  88.799999999999997  556.0658501265076
6  83.166666666666671  806.51712914629513
7  84.285714285714292  856.86257773573584
8  86.5  870.86900187045421
9  88.222222222222229  890.68859175926673
10  89.299999999999997  946.64309097310377
2  80.5  292.50926739298205
3  88.333333333333329  420.51859263112868
4  84.25  600.99293443840452
5  80.400000000000006  738.59680917929131
6  91.833333333333329  593.77670005378184
7  89.571428571428569  698.09879206494861
8  89.75  826.3710068976261
9  82.0  1043.0639488805371
10  83.400000000000006  1024.4386192358133
2  89.0  290.04647572460021
3  86.333333333333329  478.01499533041846
4  95.5  376.7951233209468
5  91.400000000000006  549.91536593503156
6  86.833333333333329  798.72584523062324
7  88.0  775.02473300298766
8  81.5  943.90040345049204
9  83.111111111111114  1022.793280310465
10  92.099999999999994  868.73238686221441
2  87.0  296.9541175884172
3  78.333333333333329  576.0738119377661
4  91.75  454.26200202727722
5  96.400000000000006  477.7649654240488
6  88.166666666666671  709.0967659204498
7  87.857142857142861  718.36949717593347
8  87.125  787.03122934338035
9  83.111111111111114  986.46467892514966
10  86.299999999999997  968.00691491278064
2  86.0  339.53914939827848
3  90.666666666666671  357.52154445880433
4  84.0  629.7998987605896
5  82.0  802.46519261170772
6  90.333333333333329  647.91923601921553
7  81.571428571428569  909.20126700474248
8  89.125  798.25283691350489
9  88.777777777777771  915.89473986878511
10  88.200000000000003  996.93071438291292
2  90.5  267.45771712688833
3  94.666666666666671  293.69663373163115
4  90.5  472.73847835763343
5  86.200000000000003  647.18352070360686
6  82.333333333333329  820.5507174725758
7  88.142857142857139  741.90241884361478
8  85.5  833.68289872178809
9  90.111111111111114  886.93973297829064
10  89.200000000000003  950.81920429786453
2  88.0  293.64283192210428
3  86.0  535.99545095566634
4  88.25  535.83080244063819
5  91.200000000000003  562.46963698370325
6  80.833333333333329  874.32607763965825
7  89.571428571428569  733.71155480895413
8  85.0  872.40321076239502
9  87.333333333333329  946.68442886289029
10  84.799999999999997  1024.9067213446929
2  85.5  328.15579590674997
3  85.0  498.92095180829148
4  85.0  597.42431163684944
5  92.599999999999994  486.72981530444974
6  92.333333333333329  603.94798151730697
7  87.142857142857139  816.66762219759016
8  87.875  761.86382622397878
9  87.111111111111114  976.69432360220628
10  84.599999999999994  1043.0209439714395
2  82.5  342.04094473968576
3  94.333333333333329  310.72534978254453
4  90.0  482.40827977591192
5  84.200000000000003  740.03952550220617
6  89.5  646.28215911812254
7  91.285714285714292  677.84394257375493
8  85.75  884.13890235957899
9  87.222222222222229  996.74126563080642
10  85.099999999999994  1027.9707713982295
2  90.0  285.18583416091803
3  91.666666666666671  395.36191954287716
4  86.0  607.611849792253
5  85.200000000000003  696.5233423263652
6  90.166666666666671  629.98481749820985
7  84.857142857142861  866.65694877150554
8  89.75  766.31730406936481
9  89.111111111111114  821.42137357602689
10  87.0  988.38087125615402
2  90.5  261.31262070843485
3  94.0  309.8928913070967
4  91.0  425.27097399305876
5  91.400000000000006  548.2318843899227
6  93.0  606.54929200947402
7  80.571428571428569  957.12402600154428
8  83.875  844.60723614586618
9  85.777777777777771  949.88389957133973
10  82.200000000000003  1010.0618405645553
2  87.5  322.1931495723698
3  93.0  328.58020406479949
4  82.5  515.68544358263773
5  89.0  628.23829910085942
6  84.0  767.0266118514279
7  86.428571428571431  863.2170831964595
8  84.25  904.87297493372876
9  87.555555555555557  874.18478203068992
10  83.700000000000003  1093.0461780216306
2  90.5  253.29288922719724
3  85.666666666666671  475.55126171399434
4  93.5  398.83033619246385
5  88.0  675.89522232668583
6  91.0  643.21168135196501
7  91.285714285714292  711.6089061974784
8  84.625  930.139536283197
9  86.111111111111114  961.05052650250923
10  86.099999999999994  1023.558696264693
2  84.0  323.74609118290539
3  92.333333333333329  374.07426943431057
4  87.5  578.48617181910276
5  93.0  485.34233989840635
6  88.666666666666671  661.45596314722252
7  91.285714285714292  700.50336496360978
8  87.625  892.68316625262662
9  91.555555555555557  833.38776695700835
10  82.799999999999997  1071.7587649765796
2  86.5  318.90907810535884
3  92.666666666666671  372.34689873674205
4  91.5  459.16063900500797
5  85.200000000000003  651.28916578105816
6  87.166666666666671  682.62779890355944
7  84.0  809.00634425290423
8  89.0  783.48214730397922
9  89.0  911.84723867141622
10  91.599999999999994  857.49717121773551
2  96.5  174.09946386799797
3  82.333333333333329  510.50789427336213
4  95.0  384.11592105917771
5  87.400000000000006  586.49018120490268
6  90.166666666666671  627.29142354921612
7  87.0  776.39227066288413
8  81.125  959.92719384753423
9  83.777777777777771  1037.4772925807679
10  86.200000000000003  974.46419184951992
2  76.0  502.24564313030328
3  77.333333333333329  599.00068581230028
4  91.25  437.3556554354227
5  90.799999999999997  565.46207060322104
6  83.333333333333329  808.75915323418951
7  88.142857142857139  688.30424950313727
8  79.0  975.92829675363021
9  82.555555555555557  998.31524586177602
10  84.200000000000003  1034.2957630269943
2  85.5  308.82272622400075
3  91.666666666666671  360.87210915146318
4  87.75  570.95417708407456
5  90.799999999999997  536.62038093035505
6  88.5  604.9407021049708
7  90.714285714285708  729.4255776879445
8  84.125  856.16956236969634
9  81.111111111111114  1001.9267488157279
10  85.099999999999994  1003.4952535254166
2  81.5  439.87997011400984
3  85.0  474.57706921610702
4  88.75  543.21825138096403
5  94.799999999999997  513.58240519232015
6  85.833333333333329  701.09789394048892
7  86.428571428571431  804.22431002494773
8  86.375  877.84864536923658
9  86.111111111111114  912.72486933785785
10  78.799999999999997  1128.1072777799554
2  99.0  145.36903169291298
3  90.333333333333329  368.09494551875224
4  88.75  544.62857343966164
5  87.200000000000003  664.85874355587487
6  85.166666666666671  763.92111332256252
7  89.571428571428569  735.64736762223083
8  87.5  818.94764917025668
9  88.666666666666671  924.3438414887072
10  90.0  983.24950481022506
2  85.0  359.15116923441235
3  90.666666666666671  384.72323386141824
4  87.5  577.7676994092692
5  94.799999999999997  437.476053401071
6  83.166666666666671  790.92343765029023
7  84.0  836.84139129846494
8  83.5  939.63067053567443
9  85.111111111111114  978.98593324118519
10  86.599999999999994  983.29575577283128
2  88.5  271.72657365321987
3  88.333333333333329  479.32892191273726
4  86.5  604.0219180617122
5  84.400000000000006  766.73777974205768
6  91.833333333333329  643.86346850125472
7  88.0  706.93769066801531
8  88.375  834.44559624679084
9  86.333333333333329  983.4745804195835
10  86.400000000000006  1026.6867071765153
2  90.5  259.91736863224583
3  89.333333333333329  410.02953492897899
4  84.25  578.48550023816642
5  95.0  454.59585744994894
6  88.333333333333329  708.67465465161513
7  91.285714285714292  701.23019356150576
8  91.125  780.22402635280184
9  85.444444444444443  993.13074064314014
10  79.599999999999994  1067.7793032339803
2  92.5  231.90721285543705
3  92.333333333333329  320.19021161693956
4  90.75  471.39536380230351
5  92.200000000000003  518.20985515156588
6  91.666666666666671  584.5431067320543
7  85.857142857142861  820.83528651701113
8  86.75  819.14088797915304
9  84.444444444444443  982.61483494091419
10  86.0  902.79572968395064
2  86.5  312.81728197374076
3  90.333333333333329  406.02008249092557
4  90.25  476.52710921627124
5  93.400000000000006  521.61928938608548
6  87.333333333333329  634.89097587264098
7  83.571428571428569  832.0216717789325
8  86.0  885.3440374134168
9  85.666666666666671  992.39414394617688
10  88.299999999999997  887.4566486014694
2  87.5  320.04505132337459
3  85.333333333333329  458.81899306710022
4  94.75  422.75947969183727
5  93.599999999999994  515.69755773944394
6  86.666666666666671  759.59767959366593
7  87.857142857142861  744.98057330257961
8  90.0  779.70739209402723
9  87.111111111111114  980.17812678824498
10  84.200000000000003  1049.0485156635671
2  85.5  295.4417951425213
3  89.333333333333329  423.4805749316065
4  89.75  429.16489953209174
5  82.200000000000003  677.92249024867385
6  83.833333333333329  774.82134230160671
7  87.571428571428569  768.12145178049445
8  89.125  821.12238347378525
9  80.111111111111114  1082.2326577996107
10  89.5  1005.4563347860466
2  85.5  321.34864907306257
3  93.333333333333329  307.53347621648322
4  94.25  411.7753807558484
5  91.599999999999994  559.1118111321058
6  91.833333333333329  609.02912423673843
7  85.0  761.19119794858182
8  90.875  753.75279802564501
9  90.777777777777771  797.79674725448774
10  89.700000000000003  980.46012387092924
2  89.5  276.43209693637641
3  87.0  467.93806856837506
4  91.5  470.08077986219246
5  87.400000000000006  533.83528271788396
6  89.833333333333329  675.36415644938995
7  91.857142857142861  687.38415491144042
8  87.125  884.06162040003142
9  88.444444444444443  871.66438069267645
10  81.299999999999997  1069.8336427978195
2  85.0  322.5506592447523
3  88.666666666666671  429.44522144469965
4  89.25  498.30676914145175
5  91.799999999999997  545.10675834242204
6  82.333333333333329  803.31247157034659
7  88.857142857142861  731.73384112521614
8  90.0  808.09198267001057
9  79.888888888888886  941.01894374190772
10  81.799999999999997  1070.1471231672294
2  90.5  275.2037341686738
3  92.0  372.61237846177414
4  93.5  375.71181293357381
5  90.799999999999997  590.29577352169349
6  84.333333333333329  823.83092049150719
7  79.571428571428569  930.06344244958575
8  89.75  759.56988670323562
9  85.777777777777771  920.61492697516167
10  85.799999999999997  986.00947715052666
2  92.0  218.48646941494886
3  87.333333333333329  463.47845161917525
4  91.0  485.03846273023362
5  88.599999999999994  610.98719415852293
6  91.5  618.63574906695465
7  75.571428571428569  1053.0676076136324
8  82.125  997.65629240130613
9  80.444444444444443  1004.1265333486308
10  90.799999999999997  922.53930781787403
2  87.5  269.17505335746063
3  94.0  346.59387374836541
4  84.75  660.9379836627063
5  91.0  556.6952391682803
6  88.166666666666671  773.9718683773018
7  87.142857142857139  767.49533928918777
8  86.0  831.04417506447419
9  87.888888888888886  944.66976780368236
10  84.200000000000003  977.34465478650793
2  85.5  328.26964240955465
3  96.666666666666671  268.20501763081774
4  89.75  499.42335303780442
5  84.400000000000006  721.00817876749727
6  85.666666666666671  740.99605621439218
7  83.857142857142861  893.96263001625175
8  90.75  752.68060046570247
9  86.333333333333329  950.42200002644302
10  87.5  940.61435826230695
2  96.5  172.80520953813286
3  76.666666666666671  676.5813695448561
4  86.75  609.09056838565334
5  86.599999999999994  659.4578822302152
6  86.833333333333329  737.12267474037606
7  86.0  751.8758702001702
8  86.625  867.67382059953957
9  87.555555555555557  970.90112272883277
10  80.299999999999997  1083.7175440337808
2  86.5  338.20686893151634
3  88.333333333333329  394.14269718497445
4  86.75  548.01881440211582
5  85.599999999999994  701.2274739883195
6  84.5  734.44259860886848
7  90.857142857142861  764.79444687956607
8  85.25  889.54562964535546
9  86.444444444444443  893.4413142991616
10  81.900000000000006  1012.3850570211691
2  100.0  122.12659571934898
3  89.0  432.46600409969381
4  85.5  594.53887589239355
5  87.599999999999994  668.6728699420662
6  88.833333333333329  694.7775282364405
7  88.714285714285708  770.09541814312297
8  87.25  832.89070149613292
9  87.666666666666671  850.85088451638069
10  84.200000000000003  1087.2993272529893
2  81.0  413.99060240582065
3  86.666666666666671  493.26712097161203
4  91.0  485.87107256082004
5  86.599999999999994  665.61541550818777
6  82.666666666666671  859.92807383717525
7  88.714285714285708  825.01623828256186
8  89.25  821.66873341912981
9  87.666666666666671  865.83883022559939
10  86.299999999999997  1008.543072086671
2  100.0  138.92061277743377
3  96.333333333333329  283.76902489094806
4  92.75  469.48244569672818
5  83.400000000000006  690.81757210802243
6  91.0  613.583259913132
7  88.571428571428569  772.380812090988
8  88.5  837.051055224935
9  84.111111111111114  941.35924418971683
10  85.700000000000003  987.26361095570849
2  80.5  421.78251959803765
3  91.0  387.29543492010441
4  88.25  530.04758048729946
5  89.400000000000006  614.72279200930325
6  91.0  609.6206278687888
7  88.857142857142861  775.41557774005378
8  88.125  766.73191016001272
9  83.222222222222229  926.01560541156869
10  82.799999999999997  1012.0675610692778
2  81.0  397.12056058127422
3  86.333333333333329  460.20334397590136
4  91.5  435.64422963997106
5  88.0  581.46187775427836
6  87.333333333333329  697.3629658850864
7  86.285714285714292  783.2342203371727
8  89.375  831.24529805949612
9  88.444444444444443  856.19760435635681
10  91.799999999999997  913.82049277853878
2  94.5  200.90934749417812
3  91.333333333333329  375.18395306360765
4  96.25  370.97094950977032
5  88.200000000000003  612.46178629238477
6  86.666666666666671  729.00158142038435
7  90.142857142857139  763.81960642598472
8  86.0  852.47990999488877
9  82.555555555555557  944.50727930984976
10  88.799999999999997  1003.6388916483855
2  87.0  314.28285203641326
3  92.0  384.40179354715741
4  86.0  625.63860857093869
5  89.599999999999994  583.59284850103529
6  92.166666666666671  595.12852807023341
7  87.0  742.01915645919621
8  87.5  891.03348239383502
9  82.666666666666671  997.64897495845742
10  80.299999999999997  1002.5312668017764
2  86.5  306.40446394539526
3  91.333333333333329  353.76514716231554
4  92.25  432.62194806541032
5  88.599999999999994  599.35214884526147
6  92.0  648.66938167217938
7  88.0  793.71072526212458
8  89.25  854.02305201800368
9  76.888888888888886  1052.8517822801919
10  84.900000000000006  1051.7681005139243
2  82.5  330.54384486780503
3  83.333333333333329  594.02655710562021
4  84.25  544.95740701157843
5  83.799999999999997  651.73817181974789
6  87.0  736.88290562353257
7  77.714285714285708  911.38436096718021
8  86.625  828.80271344282676
9  78.0  1070.9078103792533
10  83.400000000000006  1100.3086642935905
2  84.5  323.41153829887674
3  91.333333333333329  328.67747777877986
4  84.5  643.40022571454426
5  86.799999999999997  623.11597994418207
6  94.166666666666671  535.38660643508183
7  87.0  751.88142393033286
8  88.625  772.54798498312175
9  87.222222222222229  920.30857084705201
10  84.900000000000006  973.04263493515532
2  90.0  247.76718227464241
3  92.333333333333329  368.16238913950184
4  95.25  354.50817506944526
5  91.599999999999994  571.98914465074529
6  87.666666666666671  678.56206128550036
7  87.428571428571431  765.43397256490675
8  86.0  914.16177642672369
9  88.888888888888886  915.73581892067693
10  89.299999999999997  966.4315151580098
2  80.0  460.57844980829395
3  81.666666666666671  623.20957462254114
4  90.25  464.29075847438833
5  82.599999999999994  668.81801371603819
6  86.0  728.99674109249258
7  84.857142857142861  817.9825683774144
8  88.125  809.24564141343149
9  88.888888888888886  915.06791594791491
10  86.099999999999994  965.99645125133668
2  82.0  386.00535651808804
3  90.666666666666671  369.10497094723485
4  95.5  360.19463923845518
5  87.0  557.81201915791485
6  91.333333333333329  591.21238496190006
7  88.571428571428569  660.74005645003945
8  95.625  676.5289274210694
9  78.111111111111114  1017.5269482185098
10  90.200000000000003  929.7799088598274
2  91.0  250.59277479433388
3  86.0  411.10516855668186
4  89.5  527.91935071304817
5  87.400000000000006  639.85397910711049
6  94.833333333333329  578.78443341231764
7  86.0  855.09591648082437
8  85.75  880.95101690210754
9  89.666666666666671  880.64009565117385
10  86.0  1072.9582861167212
2  92.5  237.29201297453679
3  95.666666666666671  296.36563870334368
4  88.25  580.11100748583783
5  85.599999999999994  656.11707043532112
6  88.666666666666671  697.40812294157104
7  89.142857142857139  707.66761287776228
8  89.875  750.16616157437682
9  88.888888888888886  907.02683563541939
10  86.200000000000003  977.56630470013158
2  77.0  491.86825132336759
3  88.0  447.77506929547923
4  89.75  523.15083068567776
5  88.599999999999994  623.98583536741648
6  86.333333333333329  759.49537567801349
7  89.571428571428569  746.37603807851769
8  88.0  815.29659773761011
9  86.111111111111114  983.7054548796682
10  87.5  990.80747040440849
2  93.0  199.16094391901578
3  93.666666666666671  324.64190637103587
4  90.75  475.61127336665771
5  89.599999999999994  585.39126820431431
6  87.666666666666671  673.66124804852825
7  88.285714285714292  701.94581600038873
8  84.625  896.89419860243288
9  85.444444444444443  920.39281320543739
10  79.700000000000003  1034.2684292755603
2  92.0  237.64042608813347
3  89.666666666666671  428.44264652478063
4  87.0  559.64580930189265
5  82.799999999999997  676.74549197698116
6  91.0  583.04536289871464
7  89.857142857142861  698.54956291807844
8  82.875  901.1485931139332
9  84.777777777777771  943.19728357900613
10  82.799999999999997  1038.1360183151764
2  84.0  366.70784671594197
3  92.333333333333329  367.25156589426911
4  83.0  663.760812392768
5  90.400000000000006  582.73535649696805
6  85.666666666666671  809.44651362484979
7  85.0  793.89976890292996
8  84.25  925.40203920415411
9  87.777777777777771  881.50567748098717
10  91.299999999999997  904.09509429837738
2  92.5  251.5679364613126
3  86.666666666666671  505.49695677349183
4  90.0  442.74341528678269
5  90.599999999999994  565.28700362871791
6  88.5  711.79667419445468
7  91.0  699.47495071370543
8  89.0  771.40171003113426
9  80.777777777777771  1028.1293845846023
10  89.0  962.32018358862751
2  85.5  348.79781062372325
3  92.0  370.8684111234893
4  94.5  377.90999638353321
5  92.599999999999994  483.62031684720841
6  86.666666666666671  702.36658939056906
7  89.714285714285708  738.82780944957619
8  85.75  832.53249021904469
9  89.444444444444443  884.96976220695853
10  92.700000000000003  911.77196780290751
2  88.5  290.44809750443835
3  91.0  391.87253593092095
4  88.0  502.45995394725048
5  94.799999999999997  452.13540565513102
6  88.166666666666671  674.12277252874378
7  91.142857142857139  662.75165203539188
8  91.125  731.67031842136737
9  85.0  1013.6269248773247
10  82.700000000000003  1067.4976351468674
2  94.0  213.13488582053495
3  94.666666666666671  279.82725085171251
4  85.5  614.79915211087564
5  85.200000000000003  741.86994070670391
6  92.0  655.36674050647684
7  91.285714285714292  654.92934315822015
8  77.75  1083.5878875464609
9  91.333333333333329  800.26725722692481
10  86.900000000000006  1025.9102832769756
2  77.0  461.24373206785759
3  91.0  406.68734957258692
4  84.75  589.58910963808057
5  85.599999999999994  668.41696372257456
6  92.0  647.15382022269591
7  83.428571428571431  784.20568659879575
8  85.375  895.20526663462567
9  83.111111111111114  1007.023985947371
10  88.0  1013.9259691967584
2  92.5  245.46695781765195
3  92.666666666666671  375.32096476606102
4  83.0  654.98758021364597
5  89.599999999999994  595.80284741840535
6  89.0  638.63021913062403
7  90.857142857142861  712.94108258033566
8  93.5  709.25394358609003
9  85.555555555555557  990.97832013690311
10  82.799999999999997  1094.5054648114694
2  96.0  187.4739973958466
3  87.333333333333329  451.06349237062761
4  85.5  545.34059233348216
5  89.200000000000003  594.47335845676935
6  86.333333333333329  641.59496868465351
7  95.857142857142861  599.22525126151186
8  86.5  750.74563721217805
9  88.666666666666671  905.03536235325282
10  86.0  998.13095067044276
2  84.0  330.77006332642219
3  97.0  219.13550587824957
4  91.25  498.70911429565308
5  82.200000000000003  670.16177525439923
6  86.333333333333329  734.60268038168442
7  87.285714285714292  808.87643490445794
8  90.75  777.18417869320922
9  90.888888888888886  803.42093941158669
10  86.900000000000006  1011.3118809969983
2  93.0  218.84914590775102
3  98.0  229.53830828798223
4  87.0  555.08970683716541
5  79.200000000000003  767.10252602050798
6  86.0  740.94637925862003
7  85.142857142857139  852.90606814071168
8  88.625  798.26774164235826
9  89.777777777777771  857.6699524044916
10  83.799999999999997  1059.8090542947007
2  70.5  567.22795713633263
3  89.0  441.70648427137604
4  92.75  357.07563109961563
5  88.0  566.85551160330397
6  93.333333333333329  594.25796058580579
7  90.428571428571431  675.56876770856263
8  87.0  926.11877139175931
9  87.444444444444443  859.4189183702415
10  80.200000000000003  1134.8689262528676
2  91.0  235.73691559133169
3  92.0  336.1844883079342
4  93.5  427.46322066826076
5  91.400000000000006  532.13611995964129
6  89.166666666666671  699.81003894874345
7  86.714285714285708  781.69919743758828
8  86.875  873.32796975230792
9  87.888888888888886  886.04869934859812
10  86.0  998.30310513282279
2  89.5  300.01401852995735
3  81.333333333333329  530.49894474874668
4  86.25  668.6740242328583
5  83.599999999999994  702.30610270409534
6  87.333333333333329  756.63552761164465
7  85.0  884.16528878523116
8  92.125  734.21656037274681
9  91.666666666666671  823.21128087600061
10  85.200000000000003  1029.3807972980703
2  96.0  162.37772233824191
3  92.666666666666671  334.6336885516352
4  85.5  572.49722186379904
5  89.0  537.91631059008967
6  87.5  641.68085828263361
7  85.714285714285708  871.05321369648846
8  87.625  862.07454770334198
9  82.222222222222229  1012.3979476696142
10  85.599999999999994  1005.9943103936129
2  94.5  168.60763762273726
3  88.333333333333329  426.6784191327414
4  91.0  501.55113536393674
5  86.799999999999997  700.15025654049452
6  93.833333333333329  593.27142030390962
7  90.571428571428569  706.3796162846528
8  82.0  891.59650220350488
9  86.666666666666671  915.57186978168261
10  83.200000000000003  1072.3636474714892
2  85.5  363.34085653545753
3  82.666666666666671  491.35654016406738
4  85.0  598.31099734792076
5  86.599999999999994  658.57689318554867
6  82.666666666666671  770.33666036007889
7  81.0  981.15818852525706
8  88.375  775.11749877744944
9  90.111111111111114  894.24616691285632
10  85.599999999999994  1047.3135903893701
2  92.0  273.32786210342243
3  91.0  400.72048528979872
4  87.25  561.30859241387122
5  87.400000000000006  617.36784410211214
6  82.5  752.47684862080507
7  83.571428571428569  913.89922626199984
8  82.625  866.72699649451272
9  88.444444444444443  874.70635026943307
10  79.5  1019.4748447141792
2  89.0  294.03276990365669
3  94.0  306.05500638491969
4  87.5  464.69723612404215
5  89.400000000000006  589.56058890125848
6  91.0  637.45774421147144
7  93.142857142857139  676.2980289168529
8  87.0  883.90083118671885
9  82.777777777777771  1038.7509528655933
10  84.200000000000003  1063.109895143627
2  93.0  233.16359784563653
3  91.0  337.53365963127516
4  89.25  514.9105147134137
5  86.599999999999994  662.56162274158442
6  85.666666666666671  764.95080003353735
7  93.428571428571431  697.95534035335709
8  84.625  898.65032245147086
9  89.555555555555557  863.59978738154553
10  81.0  1020.620175949736
