2  29  95.311788580334664
4  10  122.99999999999997
6  89  45.169942201942689
8  75  74.037087008303814
10  44  116.17453581249592
12  64  102.67403202643293
14  83  119.56121606184834
16  78  168.73319020035319
18  99  59.372596883861277
20  84  124.03713345059025
2  0  0.0
4  58  77.753959924078188
6  13  105.32849769598053
8  83  73.388649466249817
10  69  69.396660555438118
12  55  174.6770779385522
14  86  104.60124491893082
16  92  77.648036204366051
18  55  141.67393870676642
20  56  165.58951378192094
2  18  48.561011334584258
4  26  62.307953227582395
6  36  100.72759722973842
8  86  78.318996712369298
10  82  94.334124273766633
12  55  119.98999166339365
14  50  205.09226055885784
16  87  104.48547099393713
18  58  225.87871552774268
20  80  62.848164477696045
2  0  33.000000000000021
4  44  123.21483763395895
6  23  68.335378271099472
8  44  122.41001459696366
10  63  174.05953439776124
12  77  122.39123621998736
14  60  173.062191928727
16  71  131.70747351308518
18  79  130.67780277990323
20  74  149.87777236276526
2  46  79.253035285585838
4  47  100.52948604921103
6  62  80.885437505793277
8  38  147.61616919897097
10  81  82.378313613736495
12  82  121.50252246066752
14  88  101.38086054825663
16  64  185.58836451656774
18  85  118.00170239333589
20  94  85.00033871328894
2  7  25.000000000000021
4  20  56.900649978356292
6  36  128.19580128484245
8  36  157.91309242652284
10  35  180.9374135125417
12  76  124.64706540124357
14  49  217.93855856586913
16  79  103.78959782731795
18  50  253.25058350721625
20  73  144.47159044637414
2  23  16.127820628328696
4  88  80.919793036805743
6  57  109.3591003507992
8  100  60.93045843269357
10  93  81.580523056546994
12  63  142.46682133112381
14  48  198.21466956290362
16  83  114.61061974547293
18  49  157.11106332956109
20  80  128.13458325499585
2  15  56.999799538730898
4  25  138.17862518583507
6  61  79.143934891778315
8  54  113.61126284361283
10  45  161.14901967925729
12  94  72.942672251285018
14  55  135.9319951420245
16  76  146.66586391988767
18  87  104.74297468407097
20  99  56.670811238694696
2  9  18.287055816022466
4  16  157.31978164900605
6  60  127.44551271887504
8  23  134.86460075428639
10  65  153.80187832828645
12  72  132.98124177357508
14  91  79.14355073923403
16  57  204.13850891914018
18  73  146.61283253278694
20  99  35.342349099599922
2  0  0.0
4  12  78.662790922045758
6  57  121.17249184748961
8  70  122.23209891656943
10  52  167.57823129200736
12  70  136.60694814766754
14  81  127.18168220953902
16  65  122.86936687537592
18  96  84.576088373253995
20  93  92.827170793931188
2  0  29.999999999999993
4  0  143.00000000000003
6  31  151.81256893483007
8  34  142.66815623762798
10  67  121.55961258471939
12  66  168.16972039155314
14  85  79.922346777006453
16  85  104.70079099312578
18  96  73.520635638700895
20  91  93.741424197549975
2  40  57.89818147151891
4  37  128.81854279505319
6  98  96.542949092953734
8  8  116.35942856289249
10  82  72.116083328625081
12  33  185.90339391817866
14  73  121.0525893792334
16  89  106.29330840683539
18  80  132.74091497597342
20  84  84.724214319678197
2  25  38.315373219791262
4  15  36.438898741461038
6  62  58.775683454925392
8  76  92.803817430479171
10  52  187.93766319360873
12  66  128.3458829302626
14  84  111.29037938103089
16  74  148.34072974913533
18  82  107.85751971540594
20  90  91.495125853342827
2  37  54.947658809661206
4  12  68.984221824943461
6  68  82.551132092818861
8  45  142.45231078140739
10  87  87.60710523969918
12  99  72.304804992222088
14  72  148.65874597408413
16  67  180.04449553668837
18  84  117.81356337663929
20  61  192.6826557034189
2  4  56.999999999999979
4  17  128.59697693155027
6  77  112.6979630676297
8  53  65.734768921753641
10  54  72.689032475980284
12  89  92.594235825798677
14  40  61.473554132719656
16  65  153.98411898992515
18  99  57.56813156460511
20  58  168.82264601426002
2  20  67.411263486677086
4  100  66.253102218619802
6  53  124.78224465422053
8  77  87.565980619657623
10  81  134.81199259553085
12  70  156.1209300848665
14  65  151.6333378293923
16  59  174.65622098852938
18  94  81.46304281566222
20  59  111.58480811291939
2  12  35.317469124004404
4  36  48.718923696568751
6  28  60.46055540066601
8  82  72.737179579355043
10  64  119.98063727807336
12  66  179.18192972452633
14  66  164.83654036175412
16  77  126.66154962218134
18  83  72.792141971797548
20  72  135.82532824886073
2  5  40.127802334430861
4  0  35.000000000000028
6  57  65.090994018401446
8  37  98.767543197590257
10  76  149.51029516178315
12  79  119.81102565314514
14  67  153.46828942057925
16  83  102.0130564651064
18  76  162.95890795094809
20  85  136.4953545306881
2  25  121.87928109563614
4  53  51.666204148955991
6  31  132.4532647798471
8  44  80.84862277923078
10  68  80.099596148054758
12  79  82.072943087847563
14  66  179.6417894839914
16  92  102.31456513550238
18  87  115.86807986920643
20  66  179.1333347473367
2  41  73.314664864765234
4  24  54.686140582430298
6  66  104.65459766607113
8  74  74.464423726875395
10  58  165.78851205107327
12  91  75.313446754043227
14  60  202.06542847241954
16  71  138.9137573460435
18  79  129.87593732162276
20  79  119.43293149976398
2  26  71.094961317930441
4  19  29.486927472898486
6  36  65.051644411019211
8  84  73.352722800753824
10  67  155.14293519416111
12  66  113.61569081669133
14  73  142.73085782016872
16  75  130.77543355151658
18  61  204.155313263474
20  71  117.39807060729397
2  0  29.000000000000004
4  64  99.774475131221834
6  5  91.219654045199178
8  75  110.56885787141802
10  70  87.343448614892921
12  93  75.556610074994865
14  57  143.91617388191781
16  94  75.858330223924341
18  94  71.122849037052376
20  85  106.21565860752719
2  17  23.819034572263988
4  0  51.999999999999986
6  27  89.24295740964341
8  82  99.21145438751843
10  82  89.831142434788376
12  58  149.09981051200069
14  95  54.852542376378246
16  95  65.566937509569485
18  74  145.23696607499608
20  81  119.1076673166237
2  6  31.768768829507113
4  20  53.417326944396038
6  74  94.454657755267306
8  68  113.20201396771685
10  56  137.765396622971
12  70  123.81995968422235
14  79  115.49900750157127
16  46  113.36057158455124
18  92  93.402759127497546
20  68  163.59254873375681
2  8  35.763272451225639
4  78  86.705553469047786
6  14  74.758226998284272
8  64  122.65701994465671
10  84  80.275985069086659
12  64  108.87657482815617
14  60  146.37321153703226
16  76  140.17170562290971
18  70  159.87411742031614
20  63  204.71451668289163
2  34  45.283164264216893
4  48  80.84318549005566
6  64  71.977349063644184
8  71  54.118051311362258
10  64  111.34960297168213
12  60  170.09755198714856
14  75  154.23175254557992
16  88  100.38928215175206
18  90  92.343975229283643
20  96  88.744358436161136
2  0  38.0
4  63  56.466844705974658
6  48  78.871591638319373
8  35  113.27947906224838
10  71  109.20976418114222
12  97  72.448594395283379
14  97  95.686073347275553
16  51  184.21786062162508
18  94  87.905436147903359
20  79  117.87369791452628
2  0  0.0
4  64  50.574061590253848
6  52  90.173624255500741
8  47  85.362065615556006
10  62  139.59795240380279
12  38  177.27622768111723
14  64  163.91813334033262
16  98  79.87927455779041
18  98  60.372321341910293
20  95  73.182515435313874
2  26  51.0
4  46  90.34899486879857
6  63  87.444746651578967
8  76  92.213903040805775
10  93  61.657935405765613
12  69  139.31574608006358
14  90  80.377956798713925
16  54  182.56612085015388
18  83  103.66359847977482
20  75  141.50288914236711
2  0  13.0
4  19  70.730454332560001
6  89  64.51623040022875
8  59  63.261701075710718
10  34  201.33010793428531
12  88  105.92706749362156
14  77  128.42771067712928
16  56  111.84016716096509
18  79  129.19104292815169
20  78  142.15284581166688
2  0  3.9999999999999867
4  50  91.060113875547415
6  84  73.177923453720908
8  40  95.57884591680255
10  72  101.83911884278142
12  46  124.99728240971749
14  46  160.73362321834367
16  75  135.51983487207286
18  69  115.3553760076862
20  84  115.59218475094801
2  39  45.121889883366187
4  9  41.42925161236888
6  53  117.26013157743667
8  53  163.4179235582352
10  78  68.513088777363848
12  94  106.41685904802456
14  79  116.0203913624558
16  60  128.92836532566491
18  62  202.15476107007802
20  58  215.30189433135942
2  0  0.0
4  84  80.173329372340135
6  33  106.30760386224573
8  50  104.84771106502399
10  85  96.616015791559661
12  38  217.24261423414711
14  82  104.89788786481148
16  87  86.544991346970207
18  84  132.02187306897056
20  79  62.909584909094612
2  84  38.747093535468032
4  8  16.516822803825143
6  38  80.208993335790851
8  47  129.05384730405518
10  60  123.26201158927879
12  34  259.22866372105858
14  81  118.52744013353379
16  89  86.712845520700625
18  62  201.32803113272104
20  94  72.986029985609505
2  15  33.718256158109327
4  70  76.886623458411094
6  41  117.75856790973265
8  53  149.98773724186719
10  82  52.021337007051471
12  65  133.85334439245281
14  61  177.24713098372249
16  74  165.80335383936387
18  74  142.04953439118523
20  85  107.37042958972319
2  0  35.0
4  44  128.23417337185765
6  78  81.908429556119202
8  72  72.903032036723843
10  58  113.77591380794442
12  33  204.78057150269555
14  41  164.72329974268644
16  72  155.13176142502434
18  79  146.33316816243513
20  60  193.32785444126395
2  0  10.999999999999995
4  32  53.725027907334571
6  48  62.606933446262005
8  46  155.51230908696579
10  96  65.615646984733488
12  58  201.59264452535658
14  62  157.81784208171439
16  81  116.12019023217726
18  95  69.826271989652071
20  70  150.20189387791481
2  21  17.119619968096991
4  52  90.814189152117052
6  36  55.108740868576426
8  45  138.61407401278495
10  79  75.648110392541966
12  62  157.86702767548604
14  39  135.32999288159979
16  60  175.98510411713153
18  90  92.640591232802421
20  66  183.55930646685329
2  37  61.421438505889014
4  18  107.81359317437176
6  66  57.052312146217687
8  32  143.21992352519081
10  65  127.80473722855604
12  86  83.414311036243461
14  88  123.52106793120073
16  79  78.682540249685076
18  89  75.926343706138283
20  73  133.81688866310833
2  0  14.000000000000009
4  12  99.885824594339581
6  44  116.47412097064597
8  77  100.42192865606479
10  47  131.23564315355873
12  72  92.672686962438647
14  83  100.38246691588363
16  85  120.77703229239103
18  70  160.9926318369871
20  75  142.33971776941587
2  0  0.0
4  72  73.569620507935227
6  37  102.15393281863236
8  47  145.55775285098343
10  51  227.93169605240286
12  67  104.40166874057682
14  93  74.972509292746395
16  74  152.85548820689269
18  77  135.32417879897304
20  61  186.13935456649608
2  16  53.357877036841288
4  59  50.233184058038105
6  77  76.537884997425465
8  45  188.6725623233458
10  53  197.63397039636581
12  65  172.94321416768079
14  71  155.58182120376156
16  72  99.559949330447424
18  100  51.056383069946776
20  76  135.28550262785674
2  17  121.65043257830175
4  47  83.453586266485274
6  53  79.005198244927485
8  67  114.10011736512475
10  68  149.96062478311586
12  44  147.04845788264652
14  79  91.386159524154081
16  80  105.21045023966461
18  51  177.65703650992731
20  79  125.16060757673256
2  0  59.000000000000007
4  49  44.732768009630867
6  57  151.50535001072328
8  34  115.15897613918717
10  57  149.01681207734904
12  90  72.581745566429234
14  78  119.00341317332168
16  85  65.155153932246805
18  70  113.73199418709021
20  81  115.4489804171963
2  24  68.600706721450891
4  36  65.249143542051257
6  62  52.994855135360673
8  70  115.07111432014909
10  74  91.045993808951437
12  90  91.89471955138869
14  80  73.002963903283074
16  74  130.40784176947693
18  69  155.56675068017569
20  87  101.22840247001237
2  16  31.597533126979183
4  0  32.000000000000014
6  64  71.963028687886165
8  68  97.830529391877022
10  89  68.943544442410456
12  50  130.04313234834305
14  70  146.01189872156633
16  75  87.820172423074666
18  69  130.01602781218577
20  87  116.69630968320358
2  18  27.826585946477099
4  42  71.6398763184026
6  34  99.218869583108514
8  66  86.565366471458091
10  56  143.36303876809046
12  62  174.45420702911812
14  62  139.98078181622446
16  88  83.1545481785585
18  70  142.92067751084227
20  89  97.928372583919568
2  27  75.873743150063788
4  50  91.532209791700538
6  37  94.71913369756868
8  57  67.186726861398725
10  52  126.96915639355021
12  68  121.60955518144769
14  87  113.5155475957845
16  68  117.61449096994055
18  62  190.15309708354812
20  67  120.51999955629799
2  0  0.0
4  94  64.701229782493314
6  36  141.10020752725777
8  83  116.64741765405385
10  56  146.15741590421922
12  84  108.98583764138614
14  63  96.026613867537009
16  98  49.227293433334381
18  48  198.16706887695605
20  87  97.772547397020617
2  0  2.9999999999999987
4  70  94.893958939674164
6  56  151.41822620137759
8  75  99.027147668814862
10  40  170.27345877480579
12  69  154.13691685079925
14  62  107.96531234468814
16  75  137.93299677161428
18  64  127.47257759661322
20  79  117.88170741089279
2  45  34.259310820989811
4  56  110.79930361427493
6  70  89.849293916718267
8  32  110.79753140420129
10  72  104.37305761176697
12  59  181.54014139365037
14  50  230.22971576480413
16  79  172.00958893297087
18  70  125.78088105087664
20  72  113.93400457514137
2  66  68.778639327686349
4  15  111.74564001999164
6  30  36.404090138747691
8  82  82.0521495775549
10  53  133.39431303501436
12  83  116.34375380785899
14  85  124.97860540571673
16  71  154.77763084497656
18  64  149.99540462672056
20  88  99.6399929332581
2  11  23.04198342299123
4  83  59.455860836862591
6  41  109.11387620338353
8  79  102.42604470713557
10  86  101.76751608842862
12  48  191.7351644642151
14  58  136.31029638218214
16  72  169.83476759158756
18  58  210.93986682218028
20  94  108.80252405566979
2  9  57.628230263693489
4  48  87.41874839264888
6  44  99.247518214124113
8  70  67.805012724560711
10  79  99.412547856917456
12  61  175.23639031812078
14  57  191.06721959486222
16  89  102.48464121994714
18  85  112.19230240732507
20  82  74.237378928300004
2  50  70.149677334152884
4  8  92.999999999999986
6  59  125.4139814827727
8  77  116.23327183294241
10  91  78.470199920057283
12  89  82.674950966591396
14  45  210.32558242777731
16  100  65.211627179119816
18  83  113.67582739336436
20  83  137.69241312020412
2  59  61.782796570477537
4  14  74.892200685729534
6  36  105.65374753053771
8  37  108.70896675299505
10  74  94.453864145164999
12  62  120.71940931059889
14  58  140.12532169754445
16  37  187.08451646384282
18  93  76.098250630477736
20  87  102.178615843084
2  33  42.204034633048337
4  65  113.32737247275654
6  43  72.42403585703299
8  66  98.50249018031343
10  43  210.10107628621247
12  42  113.77115737249393
14  88  96.680822414587681
16  94  74.081964263653845
18  60  173.01353283962598
20  70  148.35781580503055
2  34  90.164800717879885
4  41  118.28054848431617
6  43  126.19484939799395
8  38  54.131626408360148
10  82  107.42860367877016
12  66  179.00898477550876
14  76  108.72817885820238
16  45  209.42694052578369
18  85  101.01568576833417
20  97  70.804356184358127
2  11  73.785929516037115
4  52  83.47408846436241
6  30  140.57141918322975
8  58  133.92992404526444
10  74  101.22188123037634
12  52  134.71746762907551
14  88  90.868370854333151
16  90  74.96900375678905
18  100  48.651631673910209
20  92  94.181432391967434
2  27  18.789902617631423
4  69  84.050082785767231
6  70  78.506860475764711
8  38  133.44692282775446
10  43  99.223637881475412
12  88  99.699048155067814
14  63  149.01621339717744
16  46  223.48069152355345
18  99  69.272023562860085
20  81  124.93359755690109
2  27  57.643921442764771
4  40  88.40651582833587
6  45  152.88558712787355
8  68  88.514069419946168
10  44  143.80480280133338
12  69  67.985729597687708
14  63  154.03652705865716
16  56  188.64921629579953
18  91  80.029197149450937
20  95  81.457012247994513
2  61  42.873522040978713
4  16  29.381626063530334
6  48  134.63101635219951
8  55  162.67209373932099
10  89  86.199064076286476
12  89  91.596662370730883
14  88  90.038770624598726
16  79  90.32113033711228
18  84  103.23011978303427
20  90  90.672458537589549
2  19  34.69821880960091
4  44  84.917345847920217
6  46  138.53113387719605
8  71  100.92360503559784
10  69  107.22703467178272
12  67  130.92142838794365
14  77  140.40255588280158
16  84  145.77979652546293
18  79  147.481456130086
20  84  122.89903074886462
2  5  27.999999999999982
4  25  106.36427863914915
6  19  48.884029492110635
8  69  109.12680640294658
10  80  133.64465429415642
12  68  102.25576163566143
14  59  156.49749132705733
16  74  167.22874379238445
18  67  196.19814755902138
20  84  122.26417144068041
2  24  55.420636853741634
4  38  114.06565673366852
6  46  110.79601837833182
8  39  103.67035111423277
10  56  112.31155242514006
12  71  143.67222573581321
14  63  103.17808519290172
16  63  135.16777276881194
18  69  175.66227261100485
20  95  86.859968797566253
2  5  12.000000000000002
4  20  116.57660384106777
6  55  148.51361420346774
8  75  106.29842833474561
10  46  169.27745283788468
12  63  176.91567263187042
14  74  167.7908597852952
16  66  168.31145376360161
18  87  131.35846270242118
20  91  98.096290576610741
2  18  28.234646942677411
4  12  78.361336314105344
6  39  79.452889123914815
8  36  44.742290469778311
10  72  108.54882179958656
12  51  143.31718656260438
14  60  113.14851809131443
16  90  87.251456862166634
18  84  123.07198871569392
20  81  118.82884992041909
2  48  94.177251782830638
4  67  65.362553034974212
6  23  129.50317916610598
8  53  76.530449180754388
10  60  57.983676278286069
12  49  177.59314483266991
14  43  199.01581701113423
16  66  160.16439743326197
18  77  141.44779167082245
20  41  214.3102036775108
2  0  0.0
4  40  86.769994116279761
6  48  125.01994119904069
8  38  84.12465179940375
10  55  130.16850863524368
12  55  126.17422451388458
14  72  109.55361100286095
16  90  101.38150374769361
18  72  145.00858311694404
20  61  203.16932259601947
2  0  23.000000000000021
4  53  47.523440761890718
6  53  120.01973922709202
8  79  81.072310921265682
10  80  118.53599549345171
12  71  130.34923660689969
14  61  100.3886635062135
16  60  175.88202598691387
18  100  65.553519410448573
20  59  115.27145371623664
2  3  34.999999999999972
4  32  137.00353302183731
6  66  100.58927580104616
8  34  78.736369909811586
10  64  113.39022716918495
12  32  260.0179557396101
14  91  76.947531648923189
16  95  68.261927326512208
18  79  135.80168447600809
20  41  290.97192613549049
2  13  21.207403713505681
4  65  75.850893765803093
6  43  62.867103013722783
8  51  101.38097018080545
10  49  95.872059134701672
12  70  98.69361931222636
14  80  111.61883688317218
16  83  70.761501180595289
18  65  145.31679732934319
20  82  100.01089749275057
2  31  57.91909808658076
4  21  99.733151384373613
6  66  90.008268327912091
8  78  72.606276119438107
10  51  157.03818805101466
12  65  123.5014849549535
14  92  70.028192545585753
16  73  172.65461778163848
18  69  184.77620872627301
20  68  144.22760003756329
2  14  49.370011628062095
4  81  75.688384081802212
6  87  91.14225026588062
8  26  98.510110999978096
10  50  129.65126316529646
12  73  143.82405828827518
14  82  93.854630503503316
16  80  124.1930860031006
18  78  153.78545544313641
20  85  108.38197048077011
2  0  0.0
4  14  74.653540971635408
6  46  139.52771591961653
8  67  124.47224668066148
10  87  84.165607967973628
12  29  209.17684936807467
14  59  119.11399043497556
16  49  236.95010395885109
18  89  101.78107596293614
20  84  129.16097336601518
2  17  35.246072492157246
4  46  109.95383084648149
6  29  94.712745477232957
8  35  149.83007552038174
10  76  62.069312340434351
12  64  90.943782970270561
14  74  129.50790516417345
16  75  139.90448601532634
18  53  211.18308244320428
20  100  61.234289689915627
2  0  51.000000000000021
4  37  92.466777933036639
6  40  133.2506817056661
8  21  138.97572650753389
10  96  71.718962614470769
12  31  177.29033120229792
14  45  154.0134010899354
16  95  68.252281199890348
18  69  160.06323237926244
20  86  96.648225324659634
2  20  55.541810370036458
4  83  58.474925980089786
6  52  61.751742204587494
8  79  103.68084920752683
10  44  87.954928429777397
12  88  97.581747971123306
14  99  52.646907323138535
16  64  118.52043319792743
18  81  129.94560995764334
20  72  179.8320601555898
2  39  75.387923419648175
4  58  65.805619374487492
6  60  83.496994319660772
8  54  92.325479481283466
10  67  151.5961499368141
12  40  155.33367304371174
14  84  120.57335650203402
16  59  168.0042986447485
18  90  97.400452990367455
20  91  77.155159988495825
2  8  46.601927451767367
4  43  71.626184035975626
6  44  103.50087316076024
8  46  103.83590426477515
10  84  90.27117546385503
12  92  84.027987877045035
14  73  134.30023935300645
16  70  136.12208823677619
18  58  171.85143538317459
20  87  97.093901635373044
2  0  0.0
4  38  34.680207630329541
6  7  134.30949336118061
8  40  127.2585761460427
10  45  164.37547794016007
12  80  109.63815003483053
14  91  93.236204531622349
16  71  154.28282018542933
18  77  133.18283304233134
20  68  169.16877609646474
2  30  85.937039581634451
4  21  41.842671831957873
6  55  88.772889876140283
8  59  132.89377073324061
10  68  101.04657108734078
12  78  135.09791039478011
14  87  95.3251175758096
16  60  140.70075074414891
18  65  201.93259422771456
20  81  117.46914091934477
2  0  33.000000000000064
4  55  81.411695560604656
6  27  82.82194184021661
8  61  124.49132692899495
10  89  90.599442466604771
12  21  37.198566216926075
14  69  151.14967182770826
16  96  66.560517394278349
18  88  92.589487814980956
20  80  121.39702437726423
2  49  65.973772528396736
4  8  41.615766904875791
6  32  62.126117044510593
8  60  143.16077839732603
10  59  139.57023327281416
12  88  119.7556294658913
14  69  170.31741549564006
16  82  97.51608989871815
18  84  113.57691379303573
20  87  116.86732849495628
2  28  58.000000000000036
4  26  97.289972551793326
6  45  108.89361862458881
8  27  109.70670026571753
10  68  130.21094976177613
12  67  98.554035405664195
14  48  253.6771602297845
16  69  76.527792997670915
18  79  91.16676582127343
20  78  136.18004847106792
2  21  45.39422291472529
4  65  80.455484238726171
6  45  61.367532766645617
8  53  92.591554582331355
10  73  137.59688972004051
12  59  151.73345650960852
14  87  97.768028172333786
16  56  162.70568964335223
18  74  131.10300421916855
20  69  190.87787215036809
2  0  13.00000000000002
4  29  74.835875135081906
6  75  100.45943472621447
8  44  139.22329921705935
10  75  99.921476589362868
12  85  117.25255208597545
14  90  105.57965263005616
16  77  148.72234014428992
18  84  132.87247535951698
20  40  220.09382643446997
2  42  105.62883267956062
4  30  47.025351931801744
6  36  153.99735557588872
8  61  137.42476113114739
10  61  114.67922642221069
12  50  98.858586246266142
14  100  64.505438314682465
16  68  151.77573930428872
18  79  135.1282802120005
20  47  227.69066108395947
2  36  52.836371096258034
4  69  76.627374246708143
6  53  152.64351593156974
8  59  115.66607007441702
10  79  88.064732306458964
12  48  195.80313398013627
14  58  191.60591123443777
16  75  85.876371942548161
18  92  84.869267305480548
20  77  164.50820097705068
2  0  0.0
4  45  68.929032966566169
6  76  86.158465530595223
8  45  138.06055877045978
10  69  102.44674340547807
12  40  141.97005211436354
14  74  119.2977883982425
16  88  106.6201978273932
18  66  119.8820637320686
20  78  128.90936675518364
2  16  36.708817013487703
4  68  96.316052745005464
6  22  112.99144653136418
8  85  86.484107850967291
10  97  66.637358864795758
12  92  87.886328115934788
14  68  176.89865873703087
16  80  104.85070589316429
18  74  159.246188408639
20  72  165.96031074798665
2  34  58.096753602972512
4  80  76.490939833538562
6  31  121.73702246526625
8  54  187.72974658294586
10  70  115.89084766295633
12  86  85.380509090065345
14  78  75.677281315053449
16  88  95.066293504764033
18  91  89.785125777456216
20  94  94.418923713943073
2  37  49.803106874920395
4  34  62.195126728492873
6  44  98.855577221160758
8  98  67.75266817317808
10  52  77.035822002355815
12  66  135.7047116099462
14  53  203.56504528556675
16  83  106.89604379423935
18  72  147.24431614521399
20  80  123.91223542702055
2  17  23.562165574888454
4  19  126.70169507438654
6  24  126.73670651412782
8  75  88.40739777046916
10  94  60.624729462627847
12  81  80.016251179232867
14  79  97.2742343154206
16  76  163.47786402575332
18  58  209.43209467643794
20  80  100.45357094847795
2  0  8.0
4  9  49.999999999999986
6  5  120.99999999999997
8  78  100.32879224795232
10  100  70.176954876166221
12  65  140.9918874150662
14  80  116.34521543783468
16  83  121.92017237249198
18  86  101.4494813546773
20  85  133.80323406840543
2  8  46.873972545491299
4  50  81.799791771353568
6  45  67.145532721815414
8  51  171.06768626369086
10  100  57.976678779349172
12  86  98.947844676934182
14  66  163.07376377521638
16  65  158.41730379767421
18  78  109.73800412026802
20  88  106.81136427772334
2  17  79.794181781272584
4  20  137.44475945716511
6  86  95.345863949394072
8  68  86.677970411478285
10  53  159.26484746025915
12  57  85.620489813627529
14  84  85.034449307502811
16  77  143.82046947828735
18  63  153.44348168904745
20  89  96.423963871309795
2  12  80.98783381290437
4  32  62.894771680097023
6  58  111.46536690702695
8  77  105.23028548555551
10  77  84.429023958014753
12  65  152.62615583070846
14  71  125.11851353308859
16  93  78.178288467104679
18  79  115.42027978300915
20  79  152.32863888856212
2  26  64.033653182776973
4  33  102.6063092557802
6  58  90.915547047809454
8  70  83.602692377591936
10  49  127.93116458148016
12  80  108.81169828911524
14  66  199.3975753934198
16  45  113.99660884395631
18  78  117.03816838304898
20  59  226.71787710579039
2  37  73.309718712718649
4  84  80.414454001023913
6  56  57.616918852043902
8  20  77.237689068689619
10  90  78.624522245613036
12  80  94.064647408423596
14  86  109.55693080382989
16  81  103.57318022044716
18  88  104.54254569189325
20  93  82.455565025365061
