6  33  197.67061958004541
7  100  57.698335917125348
8  65  128.02154653149648
9  60  182.5881651193298
10  42  229.54233926956306
11  76  151.57573398393492
12  84  85.981698668389811
13  85  176.76719858694491
14  95  94.281895763662703
15  81  207.63991043298037
6  49  140.29830067215369
7  70  142.35034058346261
8  58  110.80129870513957
9  86  103.4207232268073
10  50  297.81810870264297
11  74  176.23544480742879
12  69  263.0537538884688
13  85  112.95770941881173
14  91  124.4304206477982
15  86  148.81378708330269
6  51  141.87574518660614
7  83  142.50452805721105
8  62  165.47137495943895
9  61  206.40593633081394
10  80  193.78115415979508
11  80  160.17448735807818
12  72  214.67555178227795
13  98  80.039401063847365
14  59  353.18610600222684
15  74  220.99722819619817
6  72  80.394089719494644
7  67  138.87492978696579
8  93  94.523109904823741
9  87  99.919570272798509
10  81  130.55625361204119
11  72  182.68006483736488
12  70  239.71876345151497
13  97  59.260848134582062
14  95  74.300749249252533
15  96  84.1202567715209
6  50  138.39685777244341
7  75  133.54105961588408
8  87  100.52066489007802
9  80  192.10753561890914
10  92  100.44219526867259
11  47  281.77593342350696
12  71  210.14091621730867
13  44  350.274197813368
14  93  100.33429327619743
15  95  90.327737046354457
6  36  84.409132720562354
7  53  208.74099075017102
8  40  131.42529410977954
9  81  129.16401818498244
10  87  83.938745639244061
11  98  80.38199454920678
12  97  86.585402631634651
13  82  117.58833174186783
14  100  60.736537786621213
15  83  164.07589580232099
6  31  215.00079087221943
7  90  80.471901424051623
8  55  174.94920425116322
9  33  251.27558873600455
10  83  107.60246578742229
11  98  77.634256064063067
12  92  105.82630606093431
13  76  140.04080006914316
14  76  126.5556142153897
15  99  56.373618175661782
6  42  112.30798237733245
7  47  207.08326514429416
8  100  70.797559874573537
9  92  95.067419235686202
10  80  179.39645516178737
11  85  114.182073728029
12  78  181.54820812712597
13  96  96.587657076776935
14  73  239.91687127448481
15  81  185.76775525983879
6  63  118.028261848911
7  82  113.9718678810718
8  97  56.415660435060609
9  58  192.05286256456344
10  54  310.0184083672097
11  95  57.886420466604655
12  92  100.75585281733782
13  98  76.219507177266991
14  99  54.154799234304171
15  88  115.83727314851166
6  39  125.22380638164249
7  32  206.99409288443525
8  72  220.5684089550019
9  37  146.98229783600419
10  69  194.04393193235137
11  53  226.24337758983583
12  56  319.0593130358256
13  95  86.046101069345482
14  65  253.43537077924699
15  98  68.818333257299457
6  74  118.1203896379901
7  92  60.26402030573847
8  72  143.65799729226481
9  81  136.91077158363774
10  79  148.31337569329074
11  82  160.00464053580168
12  91  98.378553458837175
13  93  114.75749140885279
14  87  136.5329126436778
15  100  64.450377760317068
6  25  190.97950181291381
7  88  90.229869192537549
8  64  205.70657464211538
9  81  104.37002637923767
10  51  153.51045118605131
11  64  229.49249028093476
12  65  284.67854863199051
13  95  88.509510537440164
14  91  116.38595560672707
15  89  124.69448262443143
6  31  60.781485977683651
7  47  185.55830634224913
8  72  136.85905742242724
9  58  176.61821235351135
10  77  178.61357237131756
11  85  142.15484869012678
12  46  257.58069798611768
13  90  113.8265608336293
14  87  149.08100161572892
15  96  95.209250792823582
6  39  218.61334538429168
7  89  81.272683078270759
8  64  194.81453239601703
9  66  153.59462905357614
10  73  149.58759227166186
11  77  152.58638439541338
12  60  115.23878246789693
13  80  145.06393397245532
14  100  67.632289003212861
15  91  109.66795964825006
6  40  180.57538377758939
7  73  155.50415750514273
8  82  96.203839681501051
9  88  70.199883579307667
10  62  217.35356773175621
11  100  51.249343194119547
12  65  289.90615530769333
13  100  49.874513846337848
14  67  267.61631158694564
15  78  153.93183170748361
6  65  142.1186180724913
7  57  197.35221709912841
8  49  201.9972195589543
9  52  292.47766300116007
10  80  134.44092399881225
11  83  143.99150338285324
12  83  122.33523179152226
13  87  154.59438671913989
14  100  79.508675765407801
15  85  156.32431751696211
6  56  139.1451040217766
7  37  162.8303787572361
8  87  97.004456127733604
9  38  308.47711405543606
10  63  249.89764402850071
11  73  223.84639042431638
12  81  156.31931386161347
13  79  191.0442788963436
14  84  166.64994815444868
15  85  138.41274700681126
6  68  114.81473328526405
7  60  163.32602622409178
8  64  113.70827381222242
9  58  239.62336230053165
10  97  81.075447810498616
11  77  181.47572486972277
12  96  74.855365665477891
13  94  102.34481524966253
14  79  248.22871435605776
15  87  149.67495674606738
6  51  169.49383517390714
7  47  177.37399549317362
8  62  165.80035203739348
9  73  169.76531587214316
10  61  279.73829961389333
11  58  186.81261755365179
12  81  85.504745878481728
13  86  108.13187463466194
14  80  196.31711904644831
15  66  328.8401191946615
6  30  231.9399709916872
7  55  176.33420750628983
8  47  186.35936136583933
9  81  135.76328669429802
10  65  212.35115093879492
11  68  180.8474074372007
12  75  208.27774692994393
13  94  96.980987836428952
14  71  237.61438374747516
15  67  302.91431225256775
6  77  75.452523262980634
7  32  166.29870994668244
8  43  147.23500500975896
9  47  235.96364615998195
10  61  212.0693309008102
11  51  238.17373711770415
12  92  100.20818695906536
13  82  174.76520483594516
14  65  242.97628025379331
15  60  208.53893174693735
6  43  155.19455440247137
7  93  69.67087799268343
8  79  130.10620058022755
9  88  116.24120904685014
10  53  202.28830852110309
11  78  125.32689354368189
12  96  94.496249545775655
13  85  150.32737247182524
14  75  204.66395826994642
15  87  169.89894690756662
6  78  92.534118655647504
7  75  112.99001246725925
8  73  155.05626615678293
9  38  246.30953310593409
10  87  126.37502923456402
11  79  195.89659664885792
12  54  310.22954421558609
13  95  100.8693285974294
14  90  98.484938745099171
15  81  170.5785557802644
6  56  90.557291606157378
7  50  131.45328884180225
8  66  143.87831377904874
9  30  455.81916452302022
10  81  138.45040279501262
11  58  280.49397996243539
12  87  140.19727233868235
13  90  136.73928257670931
14  86  157.92388188447993
15  69  264.33427958816236
6  28  157.11558891841909
7  67  143.47448058890487
8  91  72.68201960513575
9  89  120.53374418933024
10  25  193.79024122209827
11  83  142.7259380673145
12  60  193.06330759163416
13  96  68.732887508411295
14  84  188.37137778133302
15  99  49.343560764666165
6  100  70.712620559982994
7  95  77.274945827024311
8  77  167.94614469244729
9  65  190.52578260913717
10  79  112.85466406124733
11  86  126.06288691435337
12  59  290.89956901825224
13  82  130.13233609274883
14  93  106.00267098869851
15  91  130.2948704944512
6  18  86.869881683807833
7  54  189.12807535495742
8  69  133.69772685861207
9  74  159.5923977367037
10  88  120.99970623356803
11  94  97.390486672842741
12  81  128.26419913350031
13  74  204.3890067660428
14  79  203.84847581282486
15  95  91.771311829712175
6  60  143.13802452796236
7  60  131.04793154938642
8  73  149.0006694030362
9  56  232.82186659418323
10  22  373.06147826999955
11  82  159.2884751373721
12  78  172.49537393951715
13  95  82.373366373133507
14  83  165.59875088600992
15  96  83.157600919036128
6  27  136.83317004006162
7  45  163.48399160737947
8  67  147.55479088505783
9  55  215.55747253364362
10  68  74.653310597491881
11  77  114.74293599574791
12  82  112.75531280769708
13  88  112.16363072360899
14  79  102.21311997511494
15  83  135.0963862029385
6  40  191.49633636748314
7  70  110.16623391038917
8  58  199.35629289063215
9  69  200.42900258779704
10  65  187.97548484320484
11  76  177.62407048248122
12  89  125.3064342192294
13  94  84.231199148986576
14  100  73.655871593320228
15  96  92.509764939071999
6  20  133.40561567011622
7  53  100.52918841264915
8  56  172.38647428451051
9  83  127.19567082786187
10  74  180.79691771716273
11  77  145.43549770058604
12  100  51.751827706875922
13  99  65.199250440071467
14  84  163.95248716738647
15  79  199.68537286321853
6  33  184.29344520943667
7  57  98.99951618767048
8  80  116.81846121158824
9  65  119.95137172225857
10  94  100.26780657133094
11  67  227.61539424430023
12  89  146.26898598752399
13  79  146.59597910458317
14  92  95.668332721688699
15  98  59.68308544820524
6  52  68.104941078840511
7  48  148.47417286116863
8  65  143.07391169925214
9  67  187.88311587910056
10  88  97.703126394500345
11  79  189.81570395725365
12  99  67.588307609371086
13  85  130.86770041305232
14  87  153.57882097933222
15  94  96.168581609646253
6  31  150.08357410091244
7  86  103.51041937739079
8  54  199.53597151541462
9  54  199.01161574242587
10  77  169.0456773267374
11  80  138.38341103927428
12  96  82.690759980189057
13  48  350.38338227608335
14  88  141.98036412926402
15  99  69.658347869871307
6  71  134.82473313208681
7  74  85.885621821716356
8  58  114.38459528666904
9  53  340.04438714352148
10  88  83.590142167013184
11  82  152.31100280118488
12  97  89.676201719471678
13  98  49.604965169318483
14  73  261.584827634639
15  65  308.72861543416752
6  46  117.7425158212785
7  68  141.99642026177344
8  87  75.72007620450924
9  59  245.78034351304547
10  42  206.28419389565059
11  65  236.97190237795095
12  72  217.26490139285085
13  89  130.35320395559037
14  65  303.0066310593254
15  93  130.01659664395464
6  23  158.01928830129259
7  25  203.42954803546081
8  37  262.76663804465068
9  37  158.77014222996067
10  91  86.805033017696772
11  84  123.11071588739075
12  99  55.145446831194526
13  88  134.19907828890004
14  93  87.651974215109078
15  83  187.93836968379949
6  99  61.617444946963651
7  25  178.49378588970964
8  84  105.7308657006688
9  99  51.828868086958295
10  83  150.52936098715639
11  75  158.32973419901697
12  89  127.21083321549048
13  44  167.56540484066358
14  86  159.68206246128008
15  86  163.3865509921923
6  45  157.39767831003587
7  42  123.06088185390183
8  86  100.20120560753524
9  66  172.09593513451418
10  89  123.32605535597826
11  85  138.34457781066297
12  84  164.79723436873817
13  90  126.93121832875933
14  81  155.80301759624652
15  100  45.482142981238127
6  35  180.75363822525424
7  46  104.21225784417659
8  81  117.09540270922827
9  86  120.20863681273666
10  79  149.30147213097499
11  48  237.63307119354047
12  79  145.93010653580257
13  72  152.39924257531226
14  78  212.28626182401064
15  76  216.83346539721416
6  66  130.18421689771819
7  40  190.35509041203503
8  66  211.29600633211331
9  80  152.76840963983832
10  80  102.75773544786762
11  82  107.1787941049555
12  63  297.58509440767818
13  97  87.36064669953555
14  84  152.76200616543588
15  81  185.74197880220473
6  61  119.04649390039602
7  62  122.67703414648308
8  92  80.614298693118599
9  35  286.77498246140146
10  92  91.384571440283693
11  83  96.28454547578778
12  94  104.55134959787918
13  73  200.77673946085733
14  68  266.46246247352133
15  84  134.36339915298828
6  59  60.394274510763282
7  66  108.070899087676
8  70  122.38357401176224
9  93  97.741066807269235
10  79  146.03893320698228
11  79  170.31791303014396
12  100  69.136454236212302
13  100  44.639149033713736
14  94  119.39090998447827
15  88  149.81541706323469
6  100  67.427330228238802
7  66  111.42095891109663
8  68  111.22242969794053
9  100  61.085225346665439
10  87  102.13791726371217
11  52  253.91888307604043
12  100  54.55959144317243
13  70  251.68351224781514
14  96  63.021944842701217
15  54  371.80596236974969
6  51  94.579688295966619
7  91  74.711799224434657
8  55  135.2336312442209
9  100  73.921993169988312
10  91  84.521225611508257
11  99  72.736431865062144
12  100  58.291919056146995
13  81  165.78902890150732
14  90  107.94248323199169
15  100  32.545330088023292
6  51  145.37704053661125
7  61  157.95090590081824
8  80  90.009419327675104
9  74  200.32909330182068
10  66  225.55817435702482
11  57  351.99774306426156
12  91  97.959132573255133
13  75  224.96245844901006
14  94  91.612000752189417
15  96  87.898882951328346
6  57  123.62564089969361
7  44  181.34631554079908
8  78  89.296613530971129
9  55  233.65960570316639
10  54  263.95558683065661
11  86  127.37253146707512
12  90  131.4253517871407
13  73  161.70124133475198
14  98  71.867847773042925
15  98  74.389030979838964
6  100  88.103707181260987
7  38  194.86900742632875
8  42  197.43605718730137
9  54  219.48846540570921
10  73  143.48001555706773
11  75  99.758463333995948
12  81  110.34130649100625
13  93  107.6408222723754
14  78  229.06029872364692
15  83  131.62955855408146
6  34  86.178206281099165
7  65  124.00260408575096
8  92  88.50546853426701
9  88  106.64541726857861
10  85  135.13783590006977
11  63  176.3290009195444
12  76  170.78523012967813
13  65  316.42468063053929
14  96  74.242737529151071
15  90  128.81640068708245
6  41  138.77607489942312
7  26  172.82235995451811
8  57  197.54830278453889
9  68  152.84408666324538
10  43  298.25632069661287
11  70  214.56992532515761
12  73  225.17103153700003
13  65  305.22232316664218
14  100  61.388348874583997
15  88  105.28245259681057
6  73  113.17056083644179
7  22  147.06659731667173
8  26  162.54562543819614
9  67  147.04774427363856
10  64  196.33241335129361
11  76  195.25439501641961
12  64  228.48285396026688
13  63  329.64534457463338
14  94  110.1173525237745
15  54  369.52088972260964
6  62  116.45189827539822
7  74  140.32623798414721
8  70  96.872167306380121
9  56  197.21897812919121
10  60  143.7644112864914
11  77  152.69099325469114
12  78  141.74546341631384
13  84  158.80059198421719
14  92  109.83598918454054
15  83  179.73650994355626
6  92  86.908748743654272
7  85  96.124410842290615
8  49  323.16377778897538
9  52  187.30005783918179
10  77  93.049480405439766
11  81  158.94973270642041
12  83  100.85779376648152
13  80  205.12524932532483
14  90  122.10169565407776
15  88  147.29283717178492
6  27  157.80745482954339
7  86  95.683482347276026
8  42  75.927036458229537
9  57  220.85529096068177
10  72  192.6237726503403
11  73  198.68833146205071
12  78  157.29570417214936
13  98  77.720231877956692
14  77  169.5485457345336
15  90  136.81963032574478
6  60  109.64238626509464
7  31  191.85869814328416
8  87  116.17630559168678
9  72  132.69089006318802
10  63  179.38518653998912
11  86  121.39707441749268
12  97  70.234475689823242
13  68  182.7987629238196
14  84  161.60659354767304
15  99  65.752382659190076
6  52  168.04302581486576
7  43  134.38124098012699
8  86  129.75423915672019
9  85  126.97536852371854
10  69  153.80576603734272
11  90  113.47523268854488
12  80  196.67004081429104
13  100  53.81693724451565
14  86  172.76833551958993
15  86  150.71773362249778
6  50  173.63654965886479
7  99  65.703678960430324
8  55  240.47613215959905
9  85  95.483023466480859
10  56  238.35373572183818
11  89  98.340380438964345
12  79  146.17973309555774
13  81  215.83494861177931
14  91  88.842134882320977
15  86  171.11536015843379
6  80  62.729284550400521
7  100  69.252305435141096
8  55  203.1276752033551
9  78  151.14138757261611
10  89  90.715242613949357
11  74  186.86497261998301
12  57  148.1406178924293
13  86  157.99881612708299
14  82  166.37227742983984
15  78  157.2945347160553
6  22  305.60188845799553
7  30  112.04417809451752
8  58  165.64065054294298
9  83  116.36601312627261
10  81  105.60597481827267
11  63  270.04690347411042
12  70  203.29614426481729
13  100  66.970874984614369
14  86  136.55737009817449
15  99  62.960563274310118
6  95  76.682639152344905
7  55  183.97349851324461
8  64  187.78700770058117
9  72  131.20122815145058
10  83  126.07113676393956
11  88  99.331623679041016
12  80  175.82319715926508
13  78  214.43175579014286
14  96  78.434541948747921
15  94  72.668764935180221
6  28  173.19170051270618
7  66  143.09802363747127
8  94  72.554116994711933
9  56  238.98185612120537
10  100  53.566586994771185
11  90  117.77612747318869
12  70  165.74643283388673
13  96  87.952145369085585
14  75  184.7122000866103
15  80  120.17506854618429
6  35  169.24711713972036
7  43  218.04586052563187
8  51  189.98130551462407
9  57  238.11628358692843
10  45  282.15198827592371
11  81  163.90392029070446
12  79  166.97867991418715
13  93  89.097820974721643
14  97  75.19336571580574
15  81  198.95089493575375
6  44  157.28632433757508
7  42  88.238978600328807
8  41  313.65871035722256
9  82  111.6419036056687
10  81  132.88909794276393
11  87  111.69836301903361
12  94  103.45791319875913
13  95  89.740208644655169
14  95  91.239709531491329
15  85  167.27710647124843
6  28  153.31471458321786
7  71  128.24344123771613
8  59  172.62893797894094
9  82  157.34355820355927
10  86  91.983449153497133
11  70  218.90731889347157
12  71  197.77879574373176
13  90  123.17694190778766
14  83  185.25276878204124
15  76  211.59773423592128
6  11  60.180954944875765
7  84  95.420177294302533
8  27  228.57341281620307
9  81  132.38717795100746
10  65  155.134208399503
11  48  176.95903116189405
12  93  91.916595191107533
13  78  195.76840129391465
14  97  98.233583000351899
15  69  285.2751021682235
6  82  97.274848186701377
7  46  155.13994808207784
8  77  182.25364819248517
9  82  191.31768701699116
10  84  145.34084681948505
11  81  117.10931683940336
12  90  116.19750756434738
13  91  118.0233793806306
14  87  109.19636339786075
15  75  244.38743951705945
6  56  150.51357292224094
7  57  155.08509495489824
8  49  232.13879064093851
9  46  237.54100721155081
10  45  387.97145460432785
11  73  202.38848431712427
12  94  80.28844538700254
13  94  117.39600502673822
14  72  217.54148316331435
15  88  138.42007744762842
6  53  91.315985099711483
7  49  134.43279001843646
8  55  171.14254856442184
9  82  135.23667498482862
10  85  107.38931400793442
11  58  188.71750793276226
12  88  164.28707289938205
13  48  377.43245527155517
14  79  137.66778210352973
15  94  76.097181129681886
6  77  128.4619439994336
7  40  146.94372603014875
8  56  128.97271537475899
9  17  276.0876519479346
10  73  148.51010722322087
11  63  233.17021512282994
12  98  69.955509544936064
13  82  167.09647846489662
14  73  272.68956462067115
15  100  53.984555339006619
6  45  131.23811363057055
7  88  90.498138001844978
8  51  74.215580523525716
9  74  165.25439275626206
10  44  361.62740637396882
11  67  221.56736575719546
12  54  298.83430548931688
13  87  140.91825040290092
14  86  155.61649372092518
15  74  195.58348957046667
6  56  135.31171576955549
7  24  153.07270097495359
8  32  170.39540408531769
9  88  99.493869265042576
10  70  201.28721500006625
11  100  52.528077304561222
12  89  113.014725072478
13  61  266.20981441517552
14  80  161.47442050014237
15  91  123.75736494806314
6  51  119.13438935910202
7  42  157.14482025842503
8  90  95.072756697506577
9  60  188.44590115001307
10  60  226.64986396527235
11  85  130.38092786587367
12  58  295.44053682259613
13  66  247.52094846368669
14  94  83.839479070770338
15  99  65.261467477810953
6  94  72.96631881380506
7  52  130.47785812559903
8  52  157.02021917715734
9  77  138.82168797962535
10  29  285.50687765782203
11  88  128.18370324448978
12  94  94.123351910485425
13  81  176.98896153162724
14  61  218.76689906441112
15  99  70.961746972154359
6  38  225.720688650304
7  67  176.20703133287481
8  74  124.87574663387345
9  46  178.2193061893706
10  54  266.43009632813045
11  100  62.357197346379046
12  96  84.813631029979405
13  84  163.02928125691653
14  100  54.27851141080076
15  80  173.54358796255593
6  61  124.03546468704204
7  21  158.23943738832807
8  24  254.9687073692767
9  84  124.84578704206902
10  76  149.91640907082544
11  84  107.33143497641188
12  94  83.809087605590435
13  99  84.108226837892133
14  76  231.71454081570712
15  91  117.88705431153663
6  75  141.53837046321576
7  57  119.86806399606239
8  57  161.95501230436429
9  70  143.49655899210424
10  66  125.53520865568161
11  76  157.93583557338857
12  68  198.6643719340837
13  99  82.222427354252261
14  100  61.186995095368793
15  84  166.63381047587134
6  89  108.51783560689985
7  86  93.257008209469419
8  49  187.22744515620172
9  51  186.92202733229368
10  42  294.68511463585878
11  62  225.65028349849257
12  73  205.06222582580617
13  90  107.68019191701153
14  89  122.24696282713506
15  87  147.7456637299164
6  37  206.00061817693029
7  89  88.127546921932051
8  64  161.77174471181954
9  99  67.094199483656197
10  95  77.131433134201387
11  84  153.15958508566197
12  100  57.62094636654605
13  100  69.229728223138153
14  100  58.563630972407402
15  71  301.77708431865932
6  22  160.1018034298213
7  48  131.31173741283558
8  48  153.17265498470212
9  31  169.87188725374602
10  93  90.860279742146972
11  49  275.77409480719689
12  77  201.2409636064265
13  91  115.71850846630906
14  100  53.962263801336093
15  88  112.6488725248464
6  58  71.892372264575755
7  49  228.46426062667712
8  64  203.30608752432533
9  70  186.07926395641618
10  56  256.43982799056005
11  75  227.16067541221972
12  79  173.31412822392568
13  78  202.4888352828643
14  99  51.908595241539018
15  92  101.48713685139442
6  32  107.41947645003212
7  80  79.763955478956618
8  81  96.395017148788938
9  43  258.84915216474116
10  96  77.095144379250783
11  68  121.85581243032036
12  80  83.181856332811265
13  79  200.99089725970364
14  99  76.254848469336906
15  63  280.2747883458959
6  71  143.90878530536227
7  49  193.70784054152577
8  67  188.09509803584112
9  73  167.18091733402676
10  69  202.96322362366951
11  88  115.69705776076619
12  86  143.58552871397114
13  79  125.34318904418669
14  97  81.884574726441826
15  80  206.41596380007627
6  26  157.32826412984014
7  46  208.95556463877006
8  91  83.283402316347917
9  67  208.24258575233642
10  35  224.73182106090871
11  69  248.64955562836602
12  79  143.86299272765527
13  85  180.55574736082903
14  90  108.19085634714344
15  82  132.0580124309443
6  39  116.66419409215852
7  24  218.57158322450832
8  71  121.81059269239377
9  43  334.70352623261249
10  88  86.671314750382763
11  100  67.233494900235044
12  64  325.64584140845272
13  90  117.09185143379227
14  81  133.04127503599182
15  38  468.68137356436984
6  86  77.614475320893234
7  46  189.86375453022416
8  55  190.7917268647011
9  76  147.85354657250767
10  73  217.86873898404949
11  93  103.52549888740488
12  81  180.44351915470293
13  86  150.73905966085238
14  97  91.794510358298993
15  92  113.05548964867126
6  69  140.57449787465382
7  82  88.839173242514661
8  44  211.04999089807237
9  81  134.79286687155482
10  87  116.147669166198
11  54  229.31470580320476
12  87  149.34865967919228
13  70  215.09265814802222
14  100  56.88081500796747
15  94  76.352477750543386
6  49  104.12388144293108
7  26  176.60509652564119
8  76  111.9746050095473
9  88  90.38339397369262
10  72  205.51661672930302
11  43  335.66607496244717
12  88  91.211640534367092
13  93  107.48003433734068
14  75  217.72910255538272
15  85  170.45300105459395
6  57  119.55589742095819
7  58  108.18992707587938
8  55  185.67508606694665
9  76  146.94580595306246
10  85  112.31245401185542
11  67  256.71732420926674
12  98  73.198376668343911
13  70  271.35299884498835
14  95  104.26901679255354
15  69  310.89964796239491
6  17  170.28860197946554
7  61  132.84910103452236
8  74  167.87014052351103
9  82  101.76033547503839
10  68  173.57676301733957
11  53  356.90242459448177
12  80  171.19092500451092
13  83  170.72795825809479
14  95  89.161895662923541
15  75  253.02558723608209
6  63  135.23034447418172
7  44  107.37701309691505
8  83  98.378748367180393
9  69  153.74363768320467
10  88  117.14483324060734
11  71  169.73337457393856
12  99  60.803055950810716
13  97  60.322267188781261
14  98  70.833540872015547
15  91  124.33870959769951
6  29  139.88668699999872
7  36  287.75802481908988
8  30  290.85889914085072
9  89  99.208145999356276
10  75  157.62272550616925
11  55  283.60349673156196
12  63  223.27292662651482
13  99  58.542356458200196
14  86  156.50080922870379
15  97  88.054246724392783
6  20  190.5264778700253
7  36  160.4123868094311
8  57  174.18983477173529
9  52  178.00385172525333
10  65  239.89508507245759
11  54  357.41157374670996
12  75  165.85090417569097
13  69  227.3347511284733
14  81  203.49918710109969
15  88  154.47130965357729
6  36  157.9099829975101
7  19  203.52539911500418
8  54  160.25755180044942
9  83  59.568242502912533
10  81  144.67824931020965
11  65  313.21413662307776
12  82  174.48894149420835
13  81  204.48311565074863
14  83  188.53982108117444
15  93  121.5189788922203
6  34  132.68338990113062
7  77  112.3618442403623
8  60  197.88331498075669
9  85  151.32960677472468
10  79  178.28562242005049
11  77  180.05791047596159
12  75  160.13909162048648
13  60  373.50713705786211
14  95  85.904881088976467
15  100  48.933585925518528
6  34  153.3104347813624
7  75  71.309204248887212
8  56  222.20024124534129
9  44  115.02385234386072
10  71  219.70040858087276
11  79  146.23305162908869
12  77  123.0149197239385
13  85  133.43877548565385
14  73  201.80660303464444
15  80  159.77964522062135
6  33  211.70279722696012
7  42  151.62847123839867
8  60  166.11536301681579
9  65  160.27042140308012
10  27  330.87744546230323
11  66  211.79680247369305
12  93  88.550847266743048
13  80  182.39249631354988
14  95  114.02072615070658
15  95  71.293627005996854
6  61  158.97430151204188
7  53  77.021343728675944
8  39  179.6931599914993
9  83  101.27897797480747
10  84  130.56497171751724
11  76  144.28597722441953
12  89  76.225207325010828
13  97  60.720359865059535
14  88  161.17641581984188
15  79  160.46062592886301
6  54  136.5083469052162
7  73  129.66557166229811
8  51  179.25261547741493
9  85  127.59675296486108
10  88  101.54626397681469
11  81  104.01721047255079
12  100  63.808337199602384
13  83  181.26173536034281
14  87  126.38385256418736
15  78  167.30060824702909
6  39  124.46003082772852
7  98  71.842755175509552
8  89  83.285498408988204
9  55  255.25131748471631
10  72  202.86832569261543
11  82  130.36997186510027
12  72  212.95037524307304
13  64  242.59330240034237
14  90  134.19005417706401
15  81  155.54209033416322
6  57  91.369419611415566
7  42  119.2305840622825
8  91  98.930867376324684
9  84  127.65822798130289
10  85  133.79202530084376
11  81  169.08151268510559
12  100  80.402299114476676
13  67  234.52269026508455
14  76  172.24160374101504
15  74  238.54597478405751
