2  9.0  198.43120046034255
4  30.333333333333332  271.64172898240787
6  52.333333333333336  341.01584447330572
8  64.0  302.38082415512577
10  52.666666666666664  438.23012108548386
12  74.0  383.68186006052872
14  59.333333333333336  547.8162046037836
16  67.0  489.07732088176039
18  85.666666666666671  341.96666549004925
20  93.0  296.16023845158617
2  17.666666666666668  192.50732305040722
4  50.0  258.56826673818011
6  29.333333333333332  425.9028965318513
8  50.666666666666664  468.44169190045255
10  67.333333333333329  371.16875673484179
12  70.0  408.77247116888793
14  60.666666666666664  466.60118243066796
16  67.666666666666671  473.94650129129195
18  82.333333333333329  394.75621187788903
20  71.666666666666671  598.80901573681967
2  19.666666666666668  185.84561358832832
4  29.0  303.42364595015471
6  24.666666666666668  350.13505055163989
8  41.666666666666664  412.82783654376323
10  53.0  504.44102543784834
12  71.0  445.32178846740374
14  65.333333333333329  477.56521548494993
16  71.666666666666671  478.93465815747675
18  55.0  697.71572214888204
20  85.0  416.08467560794003
2  18.0  167.93553908641996
4  46.333333333333336  231.47256620810614
6  37.0  401.20747351357733
8  45.333333333333336  339.37468944341015
10  51.666666666666664  523.9769993310972
12  67.0  513.46081668523004
14  61.333333333333336  605.66448387944001
16  77.0  480.32318837844485
18  72.666666666666671  519.67056060659013
20  75.0  498.87342164909722
2  14.0  135.29250544295465
4  31.333333333333332  297.06778546683898
6  34.666666666666664  453.85470268009811
8  44.666666666666664  447.22891657863886
10  54.0  547.52054946709313
12  59.666666666666664  484.78487493447335
14  72.333333333333329  452.64027781301576
16  76.666666666666671  392.46033948601428
18  74.333333333333329  508.07431200966857
20  77.666666666666671  484.66790631125701
2  24.666666666666668  185.74031663984829
4  9.6666666666666661  182.60498827882844
6  52.333333333333336  336.20246624236364
8  47.666666666666664  451.81713148736918
10  53.0  476.67427521992937
12  57.333333333333336  574.00451997923403
14  57.0  557.9609181310592
16  66.0  621.69723265058974
18  79.333333333333329  442.44922379921388
20  76.666666666666671  540.44752317877726
2  12.666666666666666  174.57593455924288
4  23.666666666666668  300.80487538416139
6  27.0  358.7897623610603
8  59.666666666666664  389.46672929790162
10  57.666666666666664  458.6527054102462
12  50.666666666666664  537.71221631480671
14  61.333333333333336  557.13148306517576
16  66.666666666666671  573.80257833024348
18  75.333333333333329  493.36990927936057
20  84.666666666666671  392.67319842311423
2  12.333333333333334  152.24425861494984
4  32.333333333333336  280.88996489670888
6  50.0  346.52474817828352
8  40.666666666666664  452.1981257986946
10  49.0  590.29584265672145
12  54.333333333333336  556.29780944843185
14  62.666666666666664  491.83892743663603
16  74.0  509.6988721335739
18  78.0  494.20828935594756
20  81.333333333333329  440.52394355435041
2  12.666666666666666  146.80277066070707
4  42.0  297.0176325760043
6  47.666666666666664  382.89600268834619
8  45.666666666666664  505.48416261347086
10  64.666666666666671  441.64822562458932
12  57.0  550.56216484167794
14  80.666666666666671  355.99799716374844
16  86.333333333333329  360.04903561387391
18  73.0  512.12326978581086
20  72.666666666666671  579.57945389853387
2  17.333333333333332  188.55414058572407
4  24.333333333333332  332.97860873798709
6  39.666666666666664  320.95262854344134
8  60.0  377.96783511991424
10  47.333333333333336  478.81126210224255
12  57.333333333333336  571.41874954030288
14  59.666666666666664  559.78728273600927
16  69.333333333333329  534.76698935561637
18  60.333333333333336  609.75023367216727
20  74.666666666666671  506.966438448377
