1  57.0  301.55138925358557
2  65.5  255.99986162162153
3  69.0  304.96448978663454
4  65.5  350.71946342888401
5  42.600000000000001  592.47233386708524
6  67.333333333333329  380.75706713748656
1  53.0  155.79824532390785
2  81.0  146.92461490399714
3  54.666666666666664  437.29837660607132
4  48.5  585.50975930161303
5  50.799999999999997  358.02627897340062
6  48.5  479.58154408189694
1  38.0  230.55517549183273
2  36.5  359.52244609842751
3  66.666666666666671  316.11172431891288
4  62.75  393.66028700160672
5  60.799999999999997  350.979747285526
6  45.666666666666664  461.23232417906223
1  71.0  195.24215578862078
2  50.5  269.37263321520055
3  73.666666666666671  263.5462858258673
4  57.75  432.95531407071138
5  62.799999999999997  340.89526477644142
6  55.166666666666664  340.86925265167417
1  59.0  189.69398553248561
2  63.5  295.50575955135935
3  60.666666666666664  358.41950300182873
4  68.75  360.96312152790608
5  65.200000000000003  472.91520771932522
6  59.833333333333336  458.56291186052624
1  73.0  180.69331900555974
2  48.5  307.51394426034227
3  63.333333333333336  234.38290868565787
4  56.75  488.2481047318106
5  36.600000000000001  525.92418123420532
6  57.0  352.78709058304707
1  61.0  157.39755881174628
2  62.5  282.19597952724575
3  44.0  487.08562409679308
4  71.25  334.09311162809968
5  63.200000000000003  417.31740471013467
6  61.166666666666664  497.45921784162749
1  42.0  294.80611622875699
2  63.5  234.07263423475058
3  66.333333333333329  312.82068865662416
4  56.25  395.89309470421779
5  56.200000000000003  470.04978362802586
6  57.833333333333336  542.67387250665274
1  56.0  203.08797561858285
2  68.5  288.988517191455
3  64.333333333333329  290.80167297451288
4  66.75  363.88208075940668
5  60.600000000000001  463.57630815467166
6  65.166666666666671  361.32366476830163
1  59.0  258.06397803531632
2  46.5  403.51256943533076
3  69.0  388.71459270505261
4  63.25  353.66003559904789
5  64.599999999999994  383.63987583174094
6  42.666666666666664  498.32050771475105
1  36.0  312.0339999104678
2  39.0  246.10848924026655
3  63.333333333333336  414.71511039870865
4  64.0  374.47848414575481
5  62.399999999999999  322.89048612336427
6  48.666666666666664  520.369204912741
1  69.0  174.80608450921329
2  60.5  323.50632814073077
3  69.0  314.81006401404534
4  47.75  462.32713623358245
5  52.600000000000001  431.09747192933452
6  69.5  370.21414057089481
1  65.0  135.23237643740401
2  75.0  254.824702766027
3  57.666666666666664  349.44535428146241
4  55.5  481.41522742444954
5  40.799999999999997  441.30533907636868
6  48.166666666666664  483.37211330752723
1  76.0  144.04503537059401
2  34.5  484.06514955308091
3  66.0  336.53898420699994
4  64.5  283.81966063532434
5  55.399999999999999  518.10761042866011
6  59.166666666666664  449.42565247302934
1  69.0  202.49733553893225
2  51.0  441.64715202483848
3  47.333333333333336  348.76633539769688
4  65.5  390.75750132990828
5  56.0  525.71075211008269
6  51.833333333333336  371.88363440638409
1  65.0  158.21117680493953
2  67.0  324.00225412945662
3  61.666666666666664  388.6628259024082
4  64.5  370.23819252229771
5  63.799999999999997  328.72296411489378
6  68.166666666666671  476.8934925680386
1  18.0  330.12186873633755
2  59.0  272.36850934336599
3  57.0  274.16396122345628
4  60.25  335.35413079844858
5  59.0  276.5044464374281
6  67.333333333333329  328.03841756901471
1  44.0  308.61071826223434
2  69.5  267.470042479207
3  53.333333333333336  440.34848336288775
4  63.75  291.23440402588392
5  54.0  518.07292736007571
6  60.0  464.5102140519918
1  58.0  304.699130880403
2  41.5  314.78323308687038
3  56.0  383.10204240880432
4  60.5  451.40246673570772
5  61.399999999999999  465.08942072891739
6  46.5  563.06945015317319
1  60.0  143.23116782967031
2  57.0  336.48092587035569
3  48.666666666666664  402.0230863134355
4  57.25  490.18738440331146
5  66.599999999999994  397.65836016491528
6  53.833333333333336  499.52087688583151
1  57.0  181.7882981993794
2  42.0  488.99067682178594
3  66.0  449.75364980460569
4  70.75  311.70085882110214
5  55.0  483.31386424257039
6  47.5  459.69029236112874
1  64.0  221.06158180439078
2  56.0  383.0912777783883
3  59.333333333333336  358.02785234718817
4  61.25  448.02055612931429
5  61.799999999999997  297.94483720526603
6  49.833333333333336  468.59692903670805
1  43.0  347.7634718916604
2  52.0  289.73252824467221
3  60.666666666666664  324.97215648721198
4  56.0  394.80523350794715
5  57.600000000000001  314.03967347218071
6  40.0  535.88878556809709
1  58.0  193.30654734015064
2  68.5  253.70506377902714
3  56.666666666666664  434.99098853139088
4  61.25  482.89661605451323
5  61.200000000000003  389.82819284912301
6  49.0  522.63968740239841
1  75.0  131.52998060932975
2  71.5  233.35364600372665
3  59.0  410.99157063101518
4  68.75  370.19328974689358
5  64.799999999999997  392.77807523993113
6  57.166666666666664  448.71432890846131
1  47.0  180.13518454572215
2  60.5  345.22641879660591
3  58.333333333333336  516.14369433606362
4  61.0  392.90654650891935
5  56.200000000000003  489.13014880313511
6  68.833333333333329  464.46040257965586
1  59.0  172.04751518124704
2  53.0  205.26009548057712
3  57.333333333333336  398.93958571916329
4  57.0  338.52927197788415
5  52.200000000000003  462.54817592926514
6  62.666666666666664  373.3047961494924
1  70.0  185.55984070033153
2  62.0  412.4859525697758
3  65.666666666666671  263.80114518024226
4  61.25  393.06370788791162
5  52.799999999999997  478.88689808499799
6  54.166666666666664  463.76172389894606
1  57.0  242.96385622231836
2  51.5  286.21009111235429
3  65.333333333333329  257.11212542716783
4  65.0  369.80988212398438
5  46.399999999999999  472.70742014392226
6  43.5  538.56370251556336
1  71.0  189.9039571449494
2  44.0  411.54870694182955
3  62.333333333333336  305.20102974885128
4  63.25  308.07973779354069
5  65.0  339.7457974027551
6  53.666666666666664  535.03658245024485
1  41.0  260.97186215172502
2  43.5  408.39481515001694
3  63.333333333333336  337.43165353681638
4  48.75  331.96904098788428
5  47.200000000000003  453.80652171995627
6  52.0  506.00738921994486
1  48.0  271.71578378139628
2  59.5  317.10743847995843
3  63.333333333333336  311.60110775416609
4  49.25  468.4462974970603
5  59.799999999999997  360.31278528310202
6  53.0  492.57936527473845
1  72.0  108.0648169912343
2  44.5  418.43748972823562
3  47.333333333333336  274.70349718936302
4  56.5  378.89580268890523
5  53.799999999999997  382.81789873926755
6  48.5  322.32674751916636
1  88.0  66.302128507119079
2  61.0  335.26507524706784
3  58.0  329.02659104018159
4  60.75  343.79039870960634
5  66.799999999999997  400.1087013229947
6  56.666666666666664  376.94547854257638
1  68.0  112.17491841563644
2  63.5  380.84647468642538
3  59.0  344.43598443189802
4  61.75  407.81561097000235
5  59.799999999999997  404.35289574393431
6  56.0  283.96078738122833
1  39.0  209.71849581653416
2  57.5  402.93693323125223
3  52.0  271.00745256178851
4  39.5  401.14806226923531
5  52.799999999999997  389.90709331982697
6  52.833333333333336  440.01433008842741
1  60.0  151.47112277718765
2  52.0  172.69683013765416
3  69.666666666666671  319.20773731297334
4  61.75  453.59862040572847
5  61.600000000000001  435.91063401619152
6  54.166666666666664  537.80713619170535
1  68.0  114.94088764428858
2  67.5  259.22076922199949
3  55.333333333333336  422.13349947710412
4  57.0  457.64552476293073
5  64.200000000000003  521.01276641128914
6  38.833333333333336  302.68520077520537
1  65.0  157.22408978341875
2  47.5  347.4825982540134
3  56.0  368.16136170562078
4  46.5  256.89294958423761
5  64.0  394.65269707671706
6  64.0  342.5063047255606
1  49.0  212.63834331621445
2  68.5  311.92468765810366
3  73.333333333333329  345.35427863969653
4  62.75  485.05016679176452
5  52.600000000000001  431.23129031209817
6  57.333333333333336  405.28686563298402
1  47.0  214.88859958215681
2  59.0  221.27607444381897
3  66.666666666666671  296.99740749611351
4  42.25  343.31544396810767
5  54.799999999999997  447.67607000489994
6  57.833333333333336  440.96877913101173
1  31.0  257.25706565912952
2  39.0  494.39421344354611
3  47.333333333333336  392.2946937187541
4  61.0  350.8445812808701
5  55.200000000000003  457.07262467995093
6  56.333333333333336  515.02655266047998
1  84.0  86.575502666371008
2  40.0  407.54315741402189
3  55.0  316.81334103931709
4  49.75  376.96621171251371
5  52.0  409.71108889530052
6  59.0  474.80561064841152
1  30.0  359.38445404818032
2  70.0  256.21774854407141
3  78.0  259.8603165104397
4  62.75  488.88108134036031
5  56.600000000000001  482.10887184988906
6  60.166666666666664  403.11099586636533
1  52.0  249.70673095458642
2  63.5  233.01562939520286
3  63.333333333333336  304.71395314320017
4  71.5  337.69483804604153
5  66.200000000000003  318.80071827858404
6  57.5  354.04132126613814
1  46.0  315.10358117374898
2  63.0  292.6143229046566
3  53.333333333333336  367.19453069318729
4  58.5  311.99186884227282
5  63.399999999999999  438.38210600790654
6  47.833333333333336  351.25753042316973
1  67.0  139.7489647129045
2  65.5  254.55257267781784
3  64.666666666666671  257.99141065137599
4  60.75  438.75844121924825
5  44.399999999999999  392.21866071674827
6  59.0  305.16576510307499
1  61.0  234.93251346316745
2  54.5  376.66868390161903
3  56.333333333333336  380.32214094514995
4  49.75  453.67389722934513
5  61.799999999999997  279.6885123990574
6  63.833333333333336  467.29149769086234
1  31.0  285.59599241711277
2  60.5  226.95275770633529
3  46.0  474.24844687090109
4  70.25  338.47135278733748
5  62.399999999999999  384.26632537208286
6  61.0  454.02690116631027
1  54.0  210.9351809478722
2  54.0  266.4246677529095
3  47.666666666666664  522.12843536504499
4  37.5  504.61227766578816
5  50.0  364.36943992290179
6  51.333333333333336  609.01874621718162
1  41.0  376.17309472192727
2  71.0  239.49011230115724
3  67.0  306.8192970745489
4  58.0  432.11652626423262
5  66.0  407.13156651949487
6  60.5  306.41326743064712
1  42.0  210.8507388598382
2  69.0  250.51843372594755
3  45.0  571.10779611241742
4  69.5  369.42879593587247
5  73.599999999999994  336.73060303030047
6  57.0  475.00288534292849
1  48.0  314.87868834003865
2  67.0  302.63356594920833
3  67.666666666666671  306.16280050790937
4  40.0  374.28823224128439
5  52.799999999999997  511.53273214911451
6  45.333333333333336  492.10162326150004
1  42.0  222.6998984204962
2  37.0  394.37699107705544
3  51.666666666666664  386.58268987785641
4  59.0  418.60560838030091
5  66.799999999999997  369.84005540745562
6  59.833333333333336  430.8626481058285
1  51.0  250.99999999999994
2  54.5  284.55419910263061
3  49.0  280.20031308789214
4  65.5  403.33463471199553
5  66.200000000000003  398.8181731485401
6  48.666666666666664  421.57566143507768
1  60.0  184.83474706771312
2  45.0  412.91114152063676
3  82.333333333333329  219.83872372434283
4  60.0  429.37394549587657
5  58.0  384.62641488369184
6  63.833333333333336  369.01612261610751
1  48.0  303.90012766506402
2  34.0  389.99465583932897
3  61.0  253.83461644011982
4  49.25  463.11115225038913
5  54.799999999999997  426.0254138603446
6  58.5  524.38520556435333
1  53.0  132.99679283216329
2  52.5  431.67572392781454
3  42.333333333333336  618.48417122862054
4  56.75  457.22997419426093
5  59.200000000000003  455.12240658420126
6  62.5  516.58780185222736
1  54.0  194.25772344228568
2  46.5  454.95776713597877
3  41.0  422.45045339280358
4  49.25  452.75634784994622
5  48.399999999999999  465.37651424492401
6  72.0  377.42853289976324
1  52.0  340.22284133617097
2  69.5  256.63039338845073
3  59.333333333333336  291.75597370921042
4  62.25  413.58799450718777
5  59.799999999999997  454.789822578447
6  56.666666666666664  452.75599947946159
1  35.0  422.82962928818586
2  69.5  278.61340055299792
3  56.0  415.18892186297398
4  50.25  497.9710269739129
5  46.200000000000003  407.59422948260425
6  50.5  418.31792142253573
1  34.0  275.71016128713183
2  65.5  309.63206270006657
3  54.0  385.51597946232977
4  64.5  442.08257487646034
5  57.799999999999997  427.94093932989676
6  37.0  450.76302423446452
1  80.0  147.4428561096843
2  70.5  159.97839335979958
3  60.666666666666664  317.31265623268581
4  70.5  308.25016594387006
5  55.600000000000001  422.77063306777353
6  56.166666666666664  389.19083258957937
1  73.0  140.50742214195051
2  48.0  356.55435414655244
3  53.0  450.04443604632269
4  77.25  316.33209192620342
5  74.599999999999994  355.20947493502234
6  56.166666666666664  526.999427460231
1  27.0  193.18897396351286
2  57.0  353.1526149908014
3  58.333333333333336  325.90680690506332
4  61.25  312.34898189107332
5  60.0  310.33712851359894
6  66.166666666666671  452.58617494481172
1  56.0  244.90242982844248
2  59.0  372.60551824691112
3  67.666666666666671  305.28761857554309
4  58.75  372.61007907488431
5  45.399999999999999  422.62476457865364
6  52.333333333333336  334.44197270962263
1  69.0  140.07479439876192
2  51.0  476.80176289999372
3  59.666666666666664  282.3520761789531
4  59.75  251.82412011322165
5  49.200000000000003  489.81046102386932
6  57.833333333333336  513.26170588251307
1  47.0  203.54161899512127
2  42.5  530.87317794881335
3  77.0  235.76550033310539
4  70.0  327.33641107992031
5  55.600000000000001  394.27778457115022
6  69.333333333333329  467.50616072459007
1  73.0  105.83048295686039
2  53.0  392.46917593647328
3  69.0  305.13958471422416
4  61.0  416.53345816397558
5  72.400000000000006  303.7377348980138
6  49.666666666666664  489.13042752526223
1  49.0  209.25890962199847
2  55.5  333.66178224353143
3  57.666666666666664  385.10554692627096
4  71.75  195.0250053949697
5  53.799999999999997  419.07856153183133
6  45.5  343.61176918328431
1  40.0  231.49218208860208
2  37.0  365.68514594686656
3  70.333333333333329  377.59149412932533
4  72.5  231.92992663389504
5  71.200000000000003  319.26997199036174
6  49.333333333333336  486.27391840631435
1  66.0  154.54377189847619
2  79.0  171.27610462145583
3  56.0  446.43119345990056
4  52.0  366.57992531424293
5  64.200000000000003  399.00462881036975
6  61.5  398.88684368420201
1  62.0  174.79550807267378
2  63.0  244.40152241959811
3  69.666666666666671  198.14665010604691
4  60.75  359.51637180530975
5  51.200000000000003  332.94349166395602
6  57.833333333333336  450.6628867790717
1  54.0  222.11692389804358
2  62.5  341.67218014971542
3  64.0  375.52273850794921
4  81.0  303.83612032061762
5  64.799999999999997  352.37208501900949
6  71.333333333333329  324.30608395258656
1  63.0  211.45089853662924
2  59.5  300.24299816477435
3  40.666666666666664  492.09025591703119
4  71.5  261.61983768886029
5  48.0  461.93646691066078
6  60.166666666666664  477.12756494956483
1  49.0  243.19033036052724
2  46.0  333.62967520549705
3  46.666666666666664  363.96927023811224
4  52.25  409.68812036837102
5  48.799999999999997  470.95697303464061
6  52.166666666666664  439.02463499653311
1  69.0  175.16133364088205
2  43.5  312.93274415663757
3  62.0  366.04738336771624
4  58.0  450.95075618556319
5  71.599999999999994  365.1329506264255
6  52.0  364.7033977549969
1  41.0  283.30939154721375
2  60.0  238.25111464127141
3  36.666666666666664  394.96118660461133
4  59.0  346.16594863040871
5  63.0  402.79100511446597
6  67.666666666666671  419.32507834003491
1  40.0  214.6999984418303
2  58.5  253.02246404653951
3  67.666666666666671  289.84959429443921
4  55.25  467.33060141455672
5  59.0  435.31779271240748
6  56.333333333333336  421.1904437802711
1  66.0  178.31514264371339
2  42.5  436.12497198730017
3  53.666666666666664  380.06212686687883
4  43.5  387.9088376489313
5  63.600000000000001  467.35839218270183
6  57.5  349.86990230632227
1  64.0  190.07739303565273
2  51.0  386.05912821447788
3  62.666666666666664  322.00429122263239
4  59.75  311.85660960737903
5  57.600000000000001  425.2511184215702
6  64.666666666666671  462.8710596660664
1  57.0  390.40071732915118
2  37.0  346.52756026974583
3  74.333333333333329  281.02618685834159
4  63.5  400.05960958882605
5  63.399999999999999  308.66652851710313
6  52.666666666666664  450.26584693675693
1  53.0  227.89866878766355
2  77.5  143.1670834833406
3  67.666666666666671  320.6211756330913
4  56.5  420.95516560233659
5  56.0  452.96605522895112
6  60.333333333333336  491.89513505403471
1  52.0  308.57667486738461
2  65.5  288.72633987680382
3  75.666666666666671  237.30846816782471
4  68.25  411.04489319394304
5  60.399999999999999  419.02512326910283
6  54.5  456.77302000286556
1  32.0  281.87678653538325
2  61.5  247.47982127272473
3  72.0  260.61733170835657
4  61.0  389.08550717319406
5  70.0  428.34727012009603
6  44.666666666666664  455.4170593644443
1  56.0  149.48082948315957
2  63.5  307.3271734668632
3  58.333333333333336  378.08168579950831
4  61.75  440.64074339713608
5  58.799999999999997  506.80267589601794
6  54.333333333333336  424.42495428946927
1  74.0  133.64144483691891
2  60.0  380.68696681130081
3  64.666666666666671  300.80138377046836
4  53.75  515.94006739480903
5  35.0  611.60379938987774
6  65.0  354.26122162426043
1  44.0  313.44266905609493
2  45.5  504.40475766434946
3  61.0  386.04611654483057
4  65.0  339.6190978117412
5  57.200000000000003  489.64953016339911
6  46.5  495.26114357989906
1  76.0  142.8043385606168
2  46.0  453.56066105514032
3  69.0  294.79321992608499
4  56.75  517.5149242339686
5  64.599999999999994  405.49518559011693
6  62.166666666666664  424.49104513408321
1  54.0  193.87819016805744
2  54.5  342.51123823893096
3  54.666666666666664  417.28550512204748
4  62.25  396.07997274182594
5  57.600000000000001  522.81063525318416
6  57.166666666666664  475.72006397298719
1  66.0  168.02010498913154
2  67.5  236.87069601103894
3  54.333333333333336  405.77238987307175
4  63.0  375.46816309512468
5  61.799999999999997  388.40877022135368
6  59.833333333333336  409.50405884555886
1  54.0  311.68974775195056
2  75.0  225.8130739165818
3  64.333333333333329  309.75117753770127
4  57.5  361.84362193342849
5  52.0  441.74169817991606
6  69.166666666666671  403.7623517556039
1  49.0  237.53356616733558
2  46.5  353.65002838070063
3  62.666666666666664  241.39531441192091
4  70.5  312.66647640625479
5  63.200000000000003  369.10181954727108
6  48.5  491.51007519871553
1  71.0  203.58654288827231
2  65.5  241.63862488488334
3  63.666666666666664  391.19564439369469
4  66.75  440.8602232318093
5  49.200000000000003  435.68851097753941
6  61.666666666666664  426.96662049899601
1  64.0  167.61010476119736
2  70.0  245.15357165826757
3  71.0  375.67699199730436
4  61.25  307.12903679883556
5  63.0  396.46375642425784
6  55.333333333333336  311.28382151721667
1  52.0  200.93496592966002
2  49.0  333.95702913670823
3  49.0  525.44520879087509
4  61.5  383.15646352414751
5  56.799999999999997  353.82135465593672
6  47.0  383.30326726828883
1  33.0  347.30432463811201
2  49.0  337.65956716723241
3  64.333333333333329  300.1387040042639
4  68.75  373.5021368984286
5  67.799999999999997  461.6176707075382
6  49.666666666666664  481.87935915824443
1  71.0  182.78703185927421
2  65.0  297.88492489539891
3  70.333333333333329  281.79975937414707
4  68.25  342.48295316960639
5  60.0  529.33071530093343
6  36.666666666666664  509.82699665914754
1  65.0  147.69672921525694
2  77.0  187.0486816065835
3  61.333333333333336  316.10379433884538
4  66.5  338.90542221868571
5  58.0  439.38291443014958
6  56.333333333333336  516.2825423251204
1  37.0  395.76764642688852
2  47.0  481.41431483773022
3  56.0  472.47388220788298
4  65.75  420.20585329317674
5  62.399999999999999  443.93278319210395
6  65.5  458.43616048206388
