2  34.666666666666664  164.24447153968433
4  25.333333333333332  265.69283764826042
6  47.0  215.03300647757311
8  60.333333333333336  359.48361508535322
10  66.333333333333329  370.7490422992326
12  95.0  292.02461226437271
14  66.666666666666671  507.4845012904558
16  65.333333333333329  453.46466474486016
18  81.666666666666671  419.26810509952759
20  83.666666666666671  356.96346151053126
2  37.333333333333336  184.49178011195204
4  12.0  199.36487032900416
6  62.333333333333336  304.33945113772626
8  70.666666666666671  317.58971013307263
10  60.0  412.32033204125639
12  76.666666666666671  385.46252456023217
14  79.666666666666671  382.99969773539704
16  88.333333333333329  290.40359421369106
18  77.666666666666671  442.13397929480925
20  83.0  343.72811404523429
2  39.333333333333336  175.60602585957596
4  38.666666666666664  297.11824805552203
6  68.333333333333329  238.14473816665989
8  77.0  278.86321615974111
10  64.0  398.54982589832849
12  74.333333333333329  454.52409023084994
14  78.0  417.06517264436172
16  94.666666666666671  239.05941863096146
18  82.333333333333329  433.36443024955014
20  89.0  342.03539886196393
2  33.333333333333336  142.3308726126393
4  29.333333333333332  241.61447226525038
6  34.333333333333336  296.01095819772735
8  55.666666666666664  306.27091036891454
10  79.666666666666671  348.56923789830694
12  81.666666666666671  293.23043141918311
14  60.0  472.4140729200742
16  74.0  454.69508804403523
18  75.333333333333329  388.10735830248143
20  79.666666666666671  415.23355732268584
2  43.666666666666664  187.95873496420421
4  61.666666666666664  215.14739558974475
6  88.666666666666671  206.99183406663263
8  67.666666666666671  292.35477935124447
10  56.666666666666664  475.1697484747591
12  83.333333333333329  313.80489770778735
14  63.666666666666664  491.95848613946112
16  76.0  488.56053428914197
18  71.333333333333329  443.76364764585651
20  85.666666666666671  332.78346679337835
2  19.333333333333332  190.60703782387426
4  40.333333333333336  284.86161996841719
6  55.666666666666664  277.92023600202378
8  49.0  364.97592006756935
10  68.666666666666671  299.21831265402852
12  83.666666666666671  273.42107200781305
14  66.0  517.97118870974225
16  84.333333333333329  278.59653126165222
18  73.666666666666671  446.29832833041041
20  81.333333333333329  424.53660436399429
2  15.666666666666666  145.53165774740555
4  41.0  298.53103131256984
6  71.0  239.84972013812882
8  50.666666666666664  245.45827561917358
10  83.0  291.63427220706774
12  84.666666666666671  332.12913069321735
14  74.666666666666671  460.22183897244469
16  90.333333333333329  298.44286488913627
18  76.0  632.4396653936227
20  80.0  443.2130699550778
2  50.0  166.85650421083946
4  26.0  162.43916108928568
6  50.666666666666664  369.14752934737169
8  49.666666666666664  453.11179387727225
10  79.333333333333329  329.78095877618131
12  79.333333333333329  280.61262218116906
14  79.666666666666671  293.94760594751068
16  79.666666666666671  410.67866168543077
18  82.666666666666671  378.04845859818965
20  81.0  483.26698935432182
2  46.333333333333336  169.39873938087769
4  49.666666666666664  213.51232945987206
6  50.0  269.09559104734723
8  81.333333333333329  253.92495929144866
10  60.666666666666664  411.6635576907438
12  74.666666666666671  283.04990164987237
14  71.333333333333329  398.86308881424776
16  67.333333333333329  311.83346751945498
18  63.0  389.98276340164631
20  89.333333333333329  296.24655936288656
2  25.666666666666668  170.91661021765793
4  32.0  259.4988938899541
6  65.0  188.2327075142328
8  57.333333333333336  358.15607778027862
10  48.666666666666664  346.65653379298431
12  79.333333333333329  386.86126204292572
14  78.0  385.72715850212228
16  74.666666666666671  472.55920782419525
18  78.666666666666671  385.37946082178911
20  85.666666666666671  377.34827989832331
