1  57  115.22980262205034
2  47  178.20867545481727
3  69  189.03508164604543
4  74  134.5827082887939
5  60  221.66801104657895
6  50  368.09014423937856
1  83  105.22565413738353
2  76  152.33190851912642
3  56  301.13991292601173
4  56  170.21544279345872
5  44  295.45541358536985
6  33  460.08125560089519
1  76  124.69708843283767
2  70  216.95936428442116
3  46  157.1949184412407
4  56  234.41446852455121
5  70  176.42263290199017
6  48  406.93631864996797
1  76  176.17134957756971
2  33  217.13605263555417
3  61  291.78846035554017
4  45  230.78784859716654
5  61  247.3732034161568
6  62  248.64857187149613
1  81  108.25164909883372
2  67  227.85890777900201
3  53  33.349796030203649
4  65  170.91860675082137
5  65  243.86710664425075
6  51  286.09098531076239
1  71  129.82937443598183
2  54  143.26230226033593
3  74  103.87716856409882
4  31  545.89102416061564
5  36  287.32897742157263
6  53  318.13732580832362
1  61  201.05741272910817
2  65  186.15657301137745
3  57  228.89301370263502
4  57  307.66856524515441
5  32  331.44400627688339
6  62  324.34470595616517
1  66  147.23908785290178
2  46  281.15196832332225
3  48  307.83526997548432
4  50  347.87899862818045
5  55  244.71070436254615
6  49  360.94518651095166
1  59  180.02291192336631
2  65  189.97705277490084
3  81  98.873943489200187
4  58  284.0434601812201
5  35  572.64779638677385
6  57  323.60260060211743
1  89  51.578128787285074
2  58  122.11624794576485
3  47  99.496876597429235
4  73  187.94835103485701
5  59  229.03900893119973
6  47  288.02585034140492
1  64  186.07195848105982
2  70  195.40632297058136
3  53  315.70892169482039
4  47  277.65420977234004
5  64  185.53493913457046
6  28  528.01227749199563
1  68  91.512702310817218
2  64  188.33277666215415
3  55  153.80656251678926
4  77  165.24241021566078
5  58  163.37592885362079
6  68  309.82908451346128
1  68  91.670245827525278
2  85  117.74540610080328
3  81  92.04040397065566
4  80  82.24951698941922
5  30  549.46715374510893
6  33  254.45713067533205
1  81  105.05638614977872
2  71  103.17684781721665
3  27  204.41117199060909
4  55  299.70398479322051
5  43  335.5267005295683
6  60  269.44525516542092
1  70  163.45912836870349
2  68  179.70414239285162
3  52  287.33483428976291
4  45  346.58385243220943
5  61  285.13209373494698
6  47  340.82470224933934
1  67  185.61545206667788
2  71  152.91231851734116
3  59  332.28211231630064
4  71  212.79924951805557
5  59  263.00500994850097
6  59  170.29057201098709
1  61  163.89613822368844
2  58  286.06050168234179
3  55  201.98619010356884
4  61  179.60009319651658
5  20  514.62288098667841
6  40  439.1596942428543
1  79  142.06527280081173
2  30  306.90846569681003
3  68  233.93213080867071
4  80  123.18636743737532
5  31  362.12003202655615
6  32  499.99041022440781
1  74  116.70020839034068
2  41  306.08684848796383
3  75  152.93955424426716
4  37  382.15086806584128
5  55  296.4576711457305
6  70  168.99173102624286
1  85  82.512444652305589
2  63  195.97968993505708
3  67  141.25779824763927
4  68  225.3777366527089
5  36  459.56705957806554
6  33  441.82236710645526
1  61  234.78309973280395
2  64  256.45364228567598
3  36  351.80232644601455
4  41  215.08783410554841
5  62  274.82886060691175
6  66  157.58872650206624
1  88  89.239121036695281
2  71  101.54668516568618
3  54  182.44315943432227
4  27  376.60593841746413
5  48  237.24544227641425
6  56  275.68203895006621
1  66  166.92566890839151
2  81  83.005549477402766
3  70  263.94818912627369
4  57  211.80894240339651
5  39  299.60951848763256
6  28  317.34856878691517
1  79  98.86908248300881
2  60  183.38075693249741
3  44  296.8384679529326
4  55  266.36446844556821
5  41  252.21490930929852
6  51  213.43497352999123
1  72  192.46172798009974
2  75  123.17666264068495
3  30  413.52953465402396
4  40  363.86867739446183
5  34  392.83230004451406
6  28  406.65492107826032
1  81  102.32588456530658
2  59  249.46068502908696
3  71  130.30190207287995
4  24  636.8793257371193
5  43  289.33431619139856
6  26  369.15868114772269
1  82  115.89784821483492
2  53  208.61563279570888
3  73  163.22191997993738
4  60  289.75106176196704
5  56  375.14855122610339
6  73  118.90178302240616
1  89  57.306735528440221
2  68  166.39165927675523
3  29  691.12768793300802
4  59  284.08559875314927
5  58  273.4349477076604
6  33  458.53704033303222
1  84  70.979151442582321
2  71  136.63147007643744
3  33  389.60111743178777
4  37  455.8982216164917
5  50  391.04872043613761
6  50  254.17160818193989
1  63  140.24864448061535
2  61  303.35152501320488
3  36  441.29470759908725
4  38  334.98381142144422
5  81  132.12598190573729
6  49  346.7036419090046
1  57  225.5059378106165
2  81  97.029977574937377
3  54  208.80965240561
4  62  199.65274914636427
5  44  229.32070268031774
6  36  302.92158268336789
1  90  62.47738314390125
2  59  206.17078032018108
3  44  306.40864531398
4  50  299.89328255429035
5  57  217.49603638267675
6  66  191.33198799431221
1  80  121.99141307543137
2  68  181.21069182934392
3  52  403.26081847670315
4  40  242.33541990324181
5  56  243.35853842044861
6  65  204.92735070523077
1  85  102.2073046347456
2  42  231.96634355804503
3  51  273.36393521175404
4  62  212.69672118139758
5  45  456.69081710279943
6  50  166.75803576716118
1  67  222.40810728447994
2  64  170.1190593126183
3  52  341.34141483118628
4  50  422.26950194446425
5  53  369.36364607312743
6  42  382.54148461414553
1  82  126.16243894997845
2  48  410.14278103859778
3  48  465.13011346923048
4  36  402.5855499253625
5  54  255.16674415201217
6  45  389.35364802707392
1  59  173.00490411542566
2  60  160.7533108261002
3  70  183.72018457994534
4  44  407.51150073607391
5  55  251.36008332205751
6  58  202.48347499855251
1  81  101.29046653040596
2  35  337.17199332165757
3  57  240.3127337111072
4  24  326.47204185263615
5  57  333.92774637963493
6  44  248.05361320812861
1  69  167.78008741728436
2  84  81.687988958377375
3  72  163.05626753865354
4  63  200.42270194085157
5  46  294.86499900673113
6  7  478.79614948335939
1  86  79.243572310860301
2  45  393.37292051885316
3  74  177.68191174564777
4  61  203.71394442398378
5  36  399.22846226078764
6  59  277.409123727154
1  50  118.64934102283839
2  68  202.45706230059002
3  72  205.0001692089059
4  66  178.32363197483247
5  40  210.60036614027388
6  31  371.71111269635384
1  71  109.38393505446112
2  66  294.49286217907212
3  67  254.96135278092427
4  64  179.54951970589957
5  42  384.19158619803329
6  49  275.25897416310534
1  80  104.48494089321747
2  75  194.96097549743874
3  52  225.80314442456245
4  44  260.38928162828438
5  63  157.23116213656201
6  33  449.51447336135863
1  83  99.257682632856472
2  62  135.30078737269639
3  75  151.1204399304747
4  63  315.37495675437924
5  31  316.91513265576782
6  64  212.41799105290187
1  62  141.32174769368362
2  72  194.67586638257347
3  76  110.55177999073196
4  53  339.20427561405745
5  38  286.9659881881359
6  48  147.65055896371229
1  69  187.29654480709817
2  52  261.21671423576493
3  63  213.98049029127432
4  54  262.13620293910492
5  51  325.36584974679971
6  40  274.49996789099617
1  58  213.20640798211198
2  90  66.265983302142516
3  49  343.71957962352809
4  46  295.89579840956128
5  40  391.87750090250506
6  65  212.05932298294186
1  73  152.33230264902218
2  54  376.892680074243
3  44  384.68211453794589
4  26  463.35110438276968
5  48  192.25617288919517
6  61  219.31890375835366
1  69  68.773575843746357
2  72  164.67864231031285
3  65  168.2224848436602
4  84  87.621556876131024
5  61  283.49925120241045
6  21  597.52769718444586
1  75  145.55641534436782
2  26  271.81875469154153
3  41  362.00162686401677
4  52  177.03505200391797
5  75  144.01312541095879
6  71  165.22527803955035
1  89  56.9917799024659
2  70  207.88964082495673
3  58  163.23144565608195
4  52  366.51373464230295
5  23  594.57448752053517
6  47  274.78151669570593
1  67  166.94948248933545
2  52  350.74697047001968
3  44  246.79591423585035
4  59  202.82051727363907
5  37  406.85202886000468
6  67  237.26815783808397
1  63  181.19756741873454
2  54  224.55380572558832
3  83  107.70455962468785
4  72  155.14269784027749
5  78  147.49841160895949
6  44  363.01509812233519
1  77  135.52257878007592
2  65  164.63703079175556
3  37  303.03128060039569
4  59  281.70905440176114
5  28  560.02131026112659
6  6  688.86618630155419
1  64  179.00059613302042
2  64  127.70060666274482
3  49  155.66421390860074
4  46  339.809345703568
5  30  309.11420002906226
6  40  249.63185185570384
1  68  143.58179545365778
2  51  180.32282091461389
3  52  241.948075665647
4  49  283.54415721591243
5  60  323.87904120695549
6  52  180.80718308401805
1  45  52.339149393965982
2  51  345.91608635314623
3  77  115.69389436057905
4  77  123.48747681150775
5  35  369.76039277051399
6  38  445.04308106236391
1  54  150.14900003849795
2  88  53.615086081768801
3  25  367.73775194833797
4  40  347.86275535792555
5  40  214.9311460570386
6  47  439.74862868051645
1  61  158.67818913398531
2  79  119.93215545704777
3  47  219.05526238844593
4  69  210.47424147808033
5  41  386.91415371698349
6  51  297.31800489771723
1  44  325.62349013381009
2  64  214.66447192756826
3  45  478.07832483992843
4  70  219.24784295164071
5  39  367.72710819064923
6  53  225.68855864395712
1  92  48.871070620328467
2  63  186.82089811827473
3  63  241.11534057579416
4  43  397.99444161218975
5  74  146.33027471278587
6  38  439.54315341132514
1  78  166.45102265275011
2  57  223.8536997035132
3  37  510.11419155322534
4  65  99.82967548053729
5  60  245.33884262754063
6  60  215.70480069887944
1  74  175.9768066137608
2  27  467.11182072971457
3  66  260.05109653149214
4  40  296.40908077132173
5  59  278.34544705817814
6  33  566.29560193510724
1  83  72.536555034018349
2  55  170.76344186057216
3  55  193.33279961679142
4  65  200.07122295250926
5  43  351.44949919980974
6  35  481.09092874660189
1  85  118.52295591658954
2  59  146.42830010161353
3  58  203.1031158860942
4  73  136.77372565566731
5  42  364.46040933069906
6  41  422.48403364235463
1  77  161.32391579224506
2  48  307.37264105127582
3  65  125.60961567911787
4  38  331.54597814173229
5  31  390.59701902279915
6  45  253.14844180670329
1  76  138.58508584565848
2  71  138.56325734846288
3  68  226.74203573954114
4  14  679.6483314046817
5  75  163.74634825276013
6  64  159.16964054477427
1  86  87.836661434804384
2  29  305.76271788638451
3  48  320.79523171222502
4  54  227.79103837860046
5  42  378.1896360360347
6  35  352.03906336750288
1  88  76.329635994461896
2  73  127.22920151181404
3  82  108.02400722398508
4  79  143.57308543981102
5  55  166.44342471480863
6  59  335.71175201238361
1  57  142.63393536303536
2  92  42.644701817023083
3  61  123.41247281920518
4  64  183.40849667626713
5  32  499.76209837762121
6  40  360.76212535201813
1  77  86.511679284632052
2  58  178.89927574461399
3  46  265.50364814350223
4  72  168.74640008264581
5  64  141.00704333582888
6  70  207.01924552819318
1  63  132.5195019357385
2  71  120.1627773424034
3  31  326.58774995034616
4  41  466.61701345453116
5  38  233.28548868559395
6  73  130.06295255357176
1  87  86.028328268694821
2  60  307.05424108229192
3  61  284.19347780703492
4  51  272.3833185480122
5  36  393.89008763278696
6  34  486.9726033420896
1  81  84.426414901518442
2  52  245.38448529190859
3  60  248.83358287928954
4  83  104.866386187854
5  56  236.19564464682088
6  39  341.71581791120462
1  66  107.46839135904671
2  43  349.24835293156053
3  47  269.74453488139494
4  54  219.64617662376006
5  58  350.36715407019335
6  39  192.89835132089817
1  67  192.11552761625708
2  54  332.26051692027244
3  55  344.20738851960522
4  47  411.50483992261917
5  53  283.27101248948503
6  41  194.74321481956687
1  77  113.63978502974155
2  47  189.09989883536977
3  80  108.0278040537482
4  50  366.3300980420326
5  51  262.53671940420577
6  17  503.48338105705403
1  73  137.2440165011111
2  70  146.35478838093664
3  53  261.40529732440422
4  34  215.27935361343276
5  46  214.12232267532556
6  51  337.43033375387284
1  81  117.85552986503464
2  71  171.01485681464865
3  55  341.73659717195426
4  32  674.0750400607601
5  56  291.58617673389585
6  37  393.52464082795296
1  40  238.38936557426584
2  51  94.230166308001657
3  53  152.14001543830798
4  54  202.58485659889217
5  39  529.437261572956
6  80  87.463649826915258
1  76  132.17191301777885
2  51  217.89387841237564
3  82  90.683965994013278
4  51  375.11053307695983
5  66  220.33571329411276
6  52  280.77112463011821
1  53  228.16148100482374
2  74  96.090630799860079
3  68  206.96627323341548
4  66  221.81122447086005
5  43  345.53606120136675
6  52  263.07808467747833
1  78  145.92122121130296
2  73  202.57364750899737
3  74  128.82729773765627
4  76  127.06206633638848
5  35  355.2936131285856
6  71  176.46085429593475
1  84  96.985549835914313
2  70  181.37055942219172
3  79  159.83147946560808
4  59  278.57508778279754
5  63  343.97617653289018
6  49  223.9508398406885
1  61  153.21716291895694
2  63  189.36172741415356
3  65  233.866048511321
4  31  537.34144740057627
5  48  306.41302302188416
6  66  317.62144218481677
1  78  117.07188114776498
2  67  128.01636876681476
3  53  376.71360437710086
4  67  170.49874347001543
5  26  581.69156628345218
6  52  350.27582702809588
1  82  88.302140136251481
2  60  276.41530276683665
3  59  176.18587630108945
4  42  313.72334865824217
5  37  475.65476162435999
6  49  324.05513575222591
1  78  89.26007869917504
2  71  224.99724707076996
3  70  134.18513734810409
4  45  276.14012073663019
5  35  550.90797492767149
6  72  182.93991859235427
1  69  159.47897107297274
2  24  204.98595753329042
3  69  102.45980114977087
4  42  405.71259806688818
5  45  285.25340800581705
6  63  225.30482510926336
1  79  113.79285376198889
2  72  101.28843236236602
3  50  330.35668206161097
4  79  200.83106285001114
5  71  154.07906616898711
6  56  249.98025233961704
1  54  91.831221912375341
2  66  157.68593234093618
3  45  320.65551972691958
4  70  256.31665619192552
5  61  232.29907657962696
6  64  239.80106740497274
1  57  242.18628803519007
2  48  390.16173892675545
3  50  388.32324924782165
4  39  189.56309942967334
5  43  369.55952922348092
6  61  224.51654641726927
1  59  192.452990020718
2  35  417.61523317308666
3  81  96.526731932672675
4  52  262.28199246825267
5  30  353.25733256741069
6  42  361.18951205890511
1  55  281.92548433645726
2  54  181.05821985389636
3  41  179.35351445318204
4  49  271.33951959747651
5  35  287.27277794515123
6  72  112.05835421926218
1  70  181.06856669862867
2  45  318.52398366659565
3  62  204.93529826342279
4  49  156.18006794755814
5  87  56.831177769955218
6  49  352.07098832209044
1  68  176.38329767368586
2  74  211.41142259520709
3  66  326.36891890100452
4  70  135.80290640058433
5  75  155.45545732307247
6  28  373.62690709788626
1  49  46.141312236436491
2  61  227.70842245711867
3  46  268.80162996531971
4  53  356.79302074136569
5  44  364.09211584767303
6  47  261.71998756678175
1  53  160.42732128217384
2  72  152.85029606972489
3  66  212.82212423842134
4  52  234.5856696294681
5  42  104.34731517283289
6  59  317.33512742082803
1  97  22.28599598783811
2  41  358.42214212603301
3  58  162.55361952226667
4  21  686.0804287910513
5  72  262.56488677945816
6  51  273.65829575930604
1  53  157.83805517017316
2  29  324.80146534307812
3  75  125.13234327459645
4  67  212.74165134028033
5  66  186.38829924532845
6  60  216.1745603634152
