2  20.0  141.9337946822269
4  35.333333333333336  245.70638315434994
6  52.666666666666664  325.84011160942453
8  89.0  254.24734390283183
10  70.333333333333329  340.86130764171804
12  75.333333333333329  427.21840405884251
14  73.0  479.37831940183645
16  89.0  344.7386115975404
18  88.0  395.86199541206662
20  68.0  505.43252762744163
2  31.0  166.72143832380522
4  61.666666666666664  327.5591673217279
6  59.333333333333336  297.4660303972712
8  76.333333333333329  339.49714168119874
10  64.0  453.56776821026489
12  78.0  420.67702188275126
14  69.0  527.42219928682982
16  89.666666666666671  360.80807141363363
18  73.666666666666671  509.29038406534119
20  82.0  341.05308976564811
2  13.0  163.33251643477351
4  31.666666666666668  258.56601048251736
6  67.666666666666671  270.00860571433333
8  57.0  443.30118233208276
10  70.0  363.29615564733001
12  66.666666666666671  438.69519941823194
14  74.0  403.04079007019561
16  52.666666666666664  521.57025182951122
18  78.0  437.85240119048302
20  96.666666666666671  253.99593611354516
2  22.0  165.9941562202149
4  21.333333333333332  83.535350661288334
6  54.0  344.84063797431531
8  61.0  417.8223157722191
10  66.333333333333329  417.99325715782129
12  73.666666666666671  351.5040856761122
14  74.666666666666671  425.45932167298355
16  81.333333333333329  433.82412725857961
18  69.333333333333329  477.48181000950575
20  82.0  526.20025111779262
2  12.0  173.85846606612051
4  43.0  317.74003117271684
6  42.0  337.96334219781977
8  77.0  332.29351612593001
10  63.666666666666664  462.50324958620467
12  71.0  370.83548496210392
14  65.666666666666671  424.96073771351348
16  80.333333333333329  365.62139231201041
18  71.333333333333329  594.33521292069304
20  69.666666666666671  587.70158014202298
2  24.0  124.2798760455823
4  47.666666666666664  277.19831049590192
6  65.0  294.74920918721142
8  53.0  305.54860421424866
10  68.666666666666671  436.66674754173221
12  73.666666666666671  424.87636493477459
14  82.333333333333329  393.14097914366664
16  78.333333333333329  448.37547275566754
18  76.333333333333329  491.70030761875984
20  81.333333333333329  417.55898321305182
2  23.666666666666668  179.97744737952897
4  68.333333333333329  270.12726322603908
6  45.333333333333336  369.53666682736809
8  52.333333333333336  443.3953235709651
10  57.333333333333336  508.20340109120718
12  61.666666666666664  432.29623034224159
14  75.0  407.53098228937336
16  62.0  545.03984936142979
18  72.0  554.6789028063863
20  78.333333333333329  449.54288581347708
2  30.0  94.700347367452139
4  49.0  306.65369594626907
6  59.333333333333336  285.30269603154159
8  50.333333333333336  346.25921711948735
10  62.666666666666664  387.80022876595575
12  58.666666666666664  502.58957425577313
14  84.333333333333329  299.38425592701503
16  85.666666666666671  394.36418971117951
18  77.333333333333329  452.6091714803585
20  85.0  366.70985287581146
2  36.333333333333336  176.92249833963828
4  28.333333333333332  322.36734358360002
6  45.0  316.66201524844143
8  53.0  440.29763508125865
10  66.666666666666671  439.25285447857499
12  74.0  458.31729279944528
14  71.333333333333329  442.98041884959991
16  83.666666666666671  434.22127111835005
18  88.0  393.74386762059299
20  78.666666666666671  582.32535770878235
2  27.666666666666668  183.70544412090499
4  37.0  267.87341127077951
6  58.666666666666664  388.68359887634494
8  57.0  381.91605277873435
10  77.333333333333329  303.32668830605041
12  67.666666666666671  405.37604291750728
14  61.666666666666664  396.06047160700871
16  67.666666666666671  460.47994110281763
18  88.333333333333329  340.91659423766703
20  74.333333333333329  529.58687128782844
2  33.333333333333336  181.57463203977525
4  35.0  203.79910762951317
6  65.0  274.36286858931163
8  63.0  378.91896114890437
10  56.666666666666664  412.21802159641521
12  69.333333333333329  406.28927625245046
14  77.0  418.13374300450033
16  82.0  365.71228884623201
18  80.0  449.98727066199825
20  65.0  762.71864914163064
2  20.666666666666668  95.121496226606382
4  47.333333333333336  212.83162091873825
6  55.333333333333336  293.23347607441178
8  62.0  382.98081440459833
10  58.666666666666664  434.24622696453042
12  52.666666666666664  566.15657538219705
14  85.333333333333329  360.79077896273873
16  76.0  391.87311658027909
18  67.666666666666671  639.96638171255586
20  69.666666666666671  658.17119124212627
2  26.666666666666668  167.58913378042382
4  40.666666666666664  141.11167108720579
6  61.333333333333336  333.48893773840132
8  79.0  302.28796306201764
10  46.333333333333336  469.65161091172172
12  73.333333333333329  384.04563695049075
14  85.333333333333329  293.5901275770737
16  70.666666666666671  502.79860154672599
18  89.0  339.64182402061988
20  89.0  371.33993331458311
2  26.0  167.1752851866535
4  9.3333333333333339  308.28974579463619
6  55.0  355.54578582703465
8  48.666666666666664  405.75487266859864
10  72.0  389.83644847464677
12  72.333333333333329  432.38730405179126
14  48.666666666666664  594.13845363822031
16  80.333333333333329  443.56368512291056
18  76.333333333333329  425.88117032370212
20  84.0  389.90546473330312
2  28.333333333333332  151.61345200270469
4  64.0  262.01819554947377
6  61.666666666666664  335.82621580427235
8  67.666666666666671  349.30358504018926
10  65.333333333333329  380.39342823987641
12  77.666666666666671  365.11032844229959
14  81.333333333333329  339.62908842415004
16  82.666666666666671  351.09772340470391
18  88.666666666666671  309.03144798186321
20  80.666666666666671  466.99309350753271
2  23.666666666666668  192.69899906605588
4  64.333333333333329  302.97280690957842
6  44.666666666666664  342.4424452083191
8  55.0  361.85923341616973
10  63.333333333333336  387.76855860983557
12  70.0  463.28225488831532
14  74.333333333333329  468.83912960605289
16  69.0  521.32538414016699
18  87.0  371.02390359943803
20  86.0  367.20003358537861
2  8.3333333333333339  185.90366024324894
4  11.666666666666666  156.00348844231686
6  54.0  305.12122572585491
8  58.0  417.28832945015881
10  56.333333333333336  434.73414855244778
12  69.0  394.04556582756584
14  77.333333333333329  394.65421325018082
16  69.666666666666671  501.49014300610935
18  72.333333333333329  508.99233931560553
20  82.666666666666671  460.63296704474067
2  16.666666666666668  140.34021109801719
4  30.333333333333332  203.90763107046678
6  59.0  331.81319535317999
8  53.666666666666664  397.52291169052882
10  78.0  388.03247440729501
12  67.0  480.77220865460373
14  58.666666666666664  558.24443859477458
16  83.0  373.56181855823149
18  55.333333333333336  718.86449061187432
20  84.0  427.64380999344456
2  22.0  103.62213643404861
4  45.666666666666664  241.99637993814054
6  65.666666666666671  331.21279796787655
8  52.0  441.28261260304333
10  55.666666666666664  375.16324801532954
12  68.0  388.39742693628597
14  65.0  469.66302135557652
16  86.666666666666671  356.00853034015233
18  77.0  518.34562967928764
20  80.0  383.28427420411612
2  19.0  158.36169555140643
4  76.333333333333329  274.97418240713137
6  40.666666666666664  422.04025181370571
8  60.0  309.36159619370295
10  67.333333333333329  382.70991081244642
12  82.666666666666671  288.05022438990989
14  74.333333333333329  434.09113025575164
16  86.0  369.70430459946465
18  69.0  421.90258856348396
20  82.333333333333329  478.28628609957929
2  28.333333333333332  176.8351976594781
4  44.0  269.44386580911032
6  88.666666666666671  261.87800576236191
8  68.666666666666671  335.09050951281097
10  68.0  432.87996626834462
12  71.666666666666671  372.72255278733638
14  68.0  475.90726783928608
16  80.333333333333329  429.5017435019156
18  77.333333333333329  399.24770634640703
20  77.0  576.43541254531237
2  11.666666666666666  199.00044645701345
4  44.666666666666664  301.09195069366524
6  69.666666666666671  287.08529515503722
8  61.0  319.00570019824937
10  55.0  325.59329352554045
12  75.666666666666671  382.72124102890666
14  86.333333333333329  317.13634369623492
16  74.333333333333329  423.26487251050645
18  87.333333333333329  344.76741623126264
20  76.0  514.23568066784651
2  36.333333333333336  153.96341793519852
4  33.666666666666664  269.40172169055364
6  42.333333333333336  388.77525215265774
8  63.333333333333336  381.24446225449708
10  76.666666666666671  351.77809487581482
12  76.333333333333329  335.00556185416309
14  66.666666666666671  470.07712014213303
16  70.0  485.87270398270556
18  83.666666666666671  384.08975264582938
20  85.0  347.78190212441291
2  23.666666666666668  161.0097396163888
4  37.666666666666664  255.91609938726955
6  32.333333333333336  396.07361205004321
8  57.666666666666664  415.90269181708908
10  59.666666666666664  460.25510213574455
12  74.0  365.35197072603216
14  68.333333333333329  459.9050249866205
16  69.0  500.71366074812988
18  84.666666666666671  451.7611886850454
20  89.666666666666671  340.17306182194648
2  14.333333333333334  156.08255696497105
4  34.333333333333336  268.73071406998218
6  82.333333333333329  197.0762511483446
8  72.0  388.41156601828686
10  52.0  405.05900653593829
12  63.0  413.3686786208965
14  66.333333333333329  389.40536742093258
16  71.0  547.23006305080685
18  81.333333333333329  466.69945984584461
20  79.666666666666671  495.52748269842112
2  33.666666666666664  174.21554542604935
4  55.333333333333336  231.74781201479149
6  39.666666666666664  333.53965588696224
8  64.333333333333329  346.47470917057137
10  63.666666666666664  371.11550393480331
12  74.0  422.34233930854685
14  79.666666666666671  386.06006762527039
16  58.333333333333336  546.73170670687966
18  77.333333333333329  457.87640822088292
20  79.0  508.96720266501825
2  33.0  146.28963340777938
4  28.0  175.64224898149229
6  47.333333333333336  354.7476753060468
8  59.0  345.85782720088275
10  63.666666666666664  458.66875281269819
12  68.666666666666671  360.51178365602595
14  78.666666666666671  388.56195698989393
16  78.333333333333329  407.4934613768022
18  76.0  498.21007023379013
20  67.333333333333329  581.93260157268003
2  17.666666666666668  104.78957940069161
4  38.666666666666664  289.48406452558424
6  70.666666666666671  334.40603860692738
8  73.0  331.51988390630521
10  52.0  486.33044609178523
12  71.666666666666671  416.3747320882685
14  76.0  421.7231278479631
16  87.333333333333329  333.92981636749494
18  89.333333333333329  358.82086848557748
20  67.666666666666671  531.50484636500846
2  9.3333333333333339  176.27412287886997
4  36.0  301.16449746567127
6  60.666666666666664  296.35167472896956
8  60.333333333333336  318.08504188484682
10  59.0  446.73602432187499
12  72.666666666666671  445.080643601578
14  71.0  489.9645376581999
16  69.333333333333329  476.10380097204143
18  91.666666666666671  290.42148302771903
20  74.666666666666671  537.22675519833524
2  26.0  185.79656314737736
4  55.333333333333336  262.89507175330692
6  38.333333333333336  333.09076329069603
8  60.0  331.32348090377138
10  77.0  357.1263786859206
12  81.333333333333329  370.99528367862439
14  71.0  513.94745820938033
16  80.0  417.88269740882947
18  75.333333333333329  515.59992409629137
20  82.333333333333329  416.1024598714323
2  34.333333333333336  167.21951631322182
4  58.666666666666664  283.66339166716233
6  47.0  353.70954376186285
8  65.0  408.4126381667906
10  52.333333333333336  541.95792884367324
12  74.333333333333329  312.31093934160822
14  88.666666666666671  305.31066174721826
16  83.333333333333329  417.01724931141359
18  77.0  338.03904585248915
20  85.333333333333329  386.13715904461174
2  32.666666666666664  174.38710566117422
4  30.666666666666668  308.59511276214249
6  45.0  401.67874122178989
8  83.666666666666671  264.67656204033983
10  55.666666666666664  378.02358267654989
12  78.333333333333329  357.64563040916374
14  72.666666666666671  326.01826326720936
16  78.333333333333329  400.13828325612377
18  76.666666666666671  493.52004371018813
20  81.0  437.59016242630832
2  31.666666666666668  177.93072400595361
4  59.0  313.94304868390918
6  38.0  297.58855935859594
8  59.666666666666664  375.57987892850946
10  60.666666666666664  504.25589583895857
12  65.666666666666671  501.4306506072092
14  71.0  394.20547304495619
16  70.666666666666671  506.68627352002176
18  89.666666666666671  349.19880114510846
20  80.0  513.12991790509193
2  48.333333333333336  181.25699867923296
4  52.666666666666664  282.58191320527112
6  48.333333333333336  364.82585496110033
8  72.0  311.88088760552239
10  68.666666666666671  374.87642503250669
12  78.666666666666671  304.74927367858612
14  64.0  511.53591644008083
16  90.333333333333329  295.16856138805747
18  78.0  449.4782848102314
20  70.666666666666671  540.44273383880045
2  34.666666666666664  177.97979357692338
4  49.333333333333336  259.54060088740005
6  47.666666666666664  374.57497234742453
8  65.0  331.4216773188266
10  62.0  403.32179457267432
12  82.666666666666671  303.0809520508995
14  82.666666666666671  382.51614120726157
16  88.333333333333329  315.54106982824783
18  78.333333333333329  464.86416767862625
20  74.666666666666671  454.11086847067781
2  41.333333333333336  169.4114456795262
4  54.0  245.10432340158172
6  53.0  364.22987452375025
8  54.333333333333336  423.66942343737873
10  72.0  377.59520039168513
12  76.0  381.11917036439911
14  82.666666666666671  308.55050854831842
16  74.333333333333329  351.91146911593472
18  77.666666666666671  455.38905552714357
20  84.666666666666671  407.03177528288154
2  27.333333333333332  139.00977130096211
4  39.666666666666664  256.54602778190286
6  54.0  365.39702664468899
8  63.666666666666664  339.27001326525254
10  66.0  459.53761947467467
12  69.0  454.12824337253062
14  88.333333333333329  278.3261102404316
16  60.0  584.93824727358731
18  80.333333333333329  457.33105116292211
20  79.0  515.37109167598646
2  39.0  158.59105230511173
4  57.666666666666664  244.00311131136229
6  49.333333333333336  306.04314253281382
8  69.0  301.12563215862394
10  59.666666666666664  414.0291326400681
12  67.333333333333329  440.96848746917038
14  69.666666666666671  448.34919242512905
16  74.666666666666671  528.8821148548999
18  60.0  630.92139723526032
20  89.666666666666671  356.62745997036916
2  8.3333333333333339  97.163108438796201
4  43.333333333333336  302.64832150326231
6  52.0  367.88774100082748
8  66.666666666666671  390.07556139504038
10  42.0  489.58178349970012
12  73.666666666666671  346.76732265851393
14  76.666666666666671  391.73148503230072
16  89.333333333333329  346.50466729217368
18  71.333333333333329  566.44747604398765
20  86.0  370.31205455694146
2  17.333333333333332  86.831683410940585
4  54.333333333333336  294.26909873464086
6  45.666666666666664  367.70862033509064
8  68.333333333333329  340.98760365804031
10  66.0  344.03425893788619
12  84.0  323.14508474359496
14  65.666666666666671  520.59890252022888
16  81.333333333333329  476.14169932676833
18  75.666666666666671  476.97977428223624
20  73.333333333333329  583.20623502117041
2  33.0  160.77594846982706
4  52.666666666666664  228.51465062235985
6  38.0  317.40938339744628
8  55.333333333333336  343.25598322701285
10  64.666666666666671  401.30097065903283
12  65.333333333333329  446.9602512138884
14  56.0  571.03339815865388
16  80.666666666666671  391.58962144009155
18  82.333333333333329  378.90416105402318
20  79.666666666666671  507.50790721438392
2  8.6666666666666661  175.29495719956384
4  56.333333333333336  226.45194246048618
6  43.666666666666664  400.50932593357106
8  63.0  310.3945126138691
10  63.666666666666664  385.45781730448664
12  61.0  397.558763482796
14  76.0  351.33319063868885
16  72.0  497.5259067074544
18  77.333333333333329  542.72204454695805
20  93.0  293.41404540520062
2  25.666666666666668  183.14691635131666
4  30.333333333333332  331.70436147663077
6  40.666666666666664  388.70200036297132
8  51.0  429.96522706802381
10  58.666666666666664  424.75155784724035
12  80.0  322.40205153014176
14  65.666666666666671  399.70320999606565
16  68.333333333333329  615.90219652156077
18  91.0  311.57673146518863
20  81.333333333333329  432.79511405095866
2  20.0  179.57745823996379
4  61.333333333333336  272.0015743045854
6  57.333333333333336  331.94642931406497
8  46.666666666666664  411.46846336749019
10  37.333333333333336  410.25698482954181
12  57.666666666666664  531.96014307659129
14  77.0  376.48947878666303
16  62.0  478.95869604120242
18  93.666666666666671  270.17047078479357
20  89.666666666666671  339.66835229828007
2  23.0  184.77715212277823
4  40.0  251.752498448198
6  52.0  264.24633069687917
8  60.333333333333336  435.79703500039466
10  66.666666666666671  387.0437049637714
12  57.0  477.31809161676773
14  77.333333333333329  388.06072591691145
16  72.666666666666671  488.88342892309737
18  65.666666666666671  436.8080972906273
20  83.333333333333329  446.92395411181224
2  30.333333333333332  127.80327722455196
4  59.333333333333336  251.59955144898379
6  72.333333333333329  300.89581395199986
8  65.333333333333329  356.87056196736859
10  77.333333333333329  361.43105377970625
12  82.0  331.23733845240656
14  76.0  451.42871456479827
16  78.666666666666671  437.11793673566513
18  86.666666666666671  398.79022452158608
20  86.0  446.2410378428205
2  29.0  190.6493759559074
4  46.666666666666664  271.48223550750782
6  34.0  332.42933436227611
8  85.666666666666671  270.06376837361461
10  60.666666666666664  369.09850877377039
12  54.666666666666664  453.45832786310967
14  71.0  418.08512742658741
16  78.666666666666671  409.21706168683517
18  85.333333333333329  377.00785984653868
20  95.0  286.13065681343886
2  23.666666666666668  144.15352666556177
4  54.0  284.52172745169651
6  52.0  326.37313899153634
8  73.666666666666671  399.16201305631739
10  63.666666666666664  452.32351594287582
12  58.0  461.41502721022124
14  75.333333333333329  446.77084367912863
16  88.666666666666671  307.68352625664943
18  91.333333333333329  351.8635904386507
20  82.333333333333329  420.79267756042162
2  35.0  147.43619525184343
4  24.0  327.88409355557434
6  53.0  285.59112860230221
8  46.0  303.05420685600353
10  68.333333333333329  444.22901882254143
12  72.666666666666671  394.18623668707352
14  77.0  380.37678931622673
16  80.666666666666671  456.76165138198837
18  63.0  469.36464914616175
20  74.0  602.20044342141591
2  38.666666666666664  178.91165076523603
4  21.0  298.26915309458968
6  41.333333333333336  364.59506035554608
8  69.666666666666671  332.21383677806364
10  77.333333333333329  311.2504778318243
12  88.0  311.34191973274062
14  79.0  339.37939798760681
16  79.333333333333329  390.63551962242434
18  79.333333333333329  435.75836421965977
20  86.0  387.81022703898753
2  17.666666666666668  97.432846650584935
4  42.333333333333336  250.28627677045995
6  58.0  364.91115786521198
8  78.666666666666671  315.53208239880757
10  69.666666666666671  380.18054018642613
12  69.0  427.62770051131895
14  59.333333333333336  556.37470986856601
16  67.333333333333329  568.99877586299044
18  80.0  463.40158130397566
20  92.666666666666671  329.87034379410181
2  25.666666666666668  155.49229544729133
4  37.0  244.15101138178451
6  54.666666666666664  343.8401091367063
8  65.333333333333329  346.70088269314084
10  49.666666666666664  454.44759878842098
12  66.666666666666671  523.42455657330572
14  73.0  501.18095306551584
16  71.333333333333329  481.74098554640636
18  68.0  615.11204263351317
20  77.333333333333329  467.27120955817799
2  14.0  199.44585966492866
4  31.333333333333332  324.94940291761588
6  44.0  429.00829862506254
8  72.0  339.45642941279192
10  74.0  402.63074733127468
12  88.333333333333329  308.53929503618957
14  78.333333333333329  345.4833004017122
16  78.666666666666671  434.29035604660936
18  77.666666666666671  522.10233194384045
20  73.333333333333329  519.54907744354887
2  12.333333333333334  178.47261816430429
4  31.666666666666668  320.90721435973563
6  55.333333333333336  286.42882551017379
8  51.666666666666664  376.34022288699344
10  61.666666666666664  425.40547066822262
12  63.0  387.89966296441747
14  73.0  429.82964211786231
16  88.666666666666671  314.99770315647697
18  80.666666666666671  424.37121434096071
20  84.0  415.7842555130224
2  27.0  86.267094345786717
4  53.333333333333336  276.55615433976016
6  61.0  340.68732881574454
8  45.666666666666664  484.30410925540383
10  57.333333333333336  486.16643739523465
12  52.666666666666664  514.49671109915073
14  63.666666666666664  530.28457896192788
16  69.333333333333329  492.96797554482094
18  70.666666666666671  560.16360069310747
20  83.0  409.56116608011348
2  43.666666666666664  172.58689826444004
4  38.0  294.8435511682726
6  70.666666666666671  274.57204051985326
8  62.666666666666664  341.66544760515075
10  70.666666666666671  303.20784008820732
12  73.333333333333329  427.57601800874204
14  77.0  387.02730489470127
16  85.0  292.44939131288385
18  74.666666666666671  490.364221691772
20  86.0  418.67496298259357
2  27.666666666666668  171.42845184072922
4  23.333333333333332  239.91660889413279
6  45.666666666666664  312.460307499897
8  56.666666666666664  413.90764184510675
10  45.666666666666664  466.90982172633278
12  67.666666666666671  464.59463417288322
14  72.333333333333329  449.93276183773548
16  71.666666666666671  498.36414395161654
18  81.0  443.13733819242259
20  76.333333333333329  512.26565353763317
2  20.0  184.33220544299502
4  61.0  223.53537222972463
6  36.333333333333336  303.06438666438686
8  48.333333333333336  394.94222199146992
10  65.666666666666671  406.59735870507416
12  55.666666666666664  417.8679892188253
14  75.666666666666671  398.13478151096871
16  80.666666666666671  397.51546292840862
18  82.0  413.10984355137344
20  89.333333333333329  294.36327041073366
2  25.0  163.7053165586604
4  42.0  302.04111702400382
6  45.333333333333336  327.71725977448705
8  62.333333333333336  392.49946944977575
10  68.0  343.31816040946222
12  69.333333333333329  305.25644511866255
14  66.333333333333329  433.98391969828009
16  81.666666666666671  440.51129109897073
18  85.333333333333329  418.15731095581896
20  93.0  332.33554432333352
2  57.0  182.63054931585
4  37.333333333333336  189.3776781370828
6  68.666666666666671  295.20668294720758
8  47.333333333333336  380.31664142237742
10  62.666666666666664  458.7722650904484
12  50.666666666666664  573.82593320372018
14  73.666666666666671  446.84752942118439
16  86.333333333333329  336.11729186946985
18  79.666666666666671  454.68550327606289
20  64.0  654.06158761836377
2  31.666666666666668  177.03789563195903
4  57.333333333333336  291.67828099759276
6  29.333333333333332  354.6797894193819
8  53.333333333333336  434.30571239984062
10  64.666666666666671  420.70288644278384
12  81.666666666666671  394.00649843120965
14  68.0  515.67039081696601
16  60.0  450.50651077356883
18  87.0  385.2633421564708
20  88.666666666666671  299.31892536676492
2  22.666666666666668  181.45824314357702
4  48.666666666666664  266.53251819382245
6  59.333333333333336  325.38057581207926
8  36.666666666666664  480.45365087858721
10  48.666666666666664  543.9116048971249
12  64.0  460.17495567048547
14  64.333333333333329  482.45155119475714
16  52.666666666666664  612.56612671617222
18  73.666666666666671  424.90242978680226
20  80.666666666666671  477.83870157403737
2  37.666666666666664  191.20919700435411
4  38.0  238.85312008710639
6  67.666666666666671  260.05737280860916
8  56.333333333333336  446.58605615526614
10  74.333333333333329  313.16520306906722
12  53.666666666666664  500.99132965100625
14  77.333333333333329  395.12999656638817
16  74.666666666666671  576.50135490274022
18  79.666666666666671  464.22353915581243
20  78.0  391.26082018858364
2  16.0  151.25646140968527
4  34.666666666666664  224.21015174657575
6  39.0  400.0103252161594
8  28.333333333333332  568.08786558301972
10  53.333333333333336  545.98055260892602
12  76.666666666666671  371.92095404194606
14  66.333333333333329  594.24933480220955
16  71.333333333333329  508.96026832128314
18  84.0  358.62424179879065
20  81.333333333333329  484.54483457776973
2  30.666666666666668  191.04748451127173
4  21.0  331.46837735515248
6  45.333333333333336  364.33295232937058
8  66.666666666666671  308.1357910333885
10  47.666666666666664  535.11420312533141
12  71.333333333333329  480.10596038097401
14  69.666666666666671  396.66425333048812
16  78.333333333333329  449.94242053675396
18  85.333333333333329  372.66396644378563
20  77.666666666666671  478.95204045719663
2  19.333333333333332  190.94917611494682
4  45.666666666666664  299.08814745558209
6  63.0  291.27195355711422
8  87.666666666666671  250.4958461114048
10  55.666666666666664  587.34163186359149
12  50.666666666666664  579.41622827870094
14  82.666666666666671  382.11261537742638
16  73.0  434.5269217879918
18  86.333333333333329  399.62220247310665
20  73.333333333333329  570.38671247694265
2  11.333333333333334  53.190805748379248
4  37.333333333333336  309.80742203459204
6  65.333333333333329  318.7092012357611
8  62.0  368.21183404145609
10  64.333333333333329  326.33842816078936
12  62.333333333333336  465.83284207193282
14  77.333333333333329  367.004125159578
16  87.0  346.07350654628812
18  87.333333333333329  387.02304370798078
20  84.666666666666671  448.16230544322354
2  14.666666666666666  167.47146804397971
4  43.333333333333336  287.61284317541458
6  40.333333333333336  395.11433325916397
8  49.333333333333336  405.94576040644927
10  73.666666666666671  317.52523029497706
12  75.333333333333329  380.94989526499228
14  54.0  440.00493553968585
16  76.666666666666671  410.22612476436944
18  81.0  464.64637005330979
20  91.333333333333329  303.86128835400643
2  40.666666666666664  172.93807626741224
4  63.0  272.30808312201623
6  71.666666666666671  287.22556481884902
8  61.333333333333336  356.59338692191363
10  69.333333333333329  379.40331220857627
12  52.0  490.0957150956516
14  75.666666666666671  405.27918618785225
16  76.666666666666671  254.82379283084478
18  76.333333333333329  509.86508833107422
20  88.666666666666671  306.81382189309033
2  9.3333333333333339  151.84797431501249
4  42.333333333333336  249.17269797096557
6  53.333333333333336  341.02471938274346
8  60.0  363.48546268069344
10  84.0  306.24627848406578
12  49.333333333333336  577.7978611465802
14  80.0  394.92742779878091
16  82.666666666666671  407.91269639827459
18  67.666666666666671  573.74527809210815
20  84.666666666666671  404.95358370545006
2  21.0  152.73502042556893
4  46.0  281.98599861156771
6  36.0  357.21631117309914
8  54.0  452.87035386262323
10  63.0  412.20831658833379
12  78.0  348.41894746137723
14  71.666666666666671  462.01113992285002
16  88.0  261.75382528789407
18  83.0  410.4786949489295
20  84.333333333333329  393.7582746123162
2  28.333333333333332  161.19316493969683
4  47.0  300.58231030506795
6  77.0  222.49285400696814
8  59.333333333333336  388.53531580982747
10  59.333333333333336  453.38139583068954
12  67.666666666666671  473.04876150018151
14  70.0  456.38378392287927
16  83.0  361.08321598877421
18  85.0  398.52075504614004
20  82.0  454.56519248623221
2  37.0  162.85988105112301
4  28.666666666666668  260.96215004929712
6  44.666666666666664  365.98366480816372
8  65.666666666666671  358.99834225834655
10  84.666666666666671  320.37931335361793
12  73.666666666666671  373.60042541280126
14  65.666666666666671  558.9830358088459
16  82.666666666666671  360.49139793952537
18  74.0  575.97525279517424
20  86.666666666666671  389.96123979703759
2  22.333333333333332  108.15375602666947
4  42.666666666666664  183.59425179909042
6  55.333333333333336  333.50917773631426
8  59.0  426.15842895122978
10  72.0  343.2942553905707
12  66.0  470.23463325661811
14  85.666666666666671  280.35397545644804
16  80.0  475.37694624354441
18  84.666666666666671  448.41849670233444
20  69.666666666666671  417.4971642904307
2  19.0  156.29482083565563
4  36.0  288.91470286481672
6  31.666666666666668  337.83309152557098
8  75.666666666666671  355.39271791227782
10  50.333333333333336  381.84781035441523
12  79.333333333333329  377.09101387504609
14  74.0  393.34720277541015
16  68.666666666666671  519.68067578549051
18  85.333333333333329  373.84846393832896
20  78.666666666666671  507.8162962714789
2  30.333333333333332  181.26706039147695
4  47.666666666666664  282.44082407910469
6  45.666666666666664  367.15091875648892
8  60.333333333333336  335.51474425911641
10  77.666666666666671  330.70864172624186
12  72.666666666666671  351.46305262742902
14  81.333333333333329  390.61350313882588
16  84.333333333333329  437.41016081690117
18  77.0  474.45689616718454
20  82.0  482.22913541468353
2  19.333333333333332  167.02807533073263
4  50.0  318.34838747051811
6  49.0  341.38932776079895
8  74.0  306.72422650564755
10  68.0  400.2458730153441
12  68.666666666666671  460.61099474368149
14  84.666666666666671  342.73778232115569
16  70.0  485.58859463429218
18  65.666666666666671  628.21083356585905
20  87.0  323.35930531935833
2  38.0  138.89578660760441
4  35.0  246.43769792237461
6  65.0  273.75258146292288
8  66.0  302.295573952756
10  60.666666666666664  384.51323964633451
12  64.333333333333329  464.55788216319303
14  57.333333333333336  542.08447194260953
16  72.666666666666671  400.93797191631467
18  83.0  410.67935021968094
20  86.333333333333329  371.82463793352775
2  25.333333333333332  192.36693231841022
4  32.666666666666664  180.64056935865059
6  64.333333333333329  319.04904255228706
8  54.333333333333336  361.57087980631741
10  62.666666666666664  333.38302411029548
12  59.333333333333336  452.10853805937791
14  72.666666666666671  458.712081807451
16  75.666666666666671  415.04659497731382
18  72.666666666666671  465.63151951396992
20  76.333333333333329  527.24167772088197
2  16.333333333333332  187.74300402523656
4  39.333333333333336  292.00281692086844
6  56.666666666666664  337.2419783498047
8  28.0  394.75011371604347
10  63.666666666666664  400.42133575021916
12  50.666666666666664  470.12932024441659
14  76.0  389.5428244674485
16  73.333333333333329  421.78845916752044
18  75.666666666666671  447.00865566414319
20  87.333333333333329  366.17538202759812
2  46.333333333333336  171.17819884992466
4  22.333333333333332  300.51796264720701
6  67.333333333333329  299.53069762900611
8  57.333333333333336  433.88898339629526
10  59.666666666666664  493.9365741153274
12  69.0  436.43589860326119
14  86.0  317.05303646741169
16  75.0  501.55733445273995
18  75.666666666666671  528.76845568358135
20  83.333333333333329  367.31490035260225
2  21.333333333333332  190.03089270186544
4  40.333333333333336  228.04441526922321
6  58.333333333333336  313.60659825353719
8  61.666666666666664  417.7549104107182
10  58.666666666666664  383.99592354308777
12  67.666666666666671  396.98795315969329
14  73.0  440.03846286906838
16  85.333333333333329  403.68524928847876
18  73.0  487.3112674945217
20  93.0  325.33151377410127
2  16.0  141.93186799796007
4  42.0  226.43816893679235
6  25.0  439.24592069176055
8  53.666666666666664  406.37484374860355
10  72.0  385.82021937376163
12  63.0  458.88010016735132
14  63.0  490.87150301660506
16  79.0  430.03482037294907
18  77.0  467.43190923317428
20  71.0  556.42244231687539
2  28.0  167.48082671532958
4  45.666666666666664  269.54861266002513
6  45.333333333333336  388.2236757127294
8  52.333333333333336  478.40383284164892
10  55.666666666666664  519.98863482311822
12  45.0  528.8128758194822
14  81.333333333333329  375.73151097036208
16  70.333333333333329  407.67619472957301
18  74.333333333333329  484.1485467156084
20  87.0  336.78906014932005
2  28.0  192.12224301495192
4  34.0  249.51888971443586
6  66.0  293.35462620614993
8  63.333333333333336  382.05693323580101
10  47.0  399.93602651807777
12  77.666666666666671  298.49236297944037
14  76.666666666666671  384.15822867088622
16  85.0  379.23341222179033
18  90.333333333333329  362.56316334647948
20  88.666666666666671  335.53075394980283
2  25.0  192.25077559754948
4  58.333333333333336  223.54682069137112
6  54.333333333333336  298.45165197028626
8  61.333333333333336  355.69184643589648
10  58.333333333333336  490.35386278434629
12  64.333333333333329  447.18583850186752
14  75.666666666666671  392.53250866728246
16  76.333333333333329  373.15666409858375
18  67.333333333333329  581.16922029103159
20  81.666666666666671  442.18305690723577
2  26.0  161.33539713671652
4  41.666666666666664  264.91153735237236
6  54.333333333333336  360.23916867437833
8  72.333333333333329  305.70325315518704
10  60.333333333333336  400.34553723230664
12  62.333333333333336  416.1954728137074
14  93.0  275.75506162599788
16  48.0  736.58926620619559
18  67.0  594.56939740406176
20  76.666666666666671  565.59690891773482
2  41.666666666666664  175.72634466638829
4  28.0  191.16900904805937
6  46.333333333333336  406.08004865380099
8  75.666666666666671  368.51746226722844
10  77.333333333333329  354.03361669259118
12  73.0  419.72165831272775
14  54.666666666666664  622.94746322294588
16  82.333333333333329  401.00378761237727
18  85.333333333333329  357.8350991556398
20  83.666666666666671  397.35970325935034
2  29.0  187.42741024759889
4  79.0  232.59723999132666
6  61.0  299.45652013585044
8  54.333333333333336  376.87088828463442
10  57.333333333333336  413.44002065023437
12  79.666666666666671  380.81803119851418
14  78.666666666666671  429.98112171835874
16  92.0  287.71006057727914
18  74.333333333333329  506.76721467602459
20  77.333333333333329  539.48445915502703
2  27.0  180.79584634408903
4  59.333333333333336  246.8944206382659
6  41.0  291.22290932633825
8  72.666666666666671  346.5535344798746
10  60.0  341.92808385977008
12  57.0  453.77030996848885
14  70.666666666666671  378.354900221869
16  79.0  457.50700656830026
18  86.666666666666671  401.52321488680678
20  90.333333333333329  362.30857150536053
2  20.0  176.20846911609797
4  56.0  257.32207515830544
6  51.333333333333336  278.39540904633282
8  59.0  425.05718202653071
10  65.666666666666671  462.44848232701713
12  60.666666666666664  470.66997064450385
14  82.666666666666671  382.55322433428006
16  76.333333333333329  388.03110767222114
18  88.333333333333329  341.01844732306785
20  71.666666666666671  668.03927458383725
2  22.666666666666668  120.166765261379
4  51.333333333333336  240.16170504165467
6  41.666666666666664  357.07262998969958
8  60.666666666666664  441.66479381233779
10  72.666666666666671  322.85889484140893
12  78.0  343.04964745795905
14  73.333333333333329  409.14558927525314
16  71.0  532.7486377513261
18  84.666666666666671  436.85502868540743
20  75.0  587.75452784665652
2  24.333333333333332  143.83459078153928
4  42.333333333333336  298.00496071635735
6  70.0  307.26708383287132
8  78.333333333333329  370.16044836895401
10  67.333333333333329  374.29886819685385
12  62.666666666666664  395.30989779680908
14  80.666666666666671  345.45229348683603
16  67.333333333333329  490.35989342250076
18  65.0  486.03121426287976
20  78.0  404.33174828245689
2  5.333333333333333  199.24124841204537
4  54.0  331.71631964124987
6  62.333333333333336  313.59303750385351
8  56.0  368.29789859320204
10  65.0  366.94592478261853
12  63.333333333333336  469.56741560289896
14  75.0  412.96646230827702
16  76.666666666666671  401.14712385092554
18  74.666666666666671  517.84353905747855
20  79.0  501.94723688202617
2  10.666666666666666  191.45348884386217
4  58.666666666666664  231.72711720355434
6  49.0  386.73568601898882
8  74.0  298.46724700172439
10  67.0  398.03029507400009
12  56.333333333333336  369.8205300354357
14  73.0  429.11069340962729
16  80.0  419.65376055567907
18  75.333333333333329  525.9222253377352
20  95.333333333333329  285.2012075383555
2  15.666666666666666  136.84112931742459
4  55.333333333333336  282.14011609532059
6  70.666666666666671  287.5633195564302
8  49.0  417.79033577271946
10  59.666666666666664  408.04139316337296
12  86.666666666666671  314.3977793789623
14  72.666666666666671  381.1644955747131
16  73.666666666666671  498.69733410691856
18  80.0  440.31955190318695
20  90.0  370.61701859494821
2  29.333333333333332  175.9799728383141
4  56.333333333333336  300.84158217557518
6  50.666666666666664  357.23141424329782
8  55.333333333333336  379.44393711512708
10  79.666666666666671  287.58342681923682
12  72.666666666666671  395.27265942838574
14  55.333333333333336  464.15267594353327
16  86.666666666666671  335.17106477239372
18  89.0  332.46427825302436
20  80.0  368.9003583303363
2  39.666666666666664  136.93391552871435
4  54.666666666666664  264.05654363059142
6  51.0  248.93010311719792
8  68.0  356.93314751291069
10  77.0  326.68827971207247
12  80.0  406.96184157515125
14  73.333333333333329  474.84374490852628
16  61.333333333333336  513.2390216952848
18  83.333333333333329  407.98257187427697
20  69.0  579.43236053860392
2  19.333333333333332  163.01158790971317
4  55.0  308.78509473524269
6  69.0  247.38495601072293
8  58.666666666666664  398.4917821392209
10  65.666666666666671  364.23205783981609
12  62.0  525.707494827338
14  56.333333333333336  522.12049010826718
16  77.333333333333329  456.01363015125878
18  82.0  467.32770718635959
20  81.666666666666671  544.55078830359582
2  34.666666666666664  178.72308769595395
4  54.0  196.22750417678057
6  53.333333333333336  329.18440207641322
8  57.0  439.79719318481307
10  73.666666666666671  427.24829522281743
12  75.666666666666671  429.60697544814889
14  58.333333333333336  548.90720330346835
16  76.666666666666671  382.52372491030928
18  84.666666666666671  323.49154092778195
20  81.333333333333329  310.05338685177043
