2  7  0
4  18  0
6  0  0
8  13  0
10  26  0
12  24  0
14  0  0
16  26  0
18  47  0
20  58  0
2  0  0
4  16  0
6  7  0
8  0  0
10  0  0
12  22  0
14  65  0
16  18  0
18  22  0
20  62  0
2  25  0
4  0  0
6  25  0
8  27  0
10  53  0
12  47  0
14  24  0
16  54  0
18  35  0
20  48  0
2  2  0
4  7  0
6  46  0
8  0  0
10  29  0
12  30  0
14  20  0
16  27  0
18  37  0
20  49  0
2  0  0
4  0  0
6  41  0
8  2  0
10  20  0
12  34  0
14  0  0
16  11  0
18  53  0
20  62  0
2  21  0
4  0  0
6  30  0
8  31  0
10  27  0
12  34  0
14  48  0
16  5  0
18  34  0
20  59  0
2  0  0
4  1  0
6  25  0
8  10  0
10  22  0
12  23  0
14  4  0
16  6  0
18  73  0
20  36  0
2  7  0
4  0  0
6  0  0
8  20  0
10  26  0
12  23  0
14  51  0
16  20  0
18  50  0
20  18  0
2  0  0
4  38  0
6  8  0
8  10  0
10  19  0
12  54  0
14  15  0
16  36  0
18  71  0
20  0  0
2  0  0
4  34  0
6  39  0
8  16  0
10  19  0
12  33  0
14  58  0
16  6  0
18  36  0
20  68  0
2  0  0
4  0  0
6  25  0
8  13  0
10  36  0
12  29  0
14  18  0
16  78  0
18  19  0
20  30  0
2  0  0
4  15  0
6  25  0
8  54  0
10  11  0
12  27  0
14  24  0
16  31  0
18  53  0
20  62  0
2  8  0
4  0  0
6  8  0
8  16  0
10  34  0
12  9  0
14  38  0
16  59  0
18  56  0
20  29  0
2  0  0
4  0  0
6  10  0
8  8  0
10  35  0
12  13  0
14  44  0
16  53  0
18  37  0
20  60  0
2  9  0
4  11  0
6  19  0
8  23  0
10  51  0
12  42  0
14  13  0
16  65  0
18  25  0
20  39  0
2  10  0
4  13  0
6  18  0
8  0  0
10  15  0
12  57  0
14  22  0
16  41  0
18  55  0
20  41  0
2  0  0
4  18  0
6  5  0
8  41  0
10  44  0
12  12  0
14  37  0
16  51  0
18  22  0
20  58  0
2  0  0
4  20  0
6  12  0
8  10  0
10  37  0
12  11  0
14  16  0
16  9  0
18  49  0
20  52  0
2  20  0
4  2  0
6  16  0
8  35  0
10  42  0
12  17  0
14  29  0
16  35  0
18  48  0
20  58  0
2  0  0
4  0  0
6  25  0
8  12  0
10  18  0
12  20  0
14  32  0
16  0  0
18  50  0
20  40  0
2  0  0
4  12  0
6  54  0
8  24  0
10  21  0
12  30  0
14  17  0
16  64  0
18  22  0
20  14  0
2  18  0
4  0  0
6  0  0
8  0  0
10  14  0
12  26  0
14  25  0
16  40  0
18  48  0
20  42  0
2  0  0
4  36  0
6  0  0
8  0  0
10  0  0
12  51  0
14  26  0
16  41  0
18  68  0
20  57  0
2  0  0
4  4  0
6  2  0
8  20  0
10  0  0
12  19  0
14  30  0
16  39  0
18  16  0
20  10  0
2  0  0
4  9  0
6  19  0
8  36  0
10  20  0
12  7  0
14  10  0
16  9  0
18  44  0
20  70  0
2  0  0
4  47  0
6  12  0
8  44  0
10  28  0
12  23  0
14  56  0
16  26  0
18  58  0
20  27  0
2  22  0
4  11  0
6  16  0
8  29  0
10  30  0
12  35  0
14  45  0
16  47  0
18  41  0
20  28  0
2  0  0
4  0  0
6  25  0
8  20  0
10  8  0
12  27  0
14  46  0
16  40  0
18  48  0
20  58  0
2  0  0
4  31  0
6  23  0
8  7  0
10  24  0
12  35  0
14  24  0
16  65  0
18  60  0
20  79  0
2  0  0
4  25  0
6  28  0
8  24  0
10  52  0
12  4  0
14  21  0
16  22  0
18  39  0
20  71  0
2  0  0
4  0  0
6  21  0
8  0  0
10  20  0
12  29  0
14  37  0
16  52  0
18  12  0
20  77  0
2  0  0
4  0  0
6  10  0
8  9  0
10  0  0
12  9  0
14  18  0
16  35  0
18  61  0
20  79  0
2  0  0
4  0  0
6  0  0
8  30  0
10  23  0
12  15  0
14  21  0
16  5  0
18  58  0
20  57  0
2  26  0
4  25  0
6  14  0
8  9  0
10  23  0
12  41  0
14  71  0
16  50  0
18  78  0
20  26  0
2  0  0
4  27  0
6  26  0
8  24  0
10  0  0
12  35  0
14  35  0
16  50  0
18  19  0
20  11  0
2  17  0
4  0  0
6  7  0
8  20  0
10  21  0
12  43  0
14  37  0
16  68  0
18  44  0
20  20  0
2  0  0
4  17  0
6  22  0
8  83  0
10  0  0
12  30  0
14  44  0
16  63  0
18  80  0
20  23  0
2  0  0
4  15  0
6  0  0
8  0  0
10  45  0
12  37  0
14  40  0
16  18  0
18  33  0
20  28  0
2  25  0
4  34  0
6  1  0
8  0  0
10  43  0
12  54  0
14  18  0
16  54  0
18  62  0
20  50  0
2  0  0
4  0  0
6  22  0
8  24  0
10  16  0
12  31  0
14  19  0
16  57  0
18  56  0
20  51  0
2  0  0
4  0  0
6  46  0
8  0  0
10  2  0
12  45  0
14  68  0
16  26  0
18  32  0
20  25  0
2  14  0
4  1  0
6  9  0
8  17  0
10  9  0
12  15  0
14  10  0
16  13  0
18  17  0
20  36  0
2  7  0
4  0  0
6  33  0
8  4  0
10  38  0
12  49  0
14  21  0
16  12  0
18  8  0
20  39  0
2  0  0
4  23  0
6  15  0
8  13  0
10  6  0
12  0  0
14  28  0
16  19  0
18  57  0
20  8  0
2  0  0
4  11  0
6  27  0
8  17  0
10  23  0
12  31  0
14  32  0
16  44  0
18  53  0
20  45  0
2  5  0
4  13  0
6  39  0
8  18  0
10  0  0
12  45  0
14  3  0
16  12  0
18  33  0
20  48  0
2  30  0
4  10  0
6  12  0
8  14  0
10  14  0
12  25  0
14  43  0
16  54  0
18  32  0
20  29  0
2  0  0
4  0  0
6  6  0
8  43  0
10  49  0
12  34  0
14  37  0
16  28  0
18  48  0
20  26  0
2  7  0
4  12  0
6  18  0
8  45  0
10  18  0
12  0  0
14  48  0
16  40  0
18  49  0
20  38  0
2  0  0
4  4  0
6  0  0
8  12  0
10  6  0
12  34  0
14  9  0
16  40  0
18  30  0
20  39  0
2  14  0
4  8  0
6  0  0
8  5  0
10  28  0
12  17  0
14  37  0
16  16  0
18  11  0
20  53  0
2  7  0
4  15  0
6  14  0
8  35  0
10  15  0
12  45  0
14  65  0
16  10  0
18  53  0
20  77  0
2  0  0
4  20  0
6  65  0
8  0  0
10  14  0
12  24  0
14  64  0
16  30  0
18  30  0
20  34  0
2  0  0
4  25  0
6  28  0
8  40  0
10  22  0
12  39  0
14  49  0
16  29  0
18  7  0
20  66  0
2  17  0
4  35  0
6  17  0
8  8  0
10  35  0
12  44  0
14  18  0
16  26  0
18  43  0
20  39  0
2  0  0
4  0  0
6  10  0
8  22  0
10  39  0
12  0  0
14  23  0
16  37  0
18  68  0
20  34  0
2  14  0
4  12  0
6  23  0
8  28  0
10  43  0
12  0  0
14  0  0
16  50  0
18  57  0
20  31  0
2  0  0
4  22  0
6  7  0
8  13  0
10  38  0
12  21  0
14  33  0
16  43  0
18  43  0
20  25  0
2  0  0
4  0  0
6  40  0
8  23  0
10  42  0
12  30  0
14  26  0
16  27  0
18  61  0
20  32  0
2  0  0
4  0  0
6  24  0
8  0  0
10  6  0
12  33  0
14  46  0
16  28  0
18  34  0
20  48  0
2  16  0
4  14  0
6  26  0
8  12  0
10  0  0
12  9  0
14  41  0
16  36  0
18  42  0
20  67  0
2  4  0
4  20  0
6  40  0
8  49  0
10  26  0
12  45  0
14  30  0
16  36  0
18  36  0
20  89  0
2  0  0
4  20  0
6  0  0
8  31  0
10  10  0
12  22  0
14  38  0
16  25  0
18  20  0
20  56  0
2  0  0
4  0  0
6  11  0
8  15  0
10  37  0
12  40  0
14  40  0
16  21  0
18  64  0
20  62  0
2  0  0
4  0  0
6  9  0
8  9  0
10  24  0
12  58  0
14  0  0
16  30  0
18  6  0
20  26  0
2  15  0
4  0  0
6  23  0
8  63  0
10  4  0
12  43  0
14  37  0
16  56  0
18  66  0
20  22  0
2  10  0
4  5  0
6  0  0
8  34  0
10  0  0
12  63  0
14  56  0
16  22  0
18  51  0
20  50  0
2  13  0
4  0  0
6  1  0
8  3  0
10  19  0
12  11  0
14  59  0
16  74  0
18  0  0
20  27  0
2  0  0
4  0  0
6  27  0
8  0  0
10  51  0
12  0  0
14  10  0
16  59  0
18  35  0
20  36  0
2  0  0
4  0  0
6  9  0
8  10  0
10  11  0
12  0  0
14  27  0
16  37  0
18  14  0
20  47  0
2  0  0
4  0  0
6  27  0
8  8  0
10  8  0
12  23  0
14  65  0
16  23  0
18  73  0
20  58  0
2  17  0
4  16  0
6  21  0
8  0  0
10  34  0
12  41  0
14  29  0
16  25  0
18  70  0
20  43  0
2  14  0
4  0  0
6  11  0
8  21  0
10  3  0
12  26  0
14  28  0
16  25  0
18  57  0
20  56  0
2  0  0
4  19  0
6  12  0
8  47  0
10  63  0
12  30  0
14  8  0
16  25  0
18  32  0
20  27  0
2  0  0
4  0  0
6  11  0
8  16  0
10  0  0
12  18  0
14  0  0
16  6  0
18  40  0
20  38  0
2  0  0
4  16  0
6  32  0
8  0  0
10  37  0
12  62  0
14  16  0
16  70  0
18  26  0
20  31  0
2  0  0
4  16  0
6  22  0
8  43  0
10  32  0
12  32  0
14  25  0
16  19  0
18  44  0
20  27  0
2  3  0
4  27  0
6  33  0
8  0  0
10  25  0
12  26  0
14  64  0
16  32  0
18  60  0
20  45  0
2  14  0
4  11  0
6  4  0
8  0  0
10  27  0
12  18  0
14  0  0
16  28  0
18  33  0
20  74  0
2  27  0
4  23  0
6  36  0
8  16  0
10  42  0
12  32  0
14  13  0
16  12  0
18  8  0
20  58  0
2  0  0
4  44  0
6  9  0
8  0  0
10  23  0
12  33  0
14  24  0
16  64  0
18  21  0
20  39  0
2  0  0
4  0  0
6  24  0
8  44  0
10  13  0
12  52  0
14  24  0
16  29  0
18  50  0
20  74  0
2  0  0
4  25  0
6  5  0
8  12  0
10  62  0
12  0  0
14  44  0
16  41  0
18  43  0
20  39  0
2  11  0
4  23  0
6  0  0
8  34  0
10  19  0
12  26  0
14  20  0
16  32  0
18  47  0
20  30  0
2  0  0
4  18  0
6  0  0
8  16  0
10  23  0
12  26  0
14  15  0
16  25  0
18  55  0
20  30  0
2  0  0
4  20  0
6  30  0
8  19  0
10  44  0
12  28  0
14  52  0
16  41  0
18  20  0
20  10  0
2  0  0
4  0  0
6  1  0
8  0  0
10  34  0
12  21  0
14  10  0
16  43  0
18  29  0
20  61  0
2  12  0
4  14  0
6  4  0
8  15  0
10  48  0
12  43  0
14  65  0
16  37  0
18  36  0
20  11  0
2  29  0
4  0  0
6  16  0
8  10  0
10  29  0
12  42  0
14  78  0
16  34  0
18  24  0
20  41  0
2  19  0
4  7  0
6  20  0
8  41  0
10  15  0
12  47  0
14  78  0
16  19  0
18  38  0
20  52  0
2  0  0
4  0  0
6  0  0
8  31  0
10  51  0
12  38  0
14  29  0
16  0  0
18  28  0
20  26  0
2  0  0
4  0  0
6  0  0
8  0  0
10  40  0
12  4  0
14  46  0
16  47  0
18  75  0
20  59  0
2  8  0
4  0  0
6  14  0
8  24  0
10  67  0
12  18  0
14  36  0
16  25  0
18  22  0
20  62  0
2  18  0
4  2  0
6  41  0
8  26  0
10  0  0
12  15  0
14  45  0
16  44  0
18  28  0
20  48  0
2  0  0
4  39  0
6  23  0
8  35  0
10  0  0
12  45  0
14  61  0
16  47  0
18  68  0
20  15  0
2  16  0
4  39  0
6  14  0
8  38  0
10  25  0
12  13  0
14  21  0
16  29  0
18  43  0
20  55  0
2  0  0
4  9  0
6  11  0
8  36  0
10  13  0
12  17  0
14  49  0
16  42  0
18  45  0
20  37  0
2  0  0
4  20  0
6  8  0
8  19  0
10  33  0
12  11  0
14  4  0
16  8  0
18  37  0
20  85  0
2  0  0
4  0  0
6  59  0
8  28  0
10  53  0
12  51  0
14  24  0
16  75  0
18  3  0
20  68  0
2  24  0
4  12  0
6  28  0
8  14  0
10  0  0
12  26  0
14  28  0
16  47  0
18  29  0
20  59  0
