6  24  326.41871759979557
7  20  323.76162042703413
8  54  78.601319844089332
9  46  340.10695897917941
10  52  305.75947462712077
11  57  309.31542901503479
12  82  118.53134417181153
13  74  266.06118286734448
14  75  194.32473122528205
15  75  191.69941202905096
6  30  164.49289989394435
7  59  113.14232072444652
8  39  224.75567904679082
9  44  354.97644466842775
10  44  281.80530011279967
11  31  606.94772901550277
12  78  194.63466750825978
13  75  207.44733919787464
14  73  236.02512419982608
15  86  120.48693677631515
