2  7.0  127.85284368355768
4  24.333333333333332  173.67956026811189
6  60.333333333333336  356.25243298168829
8  49.333333333333336  461.14651110795643
10  66.0  366.36453715381367
12  68.666666666666671  379.37717366663338
14  74.333333333333329  356.39156516101201
16  78.0  433.95943508050146
18  82.666666666666671  447.55744250888199
20  82.666666666666671  319.04596987804319
2  34.0  174.30446380370356
4  45.666666666666664  232.42789214586568
6  29.666666666666668  416.64472944026727
8  65.0  265.11823637400192
10  66.0  404.17669134156779
12  67.666666666666671  209.08562551857023
14  76.333333333333329  325.80630018845972
16  80.333333333333329  349.88336703224945
18  80.0  397.06681840545008
20  75.333333333333329  316.26208114337993
2  20.666666666666668  139.35427383611344
4  34.333333333333336  280.36828382475858
6  52.333333333333336  266.79663499408446
8  61.666666666666664  374.04371288099833
10  70.0  439.26458275349785
12  80.0  348.2206783976269
14  82.0  343.77676652322828
16  76.0  443.95664870358087
18  80.333333333333329  483.84455471405863
20  82.666666666666671  444.6217791478623
2  29.666666666666668  145.06750182766518
4  35.333333333333336  156.40150172586482
6  58.666666666666664  280.61189510020569
8  75.333333333333329  308.68033205238004
10  49.0  437.55826522497784
12  78.333333333333329  287.13436550413871
14  86.666666666666671  337.8209910395409
16  73.666666666666671  381.9234107231228
18  68.0  529.35980450374461
20  88.666666666666671  336.91569393421133
2  62.0  150.11338557832323
4  37.666666666666664  264.57897888266444
6  64.333333333333329  285.55634308919747
8  70.666666666666671  347.02857526239166
10  77.333333333333329  335.1714384774304
12  70.666666666666671  352.65810721074291
14  74.333333333333329  417.98453381993977
16  74.666666666666671  439.58113832946918
18  70.333333333333329  347.35466260800786
20  80.0  309.3834622643156
2  32.666666666666664  137.46241571249587
4  29.0  154.15821328785012
6  59.666666666666664  363.4135448279655
8  72.333333333333329  289.46567346302862
10  60.666666666666664  421.00778915106605
12  84.666666666666671  248.37987776569568
14  67.0  501.98909938127855
16  72.666666666666671  465.28911474974689
18  75.0  328.81873469292026
20  82.666666666666671  399.65763255072028
2  17.666666666666668  174.90094049330273
4  55.666666666666664  238.00466789105701
6  75.333333333333329  255.41196489037404
8  50.0  496.94419698131043
10  41.333333333333336  429.56003108376427
12  89.0  292.51225344319016
14  73.666666666666671  440.23586570129294
16  79.333333333333329  414.86954183347268
18  81.666666666666671  446.55575692917017
20  80.666666666666671  401.3187780126305
2  12.0  187.66249977737365
4  18.333333333333332  237.25715432254688
6  48.0  292.38499888721248
8  59.0  358.3218568668716
10  70.333333333333329  330.56502462175291
12  62.333333333333336  448.16317932668977
14  67.666666666666671  403.51666718746503
16  75.666666666666671  372.45800452491358
18  85.666666666666671  426.55789744443729
20  82.333333333333329  403.50972380300101
2  45.333333333333336  144.53199985306381
4  46.0  183.51864440868209
6  51.333333333333336  235.94567215311264
8  73.0  312.18562006274436
10  76.333333333333329  365.67479222790621
12  64.333333333333329  504.9104233608839
14  75.333333333333329  341.61719604858934
16  90.333333333333329  283.345898843638
18  76.333333333333329  426.0982982054943
20  67.333333333333329  338.12348825204413
2  26.0  160.16661182414376
4  43.666666666666664  209.51789563696232
6  42.666666666666664  398.56002440729827
8  65.0  350.25465637100262
10  62.666666666666664  422.40163481561314
12  81.333333333333329  348.79263716092771
14  76.666666666666671  373.37197911374909
16  58.333333333333336  504.78131704517108
18  84.333333333333329  328.76346209938015
20  76.333333333333329  457.34146712577166
2  25.0  186.52558474192571
4  40.0  298.60969638939349
6  50.666666666666664  303.49044486898418
8  69.666666666666671  305.12692107179447
10  58.666666666666664  307.9474716580014
12  73.666666666666671  398.70060348522634
14  79.0  369.89185637526322
16  65.666666666666671  614.93089139383824
18  87.0  327.75442868723752
20  82.666666666666671  385.11929004322457
2  18.0  84.024622239889169
4  50.0  204.40540319184387
6  80.0  236.11318027802494
8  61.333333333333336  408.60674380626767
10  74.666666666666671  321.70051055223564
12  83.666666666666671  326.27961739907948
14  76.0  383.50437030241864
16  82.333333333333329  384.13340674280045
18  84.666666666666671  285.27454104942353
20  89.333333333333329  298.83679398316207
2  24.333333333333332  112.72520458473288
4  45.333333333333336  256.01052835269479
6  60.333333333333336  358.17775023991891
8  44.333333333333336  482.17184231948306
10  55.333333333333336  393.73438641556277
12  78.0  350.26818321636489
14  70.0  482.8396162858715
16  85.666666666666671  346.56643154846574
18  91.333333333333329  306.29190674878896
20  74.666666666666671  498.29379738868118
2  17.333333333333332  91.114551145090772
4  38.333333333333336  313.91271401842164
6  32.333333333333336  438.31173206689897
8  58.333333333333336  336.86781313636135
10  64.666666666666671  381.05323768816794
12  76.333333333333329  303.31055379934492
14  76.666666666666671  401.7304201794833
16  76.333333333333329  409.42651855810522
18  76.333333333333329  408.50995911058197
20  86.666666666666671  329.86835414752483
2  19.0  137.52576101776123
4  37.333333333333336  198.46261996734285
6  42.333333333333336  239.29953966069289
8  47.333333333333336  528.26659042981544
10  60.666666666666664  410.29234800996488
12  78.333333333333329  434.51990561143737
14  66.333333333333329  600.90422245594152
16  78.666666666666671  382.59624472937298
18  89.333333333333329  306.73117813285086
20  78.333333333333329  507.1460387036181
2  14.666666666666666  153.3704037536981
4  33.666666666666664  233.88083361410872
6  57.0  242.40291927984396
8  63.333333333333336  271.22026615552375
10  66.0  369.5315597876625
12  80.0  302.49480502083048
14  86.666666666666671  300.46751080254114
16  83.333333333333329  322.76745996976791
18  71.666666666666671  494.9011360407664
20  84.666666666666671  397.72205317641561
2  15.666666666666666  145.29164295347525
4  9.6666666666666661  102.93226232318054
6  66.666666666666671  278.8317395786782
8  58.666666666666664  337.69956529785992
10  77.666666666666671  327.45320742230751
12  65.333333333333329  328.50865261461274
14  67.666666666666671  292.93519583944686
16  57.666666666666664  684.29206339090661
18  81.333333333333329  402.30816891882495
20  82.0  404.83436107442691
2  35.333333333333336  164.17597857710396
4  50.0  235.13467338334638
6  48.0  225.59012301122479
8  60.666666666666664  360.89047523717107
10  71.333333333333329  327.71436077664941
12  67.0  384.05844187375345
14  71.333333333333329  433.47473442262975
16  85.0  324.0470260769539
18  67.666666666666671  532.57753599031571
20  68.0  588.77661704219474
2  31.333333333333332  172.06629673985753
4  81.333333333333329  265.68215002408675
6  62.0  230.61207464819188
8  79.0  293.1192314348512
10  59.0  432.00857416228058
12  59.333333333333336  471.3277568003723
14  95.0  214.48177920218097
16  87.0  321.48914819181454
18  56.666666666666664  448.38336151493058
20  87.666666666666671  325.92887413748025
2  16.0  140.55781077402463
4  46.333333333333336  182.52970339440679
6  25.333333333333332  223.82790557702566
8  82.666666666666671  304.59535267889697
10  71.0  369.22900048261454
12  73.666666666666671  328.57105816988872
14  80.0  318.44695829585163
16  69.0  566.63721180287837
18  78.666666666666671  302.76347627761919
20  90.666666666666671  265.17506122196733
2  23.333333333333332  91.599746960778617
4  53.666666666666664  317.34036707399105
6  62.0  252.6792131252862
8  57.0  278.2781210695382
10  80.0  308.89443477754628
12  88.333333333333329  233.7347148841834
14  84.666666666666671  351.88794587251698
16  84.666666666666671  362.15544554159243
18  65.333333333333329  615.12879962982277
20  76.333333333333329  530.46315451358259
2  38.333333333333336  159.4713266145186
4  35.333333333333336  299.2193378950081
6  52.666666666666664  335.05612663794363
8  56.0  344.68508788629572
10  66.0  343.14069510708509
12  59.333333333333336  467.88730046566178
14  74.0  306.34143705207293
16  90.333333333333329  278.82128774162561
18  80.333333333333329  429.00003307459457
20  82.666666666666671  384.90122741113089
2  15.333333333333334  191.10213895597735
4  47.0  190.13452931548622
6  57.0  212.62698459959219
8  64.333333333333329  304.53999033136978
10  72.0  340.65752181076743
12  87.666666666666671  327.98588308464406
14  80.0  439.91968274759148
16  82.333333333333329  302.66083619327998
18  75.666666666666671  455.3553080827013
20  78.333333333333329  449.66753756735898
2  17.333333333333332  154.31593244184663
4  51.0  237.44516690486216
6  42.666666666666664  296.78187307375225
8  56.333333333333336  383.84157366127596
10  83.333333333333329  306.11022464680786
12  70.0  359.95574338058191
14  51.0  404.88450858631205
16  73.0  453.44931744069186
18  82.0  481.29659453058218
20  88.333333333333329  278.91914734498499
2  27.333333333333332  191.01386121005623
4  40.333333333333336  266.25797062217066
6  50.0  329.28033499983758
8  53.666666666666664  392.15940856825267
10  57.0  427.67374303456165
12  59.666666666666664  499.41683586178516
14  83.333333333333329  332.00993358531593
16  91.666666666666671  247.07492571462078
18  81.0  356.93564272925136
20  83.0  431.45417566398993
2  17.333333333333332  197.1599146096126
4  55.666666666666664  218.08705125828459
6  47.666666666666664  361.64834894155831
8  71.666666666666671  266.47001315354794
10  65.0  379.65481327103981
12  74.666666666666671  337.74088280453225
14  82.333333333333329  376.23914129904068
16  87.333333333333329  411.43130484774281
18  73.666666666666671  448.25333326220255
20  87.666666666666671  368.00463302593579
2  41.333333333333336  160.87267428034804
4  45.333333333333336  239.35281144934666
6  41.0  337.12127509777832
8  59.333333333333336  338.79043055463808
10  48.666666666666664  465.01017525429398
12  78.333333333333329  347.22263982585582
14  70.0  413.6720390134048
16  68.666666666666671  519.80292880189222
18  87.333333333333329  314.20285489440573
20  80.666666666666671  466.62699317958527
2  42.0  158.49134721564388
4  31.333333333333332  349.11484343180535
6  37.0  333.92460969886685
8  58.333333333333336  359.81604726805659
10  72.333333333333329  304.28869588897271
12  62.666666666666664  462.06253584352879
14  77.0  443.26637024501792
16  87.0  325.48064877497654
18  79.666666666666671  382.2746002720495
20  84.333333333333329  395.39827290869647
2  22.333333333333332  184.05269858712947
4  42.666666666666664  237.10858476762112
6  57.0  323.46605234318656
8  71.0  283.36292862053438
10  76.666666666666671  317.84967084516092
12  74.0  317.12216855902182
14  74.333333333333329  315.97429888793238
16  72.0  447.72385542891158
18  76.0  298.07202843141789
20  83.666666666666671  375.86884861847943
2  17.666666666666668  111.22579712244557
4  19.666666666666668  227.71185999870966
6  50.0  320.58920572357931
8  87.333333333333329  267.04768464536579
10  57.666666666666664  265.60673283024943
12  83.333333333333329  297.56563944483412
14  87.666666666666671  312.94366196503927
16  69.333333333333329  449.75319836210286
18  76.666666666666671  426.23757890297702
20  86.666666666666671  361.29382749311304
2  12.666666666666666  122.11143977830038
4  46.666666666666664  292.148116856059
6  30.0  272.31708411307909
8  45.666666666666664  366.33134642657603
10  52.666666666666664  422.25583768237669
12  79.333333333333329  349.2802184386137
14  64.0  418.30510497095969
16  76.0  291.02738956456574
18  82.666666666666671  354.41319775993344
20  83.0  399.70033491893815
2  39.666666666666664  150.57506251804207
4  30.666666666666668  182.34453648247327
6  59.333333333333336  300.50660484100968
8  63.0  374.67207370175447
10  59.333333333333336  341.82960454489688
12  65.666666666666671  416.19719382816123
14  71.333333333333329  448.41932771784525
16  61.333333333333336  403.28541128541013
18  69.666666666666671  427.28504282841931
20  86.0  423.84638351179706
2  24.666666666666668  145.05060516906502
4  29.333333333333332  196.73272363145693
6  62.333333333333336  331.3348815992112
8  49.666666666666664  351.56431572728275
10  52.0  492.24815741346345
12  84.666666666666671  301.9151231535817
14  79.666666666666671  458.37305371968597
16  66.666666666666671  484.43160925877487
18  84.666666666666671  375.94723220891336
20  80.666666666666671  387.27240065682844
2  19.333333333333332  133.81804082532258
4  26.666666666666668  307.60954887461708
6  45.666666666666664  346.60892650784973
8  62.333333333333336  484.6321694806133
10  63.0  434.40466786944592
12  65.333333333333329  378.4201804859058
14  86.333333333333329  328.98623523315649
16  88.0  325.40696489443889
18  80.333333333333329  326.7773983982006
20  92.666666666666671  267.10472317178443
2  14.666666666666666  135.35899772193426
4  27.333333333333332  293.06692119142923
6  52.666666666666664  259.43719243127953
8  73.666666666666671  330.19252683542624
10  78.0  315.36387538830627
12  88.0  285.34103961295864
14  73.333333333333329  445.07813109908216
16  72.333333333333329  546.50885223361274
18  74.0  588.81059622031705
20  86.333333333333329  374.00181055897895
2  20.666666666666668  176.80920944814628
4  46.0  274.3461400884421
6  54.0  234.41651921912089
8  59.333333333333336  329.42398993695474
10  64.0  275.64205639234223
12  70.0  367.90968167588534
14  79.333333333333329  409.44706554427768
16  72.333333333333329  536.96379771110082
18  88.333333333333329  358.15000349501912
20  82.333333333333329  511.03903751366073
2  6.0  90.563151637899011
4  40.0  202.58581961758134
6  36.666666666666664  183.5503371599699
8  36.0  362.3623626770792
10  79.333333333333329  274.29483205966659
12  77.333333333333329  371.05101186621238
14  80.0  450.00126253399344
16  81.0  356.10244674352481
18  80.0  435.04935445911508
20  89.333333333333329  289.80524260798086
2  17.666666666666668  168.80212977829569
4  43.333333333333336  313.20724907615681
6  67.0  287.69696465073736
8  67.666666666666671  342.21766765730314
10  80.333333333333329  301.20335092358795
12  54.666666666666664  427.77464613777806
14  64.0  431.99267129039981
16  77.333333333333329  319.72523660984336
18  84.666666666666671  216.04079292581761
20  85.333333333333329  302.48675593993022
2  30.0  198.42263017064539
4  54.0  264.33900215676658
6  57.333333333333336  270.6540526888092
8  66.0  328.02682574057621
10  52.333333333333336  379.16961512957602
12  74.0  428.94050757700956
14  72.333333333333329  434.50585154377416
16  72.666666666666671  489.04454076423235
18  68.333333333333329  459.17425760983713
20  79.0  359.74608852682741
2  52.0  131.82113699437789
4  53.0  215.16670002783647
6  51.0  423.16067594323926
8  54.333333333333336  296.70812196611791
10  64.0  402.04504993365242
12  64.0  369.02711723924551
14  60.666666666666664  349.35743603835709
16  87.666666666666671  342.99758216173075
18  52.666666666666664  751.70866004940171
20  88.0  355.76865136476096
2  23.666666666666668  191.30333756201861
4  46.333333333333336  212.477290439732
6  53.333333333333336  269.79606175176707
8  63.333333333333336  300.32761772987993
10  57.0  309.90233940884434
12  55.333333333333336  395.4862317513776
14  73.666666666666671  403.17632255692985
16  91.333333333333329  277.76792055743476
18  83.0  340.48317814986234
20  74.333333333333329  433.86248841002839
2  28.666666666666668  181.18842152923801
4  38.0  286.90812568523273
6  39.333333333333336  326.75966442230555
8  61.0  272.91071466804448
10  75.0  386.38320162389073
12  69.333333333333329  440.14658981121471
14  85.333333333333329  338.6057779606486
16  88.0  296.63277831401501
18  68.0  537.29984352078031
20  84.0  380.59952656280933
2  30.0  166.50328878217817
4  61.0  232.68588045185282
6  40.333333333333336  318.97646685486598
8  40.0  407.85693705001381
10  46.666666666666664  448.47126042848004
12  86.0  374.34860858617645
14  65.333333333333329  501.22735404145175
16  79.333333333333329  359.24661078677724
18  77.333333333333329  443.07675489143401
20  85.333333333333329  376.05963686178751
2  24.333333333333332  106.42653270253828
4  37.333333333333336  215.68279216831488
6  40.333333333333336  206.67303311204455
8  46.666666666666664  441.35048194178262
10  59.0  405.81285835481594
12  93.0  253.02314697552188
14  76.333333333333329  386.81547232132431
16  81.0  322.50043200236593
18  72.0  367.44091713240834
20  82.666666666666671  408.31126097990648
2  39.333333333333336  179.55146987859109
4  33.333333333333336  212.04318603503907
6  65.0  338.40515626295047
8  56.333333333333336  373.88014397736629
10  63.0  366.23490276626336
12  78.0  270.66744054406348
14  54.666666666666664  499.11830603693619
16  83.0  363.24957544982999
18  72.0  518.35925922159356
20  74.0  566.2521826791243
2  11.333333333333334  112.80387404688565
4  64.666666666666671  232.510747960749
6  62.333333333333336  315.4130808590254
8  52.0  397.29539240431745
10  47.333333333333336  493.56666251296764
12  70.333333333333329  299.38880104592891
14  70.333333333333329  414.81480474965309
16  83.0  340.88076355618688
18  93.666666666666671  247.52281706330629
20  93.333333333333329  283.97120097401233
2  45.0  143.93958359202082
4  58.0  186.90784146457656
6  63.0  290.97987322779136
8  62.333333333333336  383.04445882128579
10  60.333333333333336  443.21636649867048
12  88.666666666666671  241.26279048670361
14  62.333333333333336  477.73147921413272
16  78.666666666666671  382.07323566511099
18  81.333333333333329  446.56014780567824
20  85.0  396.68192495953735
2  18.666666666666668  195.46569617602421
4  29.333333333333332  319.11614796594813
6  42.0  322.13704743453758
8  64.666666666666671  391.70513259450087
10  78.0  340.49131237896921
12  68.0  334.39666064101635
14  75.666666666666671  279.2639726891465
16  81.0  352.81153065612034
18  78.0  454.83635462641359
20  71.666666666666671  583.69542009827728
2  6.333333333333333  99.490680070169986
4  31.0  260.21517015058737
6  65.0  268.91299990005814
8  81.666666666666671  236.8175120331077
10  47.666666666666664  454.79980591568682
12  78.666666666666671  344.95832090568916
14  76.666666666666671  474.71611195502652
16  62.333333333333336  646.93792194889647
18  88.0  364.68261659002383
20  76.333333333333329  508.20641742903882
2  25.666666666666668  153.67744463316723
4  53.0  172.34761311871983
6  61.666666666666664  329.94528573503118
8  71.0  329.18814905938376
10  67.666666666666671  439.06799233045058
12  61.666666666666664  453.8925675800603
14  72.0  420.53171227348173
16  79.0  379.78441849710026
18  82.666666666666671  321.42780616099441
20  80.0  497.09485198669836
2  51.666666666666664  160.86767549147743
4  59.333333333333336  289.69679021028861
6  49.0  354.97695971893728
8  57.333333333333336  352.99383700719454
10  69.666666666666671  404.01275874744096
12  76.333333333333329  377.30217402327196
14  70.333333333333329  530.90314355235807
16  76.666666666666671  337.09771245576462
18  87.333333333333329  317.94050845227468
20  92.666666666666671  250.36501907576462
2  28.0  156.14971921199054
4  54.333333333333336  224.60386158227203
6  36.333333333333336  378.20679939715484
8  62.666666666666664  363.16411150928508
10  74.0  321.85188371312779
12  81.333333333333329  324.41897389154963
14  89.666666666666671  255.41242251414675
16  85.0  312.06407216043203
18  81.666666666666671  326.61046749468341
20  88.333333333333329  324.38480711187879
2  30.333333333333332  120.21230117451346
4  50.666666666666664  247.79324103655534
6  57.333333333333336  350.26027436713213
8  70.333333333333329  276.60613134555149
10  68.0  432.4649589366212
12  70.333333333333329  281.34814306954985
14  80.0  378.48091168466539
16  78.666666666666671  430.65937140744035
18  79.666666666666671  456.1491677742502
20  84.666666666666671  443.13443147882589
2  31.0  184.83457042573693
4  19.333333333333332  277.3179685410995
6  37.333333333333336  336.14611523607954
8  69.333333333333329  310.20810927395706
10  63.666666666666664  296.70360950399629
12  55.666666666666664  443.68571559501044
14  73.333333333333329  297.14585594170001
16  63.333333333333336  257.00381075700528
18  90.333333333333329  264.16516507170024
20  79.666666666666671  474.52385312382529
2  25.666666666666668  179.81635360972888
4  43.0  226.43848124087879
6  59.333333333333336  320.86523986100224
8  67.666666666666671  340.88583350522447
10  55.0  320.35535027534473
12  80.666666666666671  258.59942589662302
14  70.666666666666671  453.88531621600589
16  83.666666666666671  343.93610689365789
18  84.666666666666671  369.24322944961193
20  79.0  590.75355871403281
2  22.333333333333332  109.98659448753541
4  36.333333333333336  207.68623861950343
6  57.333333333333336  296.68134072665976
8  66.333333333333329  326.7773761667284
10  53.666666666666664  480.8848949423986
12  76.666666666666671  313.78843589115939
14  67.0  457.81723825377821
16  78.0  380.17901755418683
18  77.333333333333329  495.64126748253238
20  88.0  313.15585402942941
2  42.666666666666664  139.07912117450013
4  37.0  278.0041488991082
6  67.0  283.46179065903374
8  57.666666666666664  367.99336694502864
10  66.0  403.14381473285414
12  72.333333333333329  380.15709604056468
14  80.0  353.43699929763562
16  81.0  403.66735902766931
18  87.333333333333329  274.25158882999375
20  87.333333333333329  404.54014130549876
2  10.666666666666666  99.556448459248955
4  32.333333333333336  318.83549890728096
6  46.333333333333336  419.80383183320686
8  68.333333333333329  363.53293442515792
10  82.0  316.48085884610276
12  54.0  388.06071958172038
14  81.0  344.14241552956207
16  84.666666666666671  305.74293076236904
18  84.666666666666671  289.97651727102453
20  89.0  298.44480186523236
2  36.0  188.3732052047429
4  63.0  192.6693652213219
6  43.0  323.03485177416303
8  67.0  315.42967604337508
10  71.0  322.55008168069071
12  71.0  460.50251144852638
14  71.333333333333329  466.32253345028744
16  84.666666666666671  305.50692292403289
18  87.666666666666671  403.82782631193339
20  87.666666666666671  370.76419937981046
2  20.0  124.39470018363873
4  29.666666666666668  121.92119644712989
6  53.0  240.94342080757158
8  42.333333333333336  372.39173226592072
10  57.666666666666664  423.03587942758855
12  68.0  428.40318143485212
14  90.333333333333329  269.18055132179853
16  76.666666666666671  557.47042580510424
18  91.666666666666671  223.74922721582337
20  86.333333333333329  372.53247740935166
2  49.333333333333336  166.31536037604573
4  74.0  203.39083738312775
6  39.0  371.58610281095054
8  51.333333333333336  410.59876068622299
10  78.333333333333329  321.18496620471871
12  67.333333333333329  325.76997401000762
14  89.666666666666671  257.692736364273
16  85.333333333333329  348.85551788043279
18  82.666666666666671  331.31216595269353
20  81.666666666666671  339.38941144392584
2  31.333333333333332  137.17002370649666
4  27.666666666666668  263.7296483044874
6  56.0  311.17084814576924
8  73.666666666666671  277.05866887200085
10  66.333333333333329  378.72601593535211
12  72.0  277.15024492909998
14  78.333333333333329  406.40068640094785
16  79.333333333333329  434.43240271986008
18  81.666666666666671  325.24569445396793
20  95.0  213.21685100352877
2  32.333333333333336  113.92080845049708
4  62.333333333333336  265.03748863577283
6  33.666666666666664  378.01248670440168
8  72.333333333333329  314.48583775684585
10  75.333333333333329  368.96928606709366
12  87.666666666666671  278.05092079647227
14  63.0  449.0072117662325
16  74.0  444.50915341651853
18  90.0  332.18182046619444
20  89.666666666666671  302.30088170733154
2  25.333333333333332  95.444460864181679
4  27.333333333333332  303.00452627995168
6  55.333333333333336  352.58608108765117
8  58.333333333333336  396.22605944547189
10  52.333333333333336  548.59398805411274
12  69.333333333333329  277.90375013788059
14  73.333333333333329  343.58617964068895
16  61.0  527.18824422556372
18  73.666666666666671  439.9145012204707
20  73.0  506.60116467346603
2  33.0  193.09476419801538
4  60.0  275.87206547723559
6  42.0  308.79208810319392
8  55.0  311.02420746724658
10  63.666666666666664  412.3177443186915
12  76.0  325.49303321487366
14  61.666666666666664  544.3718113207899
16  84.0  360.34156054017183
18  69.333333333333329  464.53095713077141
20  82.333333333333329  331.28662307140354
2  31.333333333333332  184.43457718806113
4  16.333333333333332  152.63574993894665
6  70.0  297.38273175349843
8  92.333333333333329  245.13007436289453
10  57.0  272.21845390325865
12  75.666666666666671  354.15737687081156
14  67.666666666666671  408.26358235038214
16  78.0  404.73658120261422
18  75.666666666666671  458.95821678538545
20  82.666666666666671  384.41675613541281
2  28.666666666666668  194.04226727632087
4  51.333333333333336  236.62772052414709
6  56.333333333333336  291.63841150335367
8  42.0  477.57929375173075
10  87.333333333333329  211.12311636514508
12  78.333333333333329  332.17933940540564
14  68.0  392.35335682528932
16  74.0  380.40547201640317
18  93.0  250.84335677434427
20  95.333333333333329  230.66689475647181
2  29.333333333333332  164.0748659587567
4  48.333333333333336  197.65752049566871
6  44.0  300.4040043866687
8  57.666666666666664  308.37863071422925
10  73.333333333333329  324.75781627217646
12  80.0  362.80181338182837
14  71.0  472.28139408340422
16  76.666666666666671  435.99060454859813
18  83.0  332.49605367028926
20  85.0  359.21269719779843
2  11.666666666666666  146.45574864667091
4  71.0  217.2985666110369
6  52.666666666666664  328.59245642964606
8  56.666666666666664  371.97354780641706
10  57.333333333333336  448.8987821033864
12  54.0  385.97422027668586
14  68.333333333333329  527.60112477511541
16  80.333333333333329  325.56162820743549
18  81.666666666666671  413.22155738830929
20  82.333333333333329  427.64040655948838
2  15.333333333333334  130.61194751549436
4  29.666666666666668  293.31391165758225
6  57.333333333333336  300.14067222225736
8  61.333333333333336  375.69949799390241
10  81.0  322.50390293326456
12  65.333333333333329  404.35458541413436
14  63.666666666666664  458.82921610597583
16  77.333333333333329  358.81897849407898
18  85.0  388.46727595203868
20  80.666666666666671  360.57588350373061
2  19.0  73.101720670240368
4  55.333333333333336  226.90954751782473
6  49.0  371.89245858316826
8  69.333333333333329  369.64615143726729
10  65.666666666666671  394.16342423848869
12  71.333333333333329  382.82893219409345
14  70.666666666666671  369.36937220303383
16  89.666666666666671  228.1620895235765
18  82.0  391.53184389001524
20  84.333333333333329  366.89525922298003
2  13.333333333333334  193.0306523079521
4  54.333333333333336  233.63498850272535
6  45.666666666666664  321.71025544374413
8  53.0  369.28609966883971
10  73.0  384.64641377472674
12  61.333333333333336  608.62206687568425
14  64.666666666666671  412.00083752196383
16  80.0  379.79175813451417
18  87.0  312.35641321767486
20  76.0  532.43758359231356
2  14.0  150.40488751613856
4  42.666666666666664  251.46496671717728
6  83.333333333333329  247.70282884583847
8  30.666666666666668  467.46157485113423
10  68.666666666666671  437.8396117984035
12  77.666666666666671  356.71304809664082
14  78.0  438.46636408052626
16  83.333333333333329  333.77403053186475
18  93.333333333333329  285.33772203179871
20  83.666666666666671  283.2421207756945
2  53.666666666666664  140.45379738300278
4  42.666666666666664  279.58758234651549
6  47.0  356.93550238286065
8  55.666666666666664  334.54361183125945
10  48.666666666666664  499.16416259926604
12  66.0  436.31733514162283
14  58.0  584.17270784166055
16  89.0  262.79242772133995
18  86.0  309.02292253737932
20  76.333333333333329  404.99827943503743
2  22.333333333333332  142.753903411035
4  50.666666666666664  277.11653616741825
6  53.666666666666664  235.97538235059005
8  39.666666666666664  444.30903178813406
10  69.333333333333329  293.76123045499116
12  60.0  418.008723422326
14  87.666666666666671  255.54639570765798
16  75.0  406.59373451864627
18  84.666666666666671  286.44003484338481
20  87.0  296.936041903562
2  34.0  132.39118729401252
4  60.666666666666664  228.50927464710605
6  63.666666666666664  285.03078840312196
8  70.333333333333329  336.32113992049301
10  66.666666666666671  242.61038098367158
12  65.0  380.71415705484907
14  64.333333333333329  433.43313991607522
16  94.333333333333329  243.9816250995074
18  88.666666666666671  337.39650716624624
20  76.333333333333329  439.20772059782684
2  26.666666666666668  170.96715872804745
4  55.666666666666664  256.15746007136295
6  48.333333333333336  229.25527687507957
8  72.333333333333329  340.46134612133687
10  64.666666666666671  449.30916691227844
12  80.666666666666671  263.59945920136772
14  75.666666666666671  365.04144637905267
16  80.333333333333329  330.20978250221617
18  89.333333333333329  355.20126510603131
20  53.0  858.57819306553961
2  29.333333333333332  193.28454237258572
4  45.666666666666664  258.26736544056621
6  56.333333333333336  327.87007487977525
8  58.333333333333336  397.61338254242725
10  72.666666666666671  335.85088526881356
12  81.0  285.64736183969001
14  53.0  501.54851977365479
16  69.333333333333329  617.03593179678796
18  85.0  384.08247586812809
20  92.0  243.3217763001764
2  10.0  167.73491488519625
4  55.333333333333336  225.70791523749676
6  24.333333333333332  355.27158891288315
8  70.333333333333329  257.61566158800417
10  69.666666666666671  363.02724820102964
12  79.666666666666671  357.23697283395967
14  71.333333333333329  374.87910684909156
16  87.666666666666671  282.52212032139403
18  79.333333333333329  415.26676799992708
20  88.666666666666671  273.56312832039259
2  10.333333333333334  171.65693181913028
4  19.0  212.53869830131046
6  32.333333333333336  397.49203570512401
8  57.666666666666664  294.51658846312858
10  66.666666666666671  356.76685613141092
12  87.333333333333329  288.98703758320545
14  65.666666666666671  438.06848693039774
16  80.666666666666671  380.90031703421022
18  75.666666666666671  503.74871946389931
20  77.0  468.35642145117504
2  32.666666666666664  136.18619916435526
4  47.666666666666664  302.12808864447624
6  37.0  371.38065985186023
8  63.333333333333336  296.1734109097448
10  59.333333333333336  395.0008496968282
12  65.666666666666671  474.32168958376013
14  80.333333333333329  297.27612552073214
16  68.333333333333329  516.35369356506294
18  81.333333333333329  408.13547411135187
20  90.666666666666671  315.32469778296502
2  25.333333333333332  123.61220484650967
4  29.666666666666668  266.72380360371716
6  54.0  354.74959514595969
8  68.0  354.88724775786949
10  80.666666666666671  303.75115202746929
12  75.333333333333329  426.55688225068781
14  60.333333333333336  504.4143946922789
16  63.666666666666664  304.65386846825265
18  74.333333333333329  492.09147432786745
20  82.666666666666671  318.30503728071886
2  5.333333333333333  180.34882886591879
4  35.0  332.75604572758522
6  62.666666666666664  254.31300911349743
8  57.666666666666664  413.48690349177036
10  56.333333333333336  403.65720207004352
12  82.666666666666671  282.76137284520792
14  77.333333333333329  353.48820962835771
16  81.333333333333329  378.25117945118643
18  79.333333333333329  415.73529682021427
20  79.666666666666671  431.96287254153435
2  35.0  186.22672064514376
4  31.333333333333332  217.6196162759891
6  59.333333333333336  343.26277024395409
8  78.666666666666671  291.16064326718509
10  64.666666666666671  405.33499598070586
12  66.333333333333329  431.57690472906557
14  74.333333333333329  390.63708366310527
16  75.333333333333329  474.72254459651418
18  82.0  401.06841710953114
20  93.0  231.42946193252413
2  38.333333333333336  179.73474938639288
4  47.0  230.81258287692151
6  91.333333333333329  259.67941177674982
8  56.666666666666664  303.4388432125894
10  75.333333333333329  366.55981563440446
12  68.0  374.96090032141228
14  71.0  360.94197567612349
16  74.666666666666671  347.85826352415472
18  85.666666666666671  322.71638849977739
20  85.333333333333329  339.6432819807377
2  23.0  179.39934693409731
4  39.666666666666664  186.14753353508451
6  80.0  248.44436793073851
8  43.0  502.47934613778949
10  56.0  508.34049015891998
12  74.666666666666671  365.01893710725574
14  69.0  455.5282765465181
16  75.333333333333329  287.86687715551886
18  75.0  480.62245696624427
20  85.0  404.7505522098167
2  5.0  103.39974296090608
4  42.333333333333336  244.28299017547687
6  58.666666666666664  283.35877197309054
8  38.666666666666664  214.53758114620851
10  63.0  294.03878772018305
12  74.333333333333329  379.84202089461076
14  71.333333333333329  451.29297209451499
16  72.0  493.57156059564824
18  85.333333333333329  332.29165763022934
20  86.333333333333329  330.11785053371455
2  32.333333333333336  143.03909078575401
4  41.0  224.54100507452793
6  55.333333333333336  269.9174929164792
8  63.0  336.50649519224777
10  70.333333333333329  284.75202139584604
12  77.333333333333329  334.36001325171884
14  90.666666666666671  249.5581357605742
16  78.333333333333329  398.15544702681223
18  59.666666666666664  467.59605380978292
20  75.333333333333329  519.86980249415046
2  29.333333333333332  183.96449148114911
4  64.666666666666671  253.75436180932081
6  41.0  259.51270715761655
8  40.333333333333336  378.6627171616575
10  48.0  390.14333347248652
12  60.0  480.02231384741606
14  52.666666666666664  461.20951148785525
16  58.666666666666664  552.90308570034529
18  74.333333333333329  495.44818284232582
20  68.666666666666671  573.87703337436119
2  25.333333333333332  179.36614715213562
4  55.333333333333336  226.63576209979374
6  55.333333333333336  283.4536756418795
8  63.666666666666664  267.84404619869446
10  75.0  305.88152240949523
12  68.333333333333329  388.3526148478706
14  69.0  501.33263142638424
16  80.333333333333329  375.21018181153113
18  85.333333333333329  359.88626075069607
20  80.333333333333329  320.02874889198955
2  16.666666666666668  135.18107016111651
4  51.666666666666664  247.90453445187754
6  50.666666666666664  302.22573633108198
8  58.333333333333336  441.38908212373468
10  81.0  363.66364805251681
12  85.333333333333329  317.76305366336203
14  76.666666666666671  391.05511333070262
16  81.0  410.04024374715902
18  81.666666666666671  368.07635624002938
20  84.333333333333329  290.39364740035819
2  21.333333333333332  187.06841970207662
4  54.666666666666664  306.73624226843003
6  41.666666666666664  370.96937384890543
8  60.0  359.17753624358528
10  80.0  286.58997858064748
12  65.666666666666671  438.65794065405413
14  78.0  385.39664619193206
16  64.666666666666671  344.85045288933941
18  94.666666666666671  251.80639766393898
20  72.333333333333329  429.57347032083351
2  31.333333333333332  128.56421544583549
4  88.666666666666671  233.03474945222726
6  39.333333333333336  355.2332099178563
8  68.333333333333329  315.11138396893398
10  87.333333333333329  243.14064326448408
12  73.333333333333329  430.20369298448242
14  78.333333333333329  380.69138668855061
16  83.333333333333329  281.00020616884535
18  77.333333333333329  393.20026250920455
20  76.333333333333329  408.40222777637649
2  28.666666666666668  156.25131522060315
4  41.666666666666664  245.20880727011613
6  42.666666666666664  276.81580051908674
8  42.666666666666664  406.59974043128426
10  59.333333333333336  421.53537921243145
12  70.0  377.9174680371919
14  70.666666666666671  463.09041315548308
16  66.333333333333329  449.81676902480541
18  83.333333333333329  383.95174098323844
20  87.666666666666671  319.45230295663663
2  23.0  181.32636257685229
4  39.666666666666664  259.22704982872284
6  37.0  162.06378674805663
8  80.333333333333329  296.83451721085936
10  72.333333333333329  407.26775743367398
12  78.0  316.0511664656226
14  72.333333333333329  454.98661877509466
16  73.333333333333329  458.91057414981384
18  86.0  346.82486604385809
20  77.0  403.68515434862479
2  34.666666666666664  174.08786295789844
4  44.333333333333336  241.57434862200006
6  53.666666666666664  246.09357460188136
8  64.666666666666671  337.98718424796408
10  70.333333333333329  405.44631105470529
12  69.666666666666671  412.29108241056286
14  70.333333333333329  413.64165910472497
16  69.666666666666671  507.34988702582791
18  75.0  338.69379416564067
20  66.333333333333329  491.20738353916721
2  11.666666666666666  183.19129387959549
4  38.666666666666664  322.92638584355564
6  73.0  279.38313346761288
8  58.666666666666664  399.03698239007076
10  61.666666666666664  411.03785582224339
12  76.666666666666671  391.78499619842592
14  84.666666666666671  360.83655268850328
16  79.666666666666671  337.55705642951341
18  78.0  308.29570421180574
20  84.333333333333329  222.15106427213468
2  29.333333333333332  108.02172153237854
4  29.666666666666668  218.29272792272556
6  41.333333333333336  344.11008663534386
8  61.0  318.91947749613757
10  87.0  271.74174364206186
12  83.333333333333329  334.54929175994351
14  53.666666666666664  313.99114455193114
16  68.666666666666671  355.23335422759146
18  65.333333333333329  599.91785434766962
20  77.0  426.51119100108622
2  32.666666666666664  151.78046963725672
4  48.666666666666664  240.02393458546288
6  71.666666666666671  290.89003694897218
8  56.333333333333336  335.55753720745901
10  89.333333333333329  232.54708684521691
12  85.0  343.54503160235339
14  63.0  539.33919591581252
16  85.333333333333329  359.33113251786409
18  86.333333333333329  310.0401278960158
20  83.0  487.73990560307129
2  20.333333333333332  177.4296066095099
4  37.666666666666664  282.48705424302307
6  36.0  407.52025272529067
8  69.333333333333329  234.19401990653802
10  62.666666666666664  300.86662902455419
12  67.0  265.97364025079867
14  71.666666666666671  441.5343389066029
16  73.0  454.51552107049753
18  74.0  460.91935676147853
20  77.666666666666671  511.97404154631391
