1  49  343.12784301813127
2  78  112.55769955866768
3  52  389.73321050032388
4  54  327.1271617628081
5  56  239.09748681089144
6  37  348.38852282311183
1  95  32.390692410250885
2  67  173.01488088500952
3  64  166.86764794158134
4  64  258.06673219841565
5  26  399.00000000000006
6  53  339.05193299359559
1  78  96.989641648204881
2  65  212.93518516855352
3  60  255.09475662499551
4  49  342.16834558356976
5  61  200.04710300754368
6  48  222.96923803586273
1  74  167.99402761451697
2  74  120.48857176898011
3  65  200.51012905344379
4  54  385.69049372607714
5  45  286.62364006429436
6  31  373.75245541319521
1  60  165.30324513065722
2  60  281.93249759807162
3  70  201.14869722013015
4  43  266.93470344935889
5  54  343.78657580004671
6  27  426.27142782815696
1  68  139.64577218443011
2  58  144.12799723471983
3  38  151.81682521442411
4  31  349.16253871159665
5  48  283.18501410123991
6  43  188.6703707996918
1  66  211.01702569010283
2  52  256.36609223507008
3  67  125.27735116226756
4  50  360.16787094001717
5  58  132.95354723064008
6  39  315.44812540493228
1  56  244.07077978851285
2  65  189.20180355073759
3  67  163.76543993898625
4  60  293.31997482301631
5  48  376.3435116399653
6  53  167.4959694120283
1  70  160.53597948857308
2  73  143.99187224324061
3  60  209.49490778410924
4  50  306.56502297088525
5  56  189.02512070810988
6  68  184.91521882545118
1  87  94.746816083024058
2  72  135.76576347165343
3  32  251.09074295633411
4  64  303.25809060337468
5  48  332.41192571483288
6  59  429.5799164560085
1  67  173.12033400334329
2  58  218.21931365931655
3  49  399.35501529674161
4  39  463.27731538729671
5  33  399.62669071240487
6  44  336.70485469957043
1  54  317.45796980763419
2  79  100.69168235962215
3  56  304.97747407057312
4  45  214.03529917444985
5  51  274.44821208605146
6  60  241.14000148653332
1  64  169.31506745798237
2  71  160.33052667283218
3  63  245.13393162780989
4  47  286.70563732467133
5  63  226.79661655616684
6  50  392.9804429311713
1  65  76.654310680188232
2  75  165.63877778874561
3  92  92.625584395232877
4  43  535.73721783577128
5  60  185.94332907771062
6  68  148.17464164204142
1  81  130.57992282232388
2  27  192.78483064074902
3  57  221.08848770541536
4  44  274.94242614111835
5  22  566.28443949740154
6  52  286.32511578826427
1  73  132.06635136218833
2  52  335.56959877751706
3  76  162.1688930915096
4  44  326.21979569693866
5  32  330.59011113770816
6  63  262.9677125981504
1  81  86.362137151822068
2  69  173.50695305418225
3  41  369.21478054040858
4  46  384.03660845752523
5  62  284.89429267944092
6  67  170.03215716686154
1  65  202.6816556940334
2  70  154.7397982450845
3  62  232.74260909831364
4  67  164.51432538177852
5  54  231.54693780773087
6  32  198.9428039556017
1  79  152.70419724638708
2  73  139.73502018525721
3  51  383.34075843926308
4  35  543.26302051621008
5  52  396.73221855244026
6  65  190.47749830591289
1  62  206.99204906056957
2  70  195.01507738516432
3  60  218.00028962985078
4  30  256.04603434975382
5  54  377.93610859406601
6  48  271.09847359393081
1  64  150.18519158469192
2  66  184.28828254455541
3  60  206.02146663410326
4  73  151.63144904530537
5  60  190.95116891457127
6  61  196.8750917483564
1  83  89.553449459607705
2  45  322.2608171909398
3  51  262.45674443153615
4  61  154.19348653289077
5  36  359.36837864437683
6  36  464.95132295803506
1  57  173.50070859923699
2  66  169.58526915402624
3  59  202.02888167406525
4  55  331.05256096104364
5  62  334.49987822111223
6  62  256.86814580231385
1  65  195.12326929827518
2  67  168.99383140516699
3  64  218.0735420782427
4  52  253.916906418987
5  48  414.11065068569695
6  54  247.82979363314143
1  63  140.56818358659811
2  70  156.53121375871086
3  64  177.06373319979824
4  57  285.01879799364968
5  64  209.18616596387844
6  72  197.48223993647508
1  60  175.12246265999485
2  60  240.60955925038778
3  60  213.72762313247912
4  53  230.55715157530167
5  47  329.217706146507
6  78  119.83932731624654
1  56  76.013401664813898
2  41  253.06741812473302
3  59  249.56963703161179
4  50  303.41372747655231
5  77  105.07120620854849
6  58  129.74197267016683
1  73  150.62068848696703
2  76  158.95551188339431
3  50  394.42902970354311
4  41  290.26762685545515
5  70  168.41524915113149
6  69  127.72410636857654
1  69  147.1718653810415
2  76  120.25369396210338
3  49  355.11219433599155
4  72  148.47481387245421
5  39  450.07261639747287
6  57  311.25657951262809
1  72  121.43837761187169
2  51  301.43037624555637
3  60  258.84393194676755
4  40  377.28699040460731
5  29  105.51926298522673
6  34  512.57289845947673
1  69  209.42210756994047
2  77  140.96459946170256
3  63  239.7758928794546
4  26  595.78006510556304
5  45  273.87172539006616
6  67  339.1800769980523
1  61  159.69528993873499
2  60  208.70210469566632
3  41  304.81904341039956
4  70  102.44417151351257
5  55  244.49745308520426
6  55  273.83222683467511
1  59  88.468387140958285
2  31  188.0602581924465
3  71  157.40053344640614
4  49  425.27463140872459
5  40  366.38856906392954
6  66  181.00256865338633
1  62  235.99151838232231
2  71  162.34201766569029
3  54  255.19825621805501
4  36  556.06507843282736
5  39  486.10284456908414
6  91  110.00263771102084
1  66  133.78269823618965
2  72  104.52198465015175
3  46  187.30110256124198
4  70  148.4376408048839
5  44  321.2078493237982
6  57  278.55001157299091
1  63  131.50580661009155
2  59  270.39928489168835
3  51  321.0526278839298
4  39  272.17004177719571
5  45  216.28390156836653
6  57  222.81264856201031
1  71  146.26177446115108
2  74  167.05553300341052
3  56  303.30147939155688
4  62  217.10539889478628
5  31  341.80429723902199
6  75  121.01603177359969
1  57  189.96746747001404
2  47  175.72289329682715
3  73  195.11097027200373
4  53  162.66798514723408
5  65  151.21325387756707
6  39  452.87913162706553
1  70  124.60406035716173
2  64  183.36578249361858
3  53  155.67618669275066
4  62  291.16430370926821
5  59  180.44195049104454
6  46  278.90605561450724
1  63  261.27376869056468
2  79  123.75992372822279
3  73  148.35047956045349
4  70  194.98252694598241
5  50  361.54888506373112
6  44  380.0255295012235
1  48  83.723381511349132
2  65  91.04888656362418
3  33  213.89045320062291
4  62  188.64179072203368
5  48  343.26137013954087
6  50  240.40415119955446
1  78  129.34958370389953
2  52  257.3480025999304
3  28  281.00687749054788
4  61  192.99258821172413
5  58  278.27855541481506
6  56  205.14711239337299
1  70  138.67230816700243
2  73  133.35322666194742
3  81  171.32834938698727
4  86  61.513867216640655
5  56  144.60625386155473
6  47  312.65306030164959
1  65  181.74331581359198
2  70  140.98343265641543
3  44  284.88950421914126
4  61  91.783481716065211
5  29  425.53726938983345
6  66  177.81117391258655
1  73  144.83624056823899
2  71  210.9488653593767
3  66  260.12700638288175
4  64  122.86299002992578
5  63  177.16182360978971
6  60  251.15400665504291
1  62  119.64166171954498
2  79  100.83199129966269
3  52  97.670632789136704
4  81  87.914767682282331
5  35  379.13755388932663
6  41  473.68610485788105
1  85  76.565769348152543
2  78  110.04857824813067
3  51  368.64200967731244
4  29  257.59862892869251
5  52  193.93718442014173
6  44  415.02851256918524
1  80  123.2512101201379
2  75  153.85195090103701
3  65  277.17626451718667
4  65  258.24324293231439
5  36  428.27335942677212
6  30  423.18243587950462
1  92  46.37392865067126
2  74  105.33115550328186
3  49  292.19492730329665
4  55  189.85705392453869
5  38  186.60137208450689
6  45  328.46074109923126
1  79  127.72168150279987
2  51  169.70103944246637
3  59  239.56382927652885
4  55  269.10597377271148
5  81  80.903921888879978
6  54  343.44848675947884
1  74  137.75355412727643
2  43  271.43646071549142
3  41  371.69160664249938
4  77  163.62347443403308
5  61  192.72915615233893
6  38  465.31388448434819
1  78  126.95601126350738
2  54  202.68084955116308
3  54  320.94282294871908
4  45  302.92241680870569
5  39  403.17237607302275
6  46  333.7215919028805
1  58  90.705295228972034
2  69  198.87182069421758
3  31  174.39348955350283
4  74  157.82524329132883
5  52  269.47380723136132
6  42  319.9332435340574
1  82  120.1605518590306
2  54  180.04703911465052
3  70  274.57618167886147
4  61  123.39170735955177
5  50  402.50399020219385
6  53  293.19496145666653
1  70  178.55966386139082
2  65  176.57582347330759
3  53  223.20466446838475
4  41  375.35666711776793
5  48  301.51559189976876
6  57  248.03301065888721
1  85  69.564773449779679
2  39  364.08563693852255
3  87  68.383216171711894
4  34  249.3315453755574
5  45  397.3482839617273
6  24  426.27083932601977
1  52  243.65791065409357
2  79  101.57824575243875
3  78  83.835727560561097
4  67  107.15071232555903
5  80  176.98785854249033
6  51  305.5139554750117
1  78  115.79069148709516
2  57  196.58454360116858
3  63  243.85012103087888
4  59  189.13105898042724
5  47  384.21080739086364
6  49  331.42055269180526
1  73  122.49078890968518
2  38  238.60472112565165
3  70  279.57369000931652
4  37  449.32448318330967
5  64  119.04232429797261
6  37  410.67920702211609
1  68  217.90778377477798
2  68  178.09844439303302
3  83  93.503943967974394
4  56  297.82467635173572
5  68  231.12365357007246
6  25  400.86159061782001
1  45  195.69586755729529
2  56  265.78448818465381
3  39  332.25450776562758
4  40  392.96689250754963
5  47  205.53012448559852
6  47  201.98605809225569
1  58  163.13487112261271
2  69  166.93328656362141
3  78  118.74627554037605
4  41  349.10142420312422
5  47  333.67762420529198
6  31  290.47861005038834
1  75  151.21934863239355
2  57  190.25107019648814
3  48  287.09352313410807
4  57  250.32021837234254
5  54  233.9716522679683
6  63  243.44715426502805
1  54  196.76686852953375
2  50  239.00092360699057
3  59  277.40954560315191
4  50  317.02579195279844
5  57  257.7190846117557
6  57  355.15773147473499
1  63  198.24319977916534
2  57  287.74500092242312
3  63  187.75528223030034
4  42  354.49767092420791
5  49  403.89268081967049
6  39  449.83147945988947
1  69  145.55253499612539
2  68  154.55480412076381
3  47  219.75869529462733
4  64  129.47502938280147
5  44  311.57629974396735
6  53  321.94942763403628
1  48  229.43125484887599
2  34  391.78928780650807
3  62  268.63031075815354
4  32  395.77670681667956
5  75  126.72464512510794
6  27  626.80243066070716
1  84  119.00111076941528
2  49  283.57395847765065
3  45  267.8660279662588
4  60  292.63745891831621
5  32  414.14550513755466
6  65  249.30356338687142
1  82  100.26619228367809
2  80  97.583410785221531
3  50  375.77635805250185
4  59  217.25498272542899
5  61  207.66299423904093
6  49  433.66823292362557
1  82  90.521740981204204
2  47  200.47944454299304
3  43  287.05253867978615
4  56  320.03090365512224
5  43  324.37920891412125
6  63  206.77699317923663
1  83  74.13125930404712
2  65  276.54633471560589
3  62  278.35130862397256
4  64  233.03112591369094
5  58  252.65346273078688
6  49  409.25951479424918
1  85  99.668490256885704
2  71  189.33055908294753
3  61  255.09276157402644
4  61  217.33235114131537
5  46  293.44722452015804
6  43  254.04103874904499
1  56  229.2060337830091
2  56  359.609450850119
3  71  194.6962461037653
4  29  614.5828292651172
5  48  354.59595234592911
6  21  391.38932299781141
1  81  111.75391759749751
2  55  276.60766134058684
3  75  149.8084682688131
4  23  356.56571175082132
5  56  301.20899368863491
6  71  192.18793075263952
1  78  125.8293354742823
2  62  240.04035164098269
3  22  459.82375239037736
4  52  241.28389030115756
5  49  367.11321577544618
6  52  266.65999794735671
1  81  129.71240468927678
2  75  99.359339998467078
3  66  188.66020587148361
4  58  289.76348758775282
5  34  295.65201491262781
6  47  282.98870177990995
1  73  136.90039810978712
2  51  438.40621925852537
3  56  192.48566030247002
4  35  575.06265849784654
5  65  166.24801390260757
6  75  134.07932871843988
1  68  103.90667187338754
2  51  376.3983404937232
3  51  263.96144521815563
4  43  432.76574074243399
5  32  548.74782158417611
6  49  281.90659991068372
1  58  290.96918195066161
2  68  286.21362024191438
3  55  288.9235166094158
4  43  220.33599403184303
5  72  174.00034618000956
6  63  166.57228524053352
1  50  203.34235690224804
2  37  164.7824868716626
3  43  357.38717198632571
4  50  255.77508207171377
5  76  117.02649300321862
6  11  842.88021451971656
1  73  89.30287477111743
2  54  222.28204432058541
3  73  97.845989364777736
4  33  470.86621655383379
5  44  319.50940137785187
6  50  390.3395204740919
1  88  59.690959753073656
2  57  257.85432231352524
3  45  325.42011617504124
4  30  302.06325750849476
5  46  266.50128830047498
6  34  393.45707145157968
1  67  220.32558451847211
2  61  253.78662477456376
3  62  258.79666726010277
4  63  272.38447272568231
5  21  471.70439224142285
6  44  330.0297295648536
1  76  128.45437805983343
2  58  236.16246263499406
3  53  371.31461983977226
4  40  246.11376266111722
5  34  414.67943421500712
6  60  186.6276520708879
1  82  101.60995261015319
2  60  204.57763954116524
3  48  405.66095751114034
4  42  366.24018370790236
5  53  378.27302091546903
6  37  406.67337847817168
1  83  90.537069094975436
2  70  176.17892263878147
3  73  167.47977775811509
4  47  362.81555341061789
5  35  467.7484213460724
6  50  372.57638142861509
1  74  177.88337678442332
2  53  323.1147091027014
3  79  116.28678256045528
4  20  330.51757237567733
5  35  440.83012301149319
6  33  196.35300142767412
1  80  108.68689428035132
2  70  142.02782213347754
3  78  117.92323057889865
4  33  239.22237877499498
5  61  266.89137666774042
6  27  315.41476706913807
1  84  118.99038340718656
2  73  154.32940510141739
3  53  211.26412902960988
4  51  282.11491243619741
5  64  200.3370915587179
6  80  128.60802635775499
1  58  132.31526107693909
2  69  170.99493083925202
3  70  166.11454997690157
4  70  225.34785171101552
5  48  275.27011862040752
6  51  198.20134042033294
1  72  71.596969954764788
2  59  245.37278517969466
3  52  329.5992171298733
4  35  344.03023832212637
5  27  528.22697806635063
6  37  515.45105512993723
1  59  231.34618673548121
2  76  170.98929941101639
3  44  245.38998033860099
4  59  193.44063954653672
5  31  478.3848206255073
6  37  509.44935661447414
1  63  161.34285903273042
2  73  120.96989328495826
3  63  231.25773170909392
4  68  195.59854749376461
5  63  214.59944509093
6  30  405.30688430198967
1  93  50.808094957580138
2  56  172.73923182873918
3  68  179.24987280302929
4  53  364.63828108588257
5  65  220.85817502772952
6  62  246.53272698184588
1  72  163.07340821761383
2  66  204.39277121776138
3  30  478.16002489318902
4  46  400.33124951957177
5  33  449.60746142036902
6  37  330.27578099229675
1  69  180.1320383512226
2  68  208.66869466703534
3  69  207.46524576883098
4  27  462.45409921286904
5  62  296.98652302282682
6  39  348.26351132267945
1  53  272.46822746290877
2  93  41.999999999999972
3  64  187.70676353112324
4  33  382.00724357709629
5  59  322.1133329921787
6  72  148.51046041250203
1  72  106.05182407341967
2  34  371.78101855588739
3  51  354.12877494097791
4  70  219.79581305612044
5  54  329.79089982546941
6  52  456.40304077775266
1  82  85.65700192487526
2  60  133.03507945793501
3  31  310.95375653574331
4  52  328.80343478470968
5  66  257.75262166281516
6  67  162.97114580536487
1  79  109.62656083457597
2  63  171.5934998129967
3  56  191.17031082933303
4  66  135.13160793048377
5  36  438.27281318748709
6  50  397.36635946526201
