2  0  24.000000000000018
4  33  88.628560840007268
6  33  42.627223356351017
8  66  122.55852411842733
10  44  190.429683599394
12  70  158.13443603847372
14  46  131.42041721734518
16  69  148.94822008505133
18  80  140.17372741945871
20  68  142.58312918504339
2  0  42.00000000000005
4  26  77.095927520300478
6  32  99.334310631018511
8  39  98.995636185511998
10  93  69.233692277506904
12  74  96.795724204743195
14  63  115.41076015863673
16  63  185.94728291759259
18  86  102.06518855014551
20  75  141.22235895528067
2  38  40.807738560709012
4  40  107.27953745094783
6  56  134.58879408477176
8  35  86.950854794807469
10  44  100.75956155110872
12  64  150.80667074910559
14  78  107.38871534821163
16  55  235.42904091816135
18  70  123.93951887717664
20  89  111.30055298491699
2  4  46.89179430766616
4  11  144.99999999999997
6  67  71.586073258275945
8  82  86.512483000284689
10  96  60.276794647936526
12  65  165.5138485847481
14  100  77.190416482762117
16  76  156.6340550564656
18  57  205.52751126849029
20  80  149.40630601067855
2  20  76.046085591389641
4  5  58.000000000000099
6  71  129.90636230052999
8  74  75.281343242495822
10  58  110.93547617316476
12  87  102.17898636991113
14  66  163.14070339313412
16  78  146.03202564890938
18  87  96.664116683655564
20  84  110.05952727581909
2  7  35.129003964175027
4  27  47.980374639037493
6  39  97.656635546233488
8  31  119.32679337473853
10  72  106.54888213115058
12  89  106.01187579606773
14  96  85.13157397805665
16  61  196.20273470824787
18  79  128.94744663872305
20  63  194.19563072419999
2  30  104.53428208241199
4  36  78.190276725283056
6  45  129.77659664442385
8  73  97.085514929740285
10  64  73.491775617141229
12  72  108.78644537849559
14  60  127.05382389260586
16  76  146.48607352754411
18  83  124.92551152786881
20  88  103.47067599816675
2  20  35.102228551838778
4  13  96.179343351714223
6  21  62.556664391927704
8  27  151.49860855109335
10  77  108.87928566583565
12  45  181.80389174260793
14  57  168.97455352284024
16  76  147.76011480805988
18  69  145.67700934597107
20  69  154.48157492759671
2  26  65.194381500857801
4  42  89.491379694185696
6  72  106.47905992804377
8  28  186.10686372639606
10  65  145.3837572212793
12  66  114.84211693556719
14  72  152.51622384302954
16  56  174.88453566535057
18  100  70.641909807951336
20  68  168.07886094665665
2  12  69.999999999999943
4  33  84.511455082194828
6  41  67.725108333456816
8  55  87.360513912325331
10  67  86.721603190770097
12  60  148.7564602577884
14  71  147.57392494457773
16  76  158.00021204595799
18  73  161.12721144490399
20  85  119.514670914672
2  0  34.999999999999957
4  5  77.000000000000014
6  62  86.092760846877411
8  34  144.21361170485406
10  46  100.56286479855292
12  45  66.542056830883823
14  82  137.54081300091224
16  77  157.05105403435547
18  93  84.139510920914873
20  89  114.44043722683227
2  0  19.999999999999993
4  49  83.866934104651421
6  28  80.744197208292718
8  73  107.24508150362212
10  73  130.51592067771415
12  86  83.953772210009092
14  88  77.800501357308846
16  45  187.19885587004947
18  72  146.95899714225567
20  84  123.0677156153627
2  49  61.888972708097626
4  28  63.955107851411618
6  49  55.173859518760764
8  19  183.75929498189168
10  96  78.483120289137972
12  83  55.061917469085181
14  89  94.144465439468377
16  68  175.8789250130595
18  62  185.11475058310728
20  69  156.30235146498984
2  17  74.380665316186892
4  24  55.697079125149877
6  50  81.859841817051986
8  75  89.315470321485378
10  74  149.18668963201489
12  87  101.85336579475818
14  42  141.00404384755578
16  59  170.88786357540502
18  40  260.77936375105645
20  60  149.65088475420444
2  32  23.558471448530838
4  86  74.089327002980113
6  70  98.780935585355209
8  74  99.292278298688913
10  60  171.89800128125208
12  71  142.53691968283258
14  93  76.463972210660444
16  61  119.84970385154634
18  66  174.11339806713173
20  88  54.510475876925646
2  49  51.29777183111063
4  24  32.891460454985321
6  70  81.468404038979116
8  57  113.53735762983825
10  14  68.408007733703059
12  48  188.36775458620659
14  54  184.97000131676225
16  96  80.682810312691288
18  95  83.157102653811435
20  85  121.55829283289151
2  0  0.0
4  42  60.969890712334106
6  41  118.33152993092804
8  62  137.11623954541619
10  46  110.16174093256978
12  87  68.89526845131563
14  68  115.29565537981955
16  87  96.916106335385777
18  87  108.67533835243685
20  84  115.76270023802427
2  11  56.000000000000007
4  38  82.909991203043575
6  62  100.31801512315589
8  73  105.971150896848
10  59  141.20467595377391
12  54  198.53065246537474
14  91  103.82308882113263
16  98  45.009633030951612
18  79  125.27051188413729
20  89  117.67397622056818
2  6  86.646405975188657
4  33  65.747097828743108
6  68  65.065370428721224
8  22  79.587989978715285
10  69  132.97181642890274
12  69  81.338917581772392
14  68  169.51884355585051
16  88  82.127489453673292
18  59  191.80876827567661
20  96  81.00536927982516
2  27  70.799783698978203
4  49  43.325655463159748
6  53  138.22202613192778
8  70  88.321846526021517
10  81  101.51986956333864
12  96  81.145747681975877
14  48  131.67596508574826
16  68  158.40746009978614
18  81  136.51517077636836
20  93  83.016829560778476
2  0  12.000000000000021
4  42  90.044391915112897
6  85  82.139990333413678
8  34  87.694746584256237
10  59  108.79046357818139
12  49  173.14220569469398
14  82  112.30884180223016
16  63  216.74891767269432
18  92  74.75370160199418
20  56  230.85496090615081
2  44  63.50078158498529
4  19  30.212778207404686
6  69  99.960416610204319
8  74  47.805805921952917
10  30  202.36572474182245
12  44  184.57754917135483
14  96  82.996147019582565
16  73  129.50920098675783
18  96  71.972600496265969
20  85  137.99256968191892
2  43  62.389464098836378
4  47  70.092017929429971
6  65  120.63226233428719
8  70  59.886916226459334
10  56  161.96453459213666
12  86  116.51797252653081
14  80  97.563208692679396
16  65  172.71253140273822
18  81  136.84714339257033
20  78  133.09996152987935
2  27  35.078291201777667
4  0  6.0000000000000071
6  51  107.0667764649515
8  21  134.79756592172495
10  51  139.80254621780165
12  55  127.47879216014326
14  59  212.45734013810022
16  76  146.15330270649403
18  91  78.991452727014448
20  90  78.910057251457189
2  16  49.923498344895805
4  42  54.434634308343611
6  64  78.406409977308911
8  95  56.345199994389858
10  72  126.94449516355536
12  52  140.38953532204647
14  79  125.42257934292181
16  74  156.59832560155937
18  80  129.12183387727407
20  89  109.27817856051036
2  42  76.22242929838329
4  32  127.4866275769004
6  67  108.38704983904486
8  71  108.10794408212215
10  26  137.17399247070549
12  84  93.18858677976587
14  92  86.47079536816895
16  61  176.64752952518111
18  94  71.584942914862907
20  71  126.35945574769572
2  33  66.783040120290991
4  12  32.446213152722414
6  19  84.240499551111412
8  28  190.70798573392696
10  26  100.53093244480134
12  47  170.66633659271201
14  70  129.25240623114016
16  78  125.46719476660033
18  54  194.62600803418661
20  79  126.78447888650975
2  40  62.910269401136432
4  38  98.510334795647964
6  60  59.01087052994562
8  94  65.958438282431842
10  47  87.563709920070835
12  77  116.51903441742584
14  84  102.65967740806417
16  74  116.81187432325859
18  74  155.75178056030896
20  68  181.47830644523748
2  12  47.982989769338971
4  27  62.850762075101677
6  50  79.453112915291499
8  90  60.122626910431826
10  83  63.2007007794559
12  74  153.14035949493856
14  72  150.02203109746691
16  88  111.33590441805039
18  73  127.99250705576122
20  78  141.76538205943285
2  61  55.100101372245092
4  100  69.922092640057244
6  28  140.54325472495361
8  46  116.13509636414791
10  54  140.09697342353991
12  76  148.91546537183069
14  77  149.29142779559791
16  64  191.31319375618941
18  84  82.371362704309391
20  71  141.85880597779683
2  16  82.377970975719862
4  44  88.651820374190777
6  64  81.976968804669028
8  43  57.890602506986141
10  59  128.46671007188698
12  52  82.052156107158694
14  75  114.85989275098805
16  71  160.33791478722455
18  59  188.29130670256612
20  97  59.825714913069241
2  30  52.82512222968284
4  74  98.67048364931523
6  49  57.121115804336938
8  9  144.23861616908169
10  77  81.747903158991036
12  69  121.43666253974898
14  68  162.33846011204929
16  97  80.057193055346389
18  69  181.39211757091181
20  67  171.39677879028721
2  35  55.908382806643857
4  14  97.238221751270544
6  60  89.257498375139704
8  45  213.45455069357718
10  69  117.1378743366614
12  74  127.95675697490259
14  76  124.40926154532245
16  86  75.533939188673429
18  81  137.37465023713636
20  85  124.58325413911727
2  6  53.898599496999211
4  0  9.999999999999968
6  89  83.256420871616115
8  44  124.50809051100771
10  82  116.87307438339708
12  69  139.25068947451231
14  53  108.49784357555997
16  84  109.7948210041183
18  81  117.90010588611376
20  73  163.99625754009526
2  72  59.712428613116614
4  72  72.46391820313066
6  20  111.0124315061794
8  61  111.08982545616561
10  64  173.78743635275995
12  90  95.737673388482762
14  70  155.20404291708959
16  76  146.59114705970538
18  59  195.47084160150456
20  70  155.38232392077177
2  29  43.926742991914573
4  30  67.05474057094203
6  58  108.34474779659836
8  43  193.80974369720283
10  77  130.77373437564023
12  59  49.389898081319934
14  51  197.53662607817034
16  78  116.85097764402585
18  84  95.607295733134009
20  83  113.1085050115059
2  8  58.000000000000014
4  48  114.18723789643543
6  36  179.08579834538472
8  45  158.64561139260894
10  58  105.87331065275635
12  89  80.222834428622164
14  75  142.00899058008031
16  57  180.34360951737119
18  72  143.15095867092776
20  90  107.65895016849063
2  5  59.002368506721282
4  30  81.963069769857256
6  34  154.16402951042565
8  47  103.90146890456855
10  75  116.8807186508386
12  71  125.89601591758566
14  77  147.43876640646724
16  69  163.20475239181724
18  75  138.26088281267275
20  85  99.993978254288578
2  10  54.193033117021471
4  22  102.10290040971378
6  52  82.880501078326091
8  92  81.466877836164798
10  77  102.67195661169032
12  28  155.27526395243285
14  72  123.21746448710924
16  49  201.96298459127775
18  93  75.159208405823819
20  77  144.16438307865783
2  0  32.0
4  0  6.9999999999999947
6  64  99.66119077281077
8  66  90.786809438268222
10  37  198.90401134310162
12  80  81.367583457866075
14  58  199.95815413221356
16  58  176.50793601343798
18  83  127.68332586108811
20  78  146.23333065964971
2  0  0.0
4  34  96.216372036853755
6  69  116.05523473362106
8  64  112.31270277778198
10  24  115.66184500314021
12  32  164.31554779462414
14  83  127.70647681040207
16  98  71.512281336678328
18  60  173.90391183398131
20  89  98.589571544584459
2  94  82.44507832891351
4  18  99.459803869920094
6  52  87.879219927807497
8  53  89.582359386592984
10  89  89.988686100975102
12  47  58.025109299085003
14  91  62.54870329404573
16  83  113.2662559800219
18  83  127.80980778656811
20  87  109.76913455269734
2  31  59.83700313403687
4  11  60.97565139750602
6  43  123.5823504352185
8  45  44.197812887347141
10  68  80.521921277912725
12  77  114.25687213841856
14  86  112.18185368171785
16  44  122.81288234411093
18  99  66.850213840834371
20  71  200.89553869152979
2  9  26.690481817631184
4  24  74.813056165349565
6  56  92.281932283923297
8  36  146.29524107375596
10  67  126.15762046371343
12  65  101.68394189003884
14  78  137.17647496016195
16  80  126.95208884756134
18  79  138.30166216437172
20  93  87.019300626161694
2  31  58.775345743277008
4  48  70.09151821980177
6  82  66.967697687160197
8  85  78.267854576318555
10  42  158.89783637598759
12  88  106.71822517150871
14  66  117.94627013885709
16  75  180.82802941387794
18  67  171.66724715733051
20  87  71.661590873627148
2  3  43.612346363940091
4  47  65.104577216185263
6  42  79.415473576819352
8  65  115.09089604338655
10  56  109.19621975057987
12  98  73.592926536192181
14  69  145.74913267121016
16  77  127.96385780107413
18  90  89.860099154257654
20  92  105.33654294568781
2  0  2.0000000000000004
4  43  74.437521396373882
6  44  110.02785980671609
8  68  128.85820529900886
10  60  144.26108116589731
12  77  110.07779708564884
14  83  108.44552539004926
16  58  176.06763096239376
18  81  123.09150477571977
20  59  107.29293619569049
2  6  54.478866137345612
4  17  41.422580680464954
6  47  131.53869092769096
8  72  68.769773354128162
10  23  109.71996914203777
12  55  193.26686635323315
14  67  153.10773100953682
16  67  151.08398216967606
18  72  132.16583327491327
20  80  119.49381305410603
2  0  0.0
4  48  58.776925123219108
6  54  83.802796036230845
8  47  120.12864899147539
10  51  143.84477967374642
12  80  63.539349061295439
14  63  187.63023115588541
16  70  147.61365433655334
18  48  189.17369698869877
20  94  79.131126509573534
2  6  96.356954026194884
4  44  57.788858550710351
6  63  64.215354922337326
8  87  75.702486959669528
10  54  105.84556915282883
12  67  155.72510204841672
14  74  147.22355289999001
16  94  73.697764292081573
18  72  127.51970639702874
20  73  117.63111286570125
2  24  51.95625172002125
4  23  82.033794991542635
6  37  193.936523251099
8  70  129.67194456374637
10  52  179.66451772961241
12  51  193.95002010113058
14  75  91.41438563413675
16  89  85.234989167539496
18  100  57.784504516604734
20  90  109.57714018552147
2  26  62.155462670738615
4  22  54.072572052302107
6  31  49.819633319474313
8  50  155.7149720143066
10  63  165.93303276204514
12  48  93.869255935597792
14  47  150.90888254897948
16  84  107.98616043441
18  55  214.19475257944492
20  58  143.53532517110003
2  25  85.581181517589613
4  36  82.242802806122981
6  70  120.48768379569906
8  57  133.60309127592944
10  63  94.838998030390556
12  71  139.33754216176922
14  86  99.566269961201982
16  77  116.41075469927929
18  51  183.73347957155605
20  86  114.19632439190785
2  26  66.814974924070341
4  48  118.1573350247596
6  53  92.260231894826433
8  58  103.31230112030269
10  78  110.3079687138313
12  73  100.11482720130472
14  81  123.0091034264741
16  87  107.04005545941493
18  67  116.80165667936993
20  75  150.22265511260198
2  45  55.918822850567317
4  60  101.5462510069995
6  68  101.38081035745394
8  75  93.091086808857099
10  70  90.222550987783777
12  88  108.57074240498544
14  74  124.74100527541702
16  77  100.71765745442359
18  69  178.78364635207376
20  70  182.47990614554126
2  21  30.735065097092942
4  51  73.690080960556188
6  15  82.645448312804206
8  70  137.43836983795194
10  68  138.1680221728688
12  75  132.94450269216222
14  79  127.7064802862339
16  70  66.496964923942585
18  66  151.29502086710244
20  72  134.28335606290253
2  12  32.867869049838077
4  47  68.790132605289017
6  33  82.977586571211248
8  40  119.75490300642826
10  50  151.33360515908922
12  64  182.25417206922231
14  68  172.78942353980935
16  71  101.5226020998946
18  71  162.1687413192922
20  83  107.27675884137491
2  14  51.0
4  45  109.18080459683199
6  72  85.377001014761419
8  43  118.44699689931099
10  42  128.47203757214362
12  71  153.49419208852856
14  89  68.409818928999968
16  77  115.93673890630475
18  73  118.27024470649702
20  49  230.5457758905718
2  60  69.168947327879295
4  75  72.689575887314234
6  49  112.34463928068168
8  49  124.89267708965265
10  52  143.80688233335491
12  69  124.85208329771598
14  53  172.71341873814012
16  68  131.53149698207088
18  64  172.72917600332894
20  42  225.61325087517054
2  64  73.050901608298986
4  22  71.693812038403593
6  75  87.907543329264456
8  50  94.543783589748401
10  69  112.69522364550214
12  93  71.410052241879796
14  50  164.23994701333737
16  78  144.63272862886453
18  51  201.60710363393792
20  82  76.574710258070311
2  11  38.905296370247676
4  66  81.880866367131233
6  5  79.846899457032919
8  80  130.29864661914411
10  74  115.51364360764894
12  71  130.23083868428554
14  34  245.67888170351208
16  70  169.40875501108263
18  68  124.50165525777173
20  49  259.1489857069223
2  32  46.832568208664014
4  80  65.198008779050667
6  64  115.29934757954103
8  32  138.89204984911336
10  62  135.03371144591506
12  31  107.75203425228337
14  88  75.999568418281939
16  99  47.203052761437199
18  83  120.90854185951326
20  74  148.32375213733422
2  87  75.224673095622521
4  20  43.925042409913409
6  88  64.366712203110666
8  59  115.98882753879346
10  61  119.08767151249971
12  63  164.45442210962386
14  53  171.6900251176414
16  84  107.47255576909332
18  86  89.874388832687359
20  93  74.436366469220047
2  24  44.092696464822666
4  67  70.845499665574096
6  0  35.999999999999979
8  46  137.58317240389627
10  29  156.44164518595505
12  74  80.106760003032605
14  47  194.84425332957551
16  64  140.44455084398544
18  92  79.897213751657858
20  72  112.00807944365468
2  41  93.101869618654476
4  32  78.199293615341148
6  28  93.942797126548001
8  72  110.71649336058874
10  72  55.755033678730705
12  69  67.631152392141487
14  72  140.28436045551248
16  83  119.66226009622601
18  85  105.16807352286374
20  80  136.29995710966773
2  98  66.399568706250889
4  87  62.043028401283237
6  19  151.28607824797385
8  85  65.182906931819119
10  54  127.59723007326151
12  88  94.846052627904655
14  73  145.08025607900547
16  64  127.61006701066196
18  64  186.24930273389145
20  82  148.82290023646217
2  54  52.816806233504067
4  16  140.10016725919883
6  47  120.90500883425624
8  67  91.297519692589333
10  55  157.07396503151935
12  52  100.85005386819991
14  83  115.50922301690234
16  31  187.72585552501263
18  54  161.76384594560065
20  64  210.83953988343205
2  64  33.092958975692056
4  59  66.249671893983376
6  63  116.46806379558386
8  44  118.50365139088818
10  45  152.59696162206748
12  34  163.57737927178709
14  78  122.77555601245524
16  56  143.64284758218304
18  72  153.45315846756225
20  74  174.08046141149319
2  7  24.140989003568865
4  38  96.115933791886391
6  61  55.58187553781228
8  75  138.59254494605264
10  54  120.5370047341173
12  87  89.759339512050801
14  73  150.17729855417468
16  74  107.79220738074646
18  79  101.50676376414809
20  81  101.01843652349409
2  5  57.999999999999979
4  50  39.63577178904027
6  51  76.585721655011497
8  90  63.288907395782296
10  45  156.83154046549242
12  50  103.72973717325974
14  73  150.79730694280116
16  85  81.046513075235779
18  50  228.90722747353493
20  100  73.941282953589976
2  50  58.963538610562843
4  45  61.696353733345248
6  39  78.515361101938566
8  31  98.232916279925988
10  29  113.44474629143843
12  33  170.26831092057202
14  53  134.78544445693689
16  75  130.27538955804829
18  92  75.92211548635872
20  58  194.35051940860978
2  61  86.735705756621485
4  85  70.109686631100601
6  41  138.37979914536132
8  46  117.96919661187994
10  73  139.6226752478978
12  77  113.27446077218882
14  79  120.69665771123235
16  64  139.79754194024503
18  70  101.22162761589762
20  68  187.94343651190718
2  27  97.56481411913127
4  41  69.313180228658325
6  20  99.489339474642023
8  43  136.72577923627856
10  54  139.12378181619147
12  89  82.659554792335754
14  95  54.240110109820321
16  37  217.73843068027023
18  55  239.46912051931778
20  91  71.352863353584553
2  0  0.0
4  21  126.61535834364577
6  0  15.999999999999998
8  65  129.98201640403528
10  48  151.03443908538839
12  75  108.10861592452201
14  77  129.25445692960321
16  78  130.50353584172117
18  72  174.18153784260497
20  92  94.806742330732718
2  31  51.902086700259503
4  54  66.261683906732713
6  49  53.780497271324386
8  47  108.70359439478871
10  55  139.26299988051727
12  50  172.40011964951418
14  68  151.03645514837072
16  67  157.44353127497612
18  76  101.58927994798165
20  79  115.8294327141315
2  35  40.445250712189129
4  20  79.711396476928044
6  56  135.32764534388394
8  52  87.276904315268681
10  66  84.847914053230596
12  52  110.09009422731225
14  86  111.49568385763106
16  82  116.55866728268754
18  71  153.44602516017892
20  88  117.98977173773129
2  0  84.999999999999986
4  25  115.18350282277567
6  19  101.67094554589393
8  54  65.666871358097069
10  60  135.94538712836894
12  99  48.695539686622354
14  89  79.339715761468909
16  78  153.53722529592986
18  57  200.8201294135003
20  84  118.36590699367018
2  7  51.000000000000028
4  18  59.675193670423646
6  61  129.66566566418041
8  63  98.543964439341877
10  89  76.376884328374018
12  83  105.51434054473943
14  100  65.502103566348239
16  87  104.86922427458592
18  71  145.99664086143864
20  78  139.19089990371535
2  8  36.52578822879579
4  85  86.98934305848887
6  68  90.66069678218318
8  62  126.75099801424224
10  60  142.32854784870415
12  66  172.13827184517385
14  65  148.75435106225819
16  74  146.67838850487672
18  61  188.97245607581254
20  80  112.64290190233014
2  18  33.458414153002053
4  19  89.752443448940681
6  13  80.175191109060535
8  87  78.311431186539011
10  71  140.4652067767671
12  77  136.13976571944454
14  76  154.02084105473799
16  81  126.81461408277657
18  72  176.75484995163634
20  95  73.237752446288496
2  23  56.268794561129205
4  66  85.032324011637911
6  55  101.25206776783342
8  57  98.096236192916606
10  57  164.77764408648679
12  93  86.420695619582148
14  28  204.64370301664212
16  76  123.6320386261084
18  69  169.46386081239507
20  95  74.787753150901764
2  30  33.723764292099055
4  23  64.272761446045052
6  59  98.232989405576618
8  70  151.46370466361913
10  92  65.725895473796314
12  51  168.40995094000615
14  61  168.80904432043965
16  93  67.241286201307673
18  96  75.141749378353069
20  71  141.9745818577239
2  11  52.997859483196699
4  20  78.101668631700718
6  67  56.651996902683464
8  31  95.548329486257046
10  71  89.818179983592728
12  72  113.74413157640113
14  64  148.1830455236823
16  47  188.01309143240755
18  78  141.41227944023973
20  90  91.089714020670911
2  50  101.93079679923885
4  45  94.022237537999672
6  54  109.13047288152238
8  76  68.681540325412456
10  65  112.53769114292029
12  82  108.34647532636966
14  84  88.712568588269392
16  84  117.38213699840759
18  61  167.16987247618542
20  56  161.22503408745212
2  9  24.601621022201083
4  71  88.291939663088812
6  46  123.93925371205361
8  72  108.78216605865235
10  50  169.15727955356695
12  39  103.035127836109
14  81  101.95171087033496
16  51  188.35280256135172
18  87  80.496683905879422
20  53  93.716603404886527
2  26  76.245730970269989
4  65  76.559769928128006
6  93  67.729385091286957
8  64  95.511775892597242
10  52  138.6266443022233
12  33  284.55693500043901
14  87  95.607355480950574
16  59  144.7360624536276
18  100  67.321633334068039
20  81  116.58678090520287
2  0  82.999999999999957
4  27  94.293962544621721
6  29  66.024689681068509
8  67  91.690937360954209
10  67  108.94438714309639
12  74  57.070488574610451
14  62  160.80203457729417
16  68  129.22819403272862
18  69  179.09741544478646
20  80  129.15606536656065
2  29  59.29366420333173
4  61  66.585532591020666
6  29  161.61078166060514
8  56  36.885709632386714
10  96  74.092796031434204
12  84  82.342877572760869
14  62  179.03816440351778
16  88  88.487430086050665
18  74  128.31645025728551
20  66  157.58529739956401
2  6  41.637152271628167
4  74  55.120901304016414
6  26  149.51095424761354
8  49  175.00095572752261
10  84  114.8808587004942
12  84  102.59700300353964
14  87  79.87282485148441
16  73  144.93616856674646
18  99  78.52836416247321
20  85  118.23559292227958
2  17  55.177459895888042
4  39  55.587443475075347
6  74  96.710237032200297
8  69  111.86683306081213
10  48  143.4235223330486
12  75  140.64097907158961
14  69  110.48369422181251
16  80  139.2385841164058
18  99  54.548938129343142
20  74  175.16876826836878
2  29  48.95393220293883
4  28  91.467874245754771
6  28  71.604742485964451
8  61  131.76614288310299
10  76  127.42105209784184
12  68  102.09360003817815
14  75  142.34898953263374
16  76  136.23537149689253
18  77  145.78584915591333
20  100  57.436810948660622
2  42  44.852390368059744
4  54  43.507734202220838
6  22  97.875983303243814
8  64  97.298737185086864
10  96  64.019483546767574
12  57  177.89058305836664
14  86  83.799372363052484
16  71  160.76832236995963
18  77  143.56526004352412
20  68  181.96951164997827
2  0  17.999999999999986
4  31  111.38115761037322
6  60  42.642525395207031
8  69  79.746948719951988
10  55  189.33997002803244
12  76  124.18448200882575
14  77  127.80135572414281
16  75  163.12764010119392
18  48  167.7266054933304
20  96  76.045360282357038
2  0  33.999999999999943
4  24  62.310794183195924
6  79  95.982898064324175
8  66  124.77119882854062
10  86  68.377352673998317
12  73  120.73881431667928
14  61  68.625296739900918
16  88  86.265587016545354
18  76  149.34658339945435
20  99  43.103236148840743
2  19  56.155753404004152
4  62  64.571971884545178
6  76  73.692124420890892
8  88  71.773136683829691
10  54  166.27204246818829
12  76  124.83417042071544
14  67  151.58747815507479
16  59  206.5621941972334
18  84  106.80999238377112
20  77  136.46914493894971
2  28  60.574488260221216
4  31  133.63600496914754
6  64  91.418067308292791
8  58  77.823399090112076
10  51  152.45527192203321
12  76  130.6316877183408
14  91  93.339123336351918
16  81  141.14201431186177
18  89  73.890730361745767
20  77  135.51415274951083
2  14  52.442350835824122
4  42  100.91021534740983
6  53  116.97833844115368
8  56  112.29260669547929
10  67  184.92560055255765
12  54  213.11613805954735
14  77  133.66708248533587
16  64  137.66195024124477
18  76  171.44826730176305
20  87  102.77118183546095
2  42  69.635241724251813
4  12  38.998210930229376
6  34  86.139521133975563
8  98  48.735796612433305
10  97  93.825684038049161
12  81  56.051490884518415
14  63  181.08757149216765
16  100  82.339349939493403
18  95  67.743652607552065
20  79  121.22730263137647
2  1  68.0
4  54  62.47069050828749
6  37  112.19429294206114
8  68  99.978178021006457
10  56  116.42759806473558
12  27  206.00000000000006
14  91  70.165868925938128
16  79  131.26600137749901
18  79  85.009621480868375
20  99  58.718195533696594
2  0  25.999999999999993
4  27  107.98589237620403
6  40  85.178061049591932
8  34  134.93996145210957
10  66  137.09782534900219
12  76  164.00764981501615
14  63  169.19204033960449
16  73  155.71663070924876
18  65  160.68564336581457
20  87  115.88594425747262
