2  11.0  168.79964638831714
4  52.333333333333336  256.41734619906481
6  58.333333333333336  330.124767536337
8  65.666666666666671  407.4700905303477
10  85.666666666666671  274.75557309665027
12  66.666666666666671  444.02827888732043
14  72.0  451.63529530569235
16  66.333333333333329  499.00940611787155
18  68.0  509.49409754967553
20  82.333333333333329  431.56046688647348
2  21.333333333333332  156.17608726336377
4  36.666666666666664  174.99452521569972
6  52.666666666666664  365.39715604987151
8  63.666666666666664  395.75240517645346
10  66.666666666666671  411.43426993653782
12  70.666666666666671  460.18149461779842
14  60.666666666666664  482.72515636352313
16  86.666666666666671  358.90040539303209
18  70.666666666666671  689.52677476988356
20  81.666666666666671  408.75185841884451
2  27.0  187.69517337694958
4  39.0  269.76926984965985
6  45.666666666666664  316.47729691603337
8  35.333333333333336  483.03117906454293
10  90.333333333333329  260.02678865284901
12  63.666666666666664  540.84885116781902
14  78.333333333333329  359.53472156167203
16  82.0  370.96778492922232
18  57.666666666666664  677.25918218876711
20  93.666666666666671  329.2497238284023
2  14.0  114.00434450970901
4  62.333333333333336  247.12050222646178
6  72.333333333333329  302.83510776581323
8  59.666666666666664  421.36134737703475
10  66.666666666666671  428.83156086671119
12  83.666666666666671  282.05977153234551
14  82.666666666666671  404.66590636832228
16  75.666666666666671  390.59038707731531
18  76.666666666666671  487.118100879758
20  82.333333333333329  428.78830601397539
2  38.0  150.45776941945726
4  72.333333333333329  264.44534488581695
6  56.333333333333336  388.33045507156038
8  63.333333333333336  388.39437432060322
10  77.333333333333329  397.81527761610067
