1  86.0  104.59050293301327
2  75.5  391.92105284084045
3  71.333333333333329  576.46890973631059
4  81.25  489.67594512069599
5  89.799999999999997  575.8249303509624
6  86.166666666666671  641.02344282998763
1  74.0  253.43574304263396
2  84.0  349.01222568815206
3  82.333333333333329  568.02902712319462
4  84.5  467.09609655909298
5  81.799999999999997  717.29738647239617
6  85.5  687.59540732185201
1  81.0  246.98798404870772
2  88.0  286.04838262171074
3  90.333333333333329  314.55586400604267
4  86.0  503.04893031366191
5  81.799999999999997  630.59222884568157
6  85.5  697.02292276830121
1  87.0  125.04989077908483
2  82.5  359.1146349142
3  79.333333333333329  456.51103182461082
4  81.0  534.4968228584454
5  87.200000000000003  577.79181910446425
6  84.166666666666671  693.44067273975145
1  65.0  367.78484391272997
2  85.5  227.0763106311642
3  82.333333333333329  514.30968442442054
4  91.0  420.51122975808909
5  80.200000000000003  678.32052556830206
6  89.833333333333329  512.79126174101111
1  84.0  149.38025928891773
2  84.5  286.21240260720589
3  87.0  344.87705089801523
4  83.5  577.27070940707324
5  87.400000000000006  571.51588156621517
6  84.0  699.9329997461906
1  73.0  273.05664865317499
2  74.0  528.7498590931433
3  74.333333333333329  352.3222120262115
4  72.0  796.15295274757523
5  83.799999999999997  692.70149779563189
6  81.166666666666671  647.58481215530207
1  82.0  194.88358499747901
2  75.5  631.72202764694839
3  90.666666666666671  285.20355771520695
4  80.75  696.46290974739611
5  91.0  524.05465069889055
6  64.5  1237.3306808095306
1  90.0  73.569248175296011
2  88.0  205.06199392094223
3  85.666666666666671  462.64276262693949
4  75.5  676.56324072234077
5  89.200000000000003  529.17512127402244
6  89.333333333333329  604.06115584212364
1  70.0  296.36706624457656
2  75.0  445.48903376341633
3  74.0  577.34329842098361
4  85.75  515.18503138011476
5  67.400000000000006  753.4160516453012
6  77.5  823.64484838766657
1  82.0  191.82329201582667
2  90.5  211.73535124418575
3  80.666666666666671  478.88856666931105
4  86.5  437.34608588568136
5  78.599999999999994  700.9411150901509
6  84.666666666666671  762.55220257453482
1  86.0  171.0992689796382
2  80.0  514.43212975986262
3  79.0  507.64409080648426
4  81.75  603.98570011512584
5  81.400000000000006  712.96691089042122
6  79.0  839.45076896921137
1  77.0  205.59650050071801
2  80.5  414.88245989310764
3  82.333333333333329  617.19482535039526
4  81.75  605.65253139838001
5  80.799999999999997  642.67982504636632
6  82.0  748.3033779985924
1  58.0  502.69288231097005
2  78.5  344.62699960266406
3  82.333333333333329  458.04301967891973
4  84.25  561.14726007853017
5  81.799999999999997  737.27314195353802
6  84.833333333333329  652.4350880636033
1  95.0  39.916902493711675
2  81.0  384.30374120122934
3  71.666666666666671  492.11705132998628
4  84.5  572.43309214702924
5  80.799999999999997  715.16758640785702
6  90.0  574.92326290309916
1  74.0  286.74754581684834
2  72.5  467.72405715151518
3  88.0  370.59840300189961
4  81.25  633.78678797531711
5  81.400000000000006  766.25880319516182
6  87.666666666666671  557.06838071694938
1  87.0  149.37812184914665
2  88.0  272.46193536665561
3  85.666666666666671  448.01851562553884
4  84.5  535.27212724007245
5  87.400000000000006  540.59474324838516
6  85.0  540.72185486542298
1  80.0  182.75376590400961
2  85.0  318.82594314712753
3  82.0  474.35854269927341
4  85.5  449.62582495384765
5  81.400000000000006  541.4566158024428
6  88.333333333333329  527.34321523477297
1  81.0  158.34656395948844
2  77.5  399.06012368343278
3  82.0  316.72427402378418
4  80.5  765.18689949757822
5  79.0  776.90344519116411
6  84.166666666666671  696.09725259737206
1  76.0  234.17261403479205
2  82.0  332.46506422421203
3  80.666666666666671  591.78455029576685
4  83.25  617.98663713214057
5  87.0  595.84166709708313
6  85.0  682.13402225905611
1  69.0  304.58435058509025
2  90.5  222.28573322497516
3  78.0  604.0128409145467
4  79.5  749.38113389534374
5  80.599999999999994  688.37290769003266
6  88.166666666666671  677.11964104809033
1  73.0  290.54079615368454
2  81.0  329.69599411940834
3  87.666666666666671  361.98681664372407
4  82.75  636.19648594057389
5  78.599999999999994  682.61549396620978
6  87.833333333333329  591.20826514033809
1  77.0  223.9485528894775
2  88.5  256.92532468200119
3  81.333333333333329  517.7406756217049
4  85.0  544.6039440501969
5  76.799999999999997  837.39100469355731
6  89.333333333333329  583.79090220611306
1  76.0  292.0218203197125
2  83.5  346.8795240110519
3  86.666666666666671  384.39094490731969
4  85.25  555.81007364676952
5  78.0  594.39710449677989
6  88.0  656.57505518069581
1  76.0  349.45184466736987
2  84.0  381.21159015067536
3  74.666666666666671  658.87796556874616
4  90.0  426.17551973821861
5  84.400000000000006  627.86739787913154
6  79.5  794.98307049614846
1  77.0  206.50857293377942
2  83.0  386.99928054850199
3  87.333333333333329  362.67760070846663
4  88.25  494.24342704269225
5  82.200000000000003  725.60000923721759
6  85.333333333333329  615.64470324604065
1  86.0  141.29564739353341
2  81.5  300.33909856567743
3  82.333333333333329  547.84474804385343
4  80.25  584.28727854660156
5  86.200000000000003  724.42214026851752
6  86.833333333333329  660.90353593970065
1  68.0  342.33309427799998
2  81.0  433.95208451084602
3  78.666666666666671  610.18305145038437
4  82.5  606.87708467347989
5  80.0  637.46439837752223
6  81.166666666666671  680.47714541456537
1  83.0  222.59068267606241
2  85.5  291.36082436148843
3  83.333333333333329  513.52152039921964
4  75.0  504.13047806841359
5  78.0  787.58181050932671
6  86.666666666666671  640.68669511209828
1  81.0  169.92638332719812
2  75.5  393.95553520819459
3  81.0  586.48665406898522
4  78.25  570.56829915492244
5  76.799999999999997  746.10898211089523
6  84.5  703.08332470645223
1  90.0  107.60944370119637
2  81.0  366.88104917101259
3  89.0  371.40881960336014
4  83.75  504.87840483648154
5  75.599999999999994  839.8815749728451
6  87.666666666666671  619.1309197035888
1  79.0  274.36268232484383
2  89.0  264.20912820540264
3  84.0  466.29913097785908
4  87.5  546.65517972322118
5  83.0  632.1417064375911
6  79.166666666666671  828.21449052085984
1  80.0  225.4008856185003
2  74.5  490.15898869830568
3  76.0  496.64802291394051
4  88.25  433.52474271303987
5  76.200000000000003  898.14695458799247
6  89.333333333333329  609.63613412336463
1  81.0  225.82744853873146
2  82.0  234.44521252870297
3  86.666666666666671  397.22157845374079
4  84.5  646.27704147090253
5  88.599999999999994  656.52641485366951
6  80.833333333333329  729.60383977460845
1  57.0  406.66798635045677
2  89.0  263.60687159807765
3  79.0  496.15482051700138
4  89.0  484.92081576117738
5  84.200000000000003  764.08813204129285
6  83.5  695.725804118013
1  77.0  194.97717506106994
2  83.5  355.04914141216614
3  80.666666666666671  480.19783545426719
4  88.0  495.52317428998452
5  80.0  612.55905609860031
6  84.333333333333329  669.4668198526673
1  81.0  199.53900378862747
2  78.5  284.03816921375761
3  86.0  402.01546058995672
4  86.0  467.41895525432994
5  82.599999999999994  757.66397049202465
6  84.166666666666671  728.96072557240018
1  82.0  190.57146923125669
2  85.0  323.34708919024541
3  82.333333333333329  425.64827306247832
4  86.5  490.86502063254801
5  84.599999999999994  487.86279287969967
6  87.5  664.84477591370035
1  84.0  112.35624935127866
2  86.0  259.64481554654463
3  73.333333333333329  713.77968120825312
4  86.75  395.38542907021605
5  80.599999999999994  573.71721129353944
6  89.666666666666671  530.48853787388907
1  78.0  237.69229938310178
2  70.5  560.81449941326207
3  86.0  412.30596564627689
4  85.75  588.13427827478199
5  82.200000000000003  816.47024346940395
6  87.0  671.6457420672989
1  60.0  360.97728567384223
2  92.0  164.32016140620146
3  91.666666666666671  320.5402011091474
4  81.75  631.33985767655054
5  87.0  549.90296236548261
6  84.5  627.70542349408925
1  79.0  290.42598231460153
2  76.0  452.47290050543415
3  84.333333333333329  527.12025363733835
4  80.75  662.14235866985825
5  83.799999999999997  718.92868749427362
6  84.5  609.79106317701871
1  74.0  256.57032637885266
2  83.5  327.14394161111392
3  86.333333333333329  422.26273996936681
4  88.75  319.4418268334399
5  80.599999999999994  624.91723013904618
6  85.833333333333329  697.27153015229339
1  71.0  328.84542110928447
2  86.0  271.92076164903455
3  82.333333333333329  465.26590637068739
4  87.75  471.95586127535296
5  85.200000000000003  633.86288989917398
6  87.0  612.73029260375165
1  70.0  278.11504150312442
2  72.0  467.21371011563446
3  79.666666666666671  580.93024008586633
4  82.25  600.22220117512927
5  87.400000000000006  563.73151671043456
6  82.0  612.28135660309147
1  75.0  269.40585779097626
2  81.0  387.36671050009727
3  84.0  490.66791143290607
4  85.25  516.58504343224945
5  81.799999999999997  622.39954565741584
6  85.833333333333329  625.56959954570937
1  84.0  223.69599524240431
2  80.0  321.96979805352862
3  87.333333333333329  441.30229363586318
4  85.5  468.46140161051591
5  83.0  630.95911326162172
6  79.666666666666671  711.40518044891894
1  90.0  91.213814678875451
2  83.5  313.48566733381097
3  89.666666666666671  337.45173842944939
4  85.5  514.83764108023342
5  81.599999999999994  640.2258022711934
6  82.5  691.09102364557043
1  90.0  88.313311444431861
2  85.0  312.82840240930273
3  81.333333333333329  494.54322902446211
4  90.25  421.1596747771091
5  85.799999999999997  587.37532966541949
6  78.0  747.68002596575559
1  80.0  265.64857095274976
2  77.0  384.07786781640186
3  75.666666666666671  616.98232980671946
4  68.75  727.33622752672898
5  89.400000000000006  486.33358305770264
6  83.166666666666671  583.64104562832097
1  88.0  111.83409604416235
2  85.0  459.65087722065516
3  73.333333333333329  614.12129864792655
4  75.75  926.09107698547405
5  75.400000000000006  662.31168242214426
6  86.333333333333329  636.88556554809929
1  72.0  298.54412341686754
2  86.5  287.1628136946411
3  87.333333333333329  358.02956581859479
4  86.0  512.19494786741473
5  72.799999999999997  886.15662466447316
6  84.5  608.87724844925742
1  87.0  134.91687248122082
2  82.0  396.27884698103799
3  82.333333333333329  510.71085345481259
4  84.25  442.74750697147687
5  80.599999999999994  587.5714954622274
6  81.333333333333329  551.59010151010614
1  78.0  286.76673714110001
2  88.0  228.06294122508663
3  76.0  644.85042061919398
4  78.25  703.44093503491831
5  85.400000000000006  561.25132874741007
6  87.666666666666671  581.71155892905631
1  79.0  219.0675966710389
2  54.0  338.7087641334129
3  82.333333333333329  425.71557637084771
4  85.5  538.37939817344432
5  80.0  695.37652058043432
6  84.0  762.36118474047737
1  73.0  213.63280956643936
2  76.0  429.98272118616859
3  75.666666666666671  757.92530934055526
4  84.0  540.26590567148935
5  80.400000000000006  751.72718959116685
6  88.5  611.01510662001306
1  73.0  295.57320043603642
2  80.0  480.23063922035152
3  86.0  394.36365462617584
4  85.75  535.61507373042286
5  85.0  605.63816786930317
6  87.833333333333329  668.71646224732672
1  90.0  113.86845751115067
2  77.5  458.22562383024882
3  87.666666666666671  343.35540318375746
4  86.0  489.20579044554154
5  85.200000000000003  579.32555407016628
6  90.0  574.90042859207654
1  65.0  279.27361397278645
2  87.5  199.41521267988344
3  85.666666666666671  334.91549792761657
4  87.0  423.6282081145369
5  83.0  631.51484971265631
6  86.166666666666671  611.33997781684332
1  75.0  279.31915575449307
2  76.5  588.11843615281282
3  79.333333333333329  493.95536414133011
4  83.25  423.6609811415525
5  86.0  528.19702291074088
6  88.5  601.84558505243751
1  74.0  300.30268480629536
2  80.5  369.54895301674554
3  75.666666666666671  775.0362808419469
4  84.75  520.22332865568569
5  66.400000000000006  734.78377115759815
6  87.333333333333329  676.54766811136915
1  85.0  112.53150284437709
2  88.0  230.01480849871243
3  86.0  445.54614775450443
4  81.0  549.88570418926486
5  85.200000000000003  528.40963908125434
6  84.333333333333329  652.29411135455598
1  63.0  366.05886283803801
2  81.0  398.57269056058669
3  88.0  380.69050502234131
4  78.5  681.39913705366507
5  85.599999999999994  681.34795982169021
6  87.833333333333329  748.79367554524583
1  70.0  337.34751505282782
2  85.0  322.68398487020045
3  82.666666666666671  454.31764188574954
4  80.75  709.03235232816292
5  88.400000000000006  604.23024640503206
6  86.333333333333329  738.8451075734946
1  70.0  299.47747703328827
2  84.0  258.80141607352056
3  80.0  485.77655740424944
4  88.25  449.76710602320668
5  87.0  550.56024465652661
6  83.166666666666671  764.34885604772808
1  73.0  364.1044337201692
2  89.5  224.52303283052865
3  85.0  428.56625764829818
4  85.75  544.32935738084041
5  88.599999999999994  513.96764500921017
6  78.5  759.39265550552534
1  83.0  155.42356936166351
2  86.5  251.78778163721122
3  80.666666666666671  718.5919109380518
4  82.5  622.50620331272455
5  91.799999999999997  422.15756054438015
6  77.166666666666671  866.04739881879721
1  81.0  219.73386204000252
2  81.5  374.9840450758802
3  87.0  493.8301114825212
4  82.5  563.13637937213684
5  87.400000000000006  588.77212496927245
6  83.833333333333329  708.58596407881271
1  82.0  146.52838015343661
2  83.5  364.74994322788734
3  85.333333333333329  449.70378003357951
4  79.5  580.61097336916453
5  87.400000000000006  549.1202683026072
6  82.666666666666671  613.62092696111745
1  70.0  188.13666402951031
2  80.5  390.34146437973737
3  82.0  435.45179576446259
4  79.0  772.19586544301831
5  88.0  576.31560130691639
6  85.833333333333329  542.16371859100923
1  74.0  212.01653189261327
2  81.0  412.8679946130556
3  80.666666666666671  432.13832040428264
4  83.75  581.08655123746382
5  78.799999999999997  710.53101286574588
6  75.5  794.63895532971014
1  75.0  310.75442424365826
2  76.0  466.92138262920923
3  77.333333333333329  455.02180697762969
4  85.75  464.8118931052411
5  86.599999999999994  536.86325596436416
6  86.166666666666671  644.27035102704087
1  88.0  112.47059323158118
2  83.0  254.42896404385289
3  84.333333333333329  330.71866987755965
4  91.25  331.77638671475563
5  81.200000000000003  686.14048361315668
6  80.833333333333329  701.54567566674007
1  64.0  376.21075622487774
2  80.5  326.4618494199882
3  91.333333333333329  298.75565279559379
4  86.5  438.07457543132756
5  88.400000000000006  432.42313475606852
6  82.5  714.99148477772872
1  85.0  128.02243512691157
2  86.0  307.82957826574801
3  81.333333333333329  459.96696416986799
4  74.75  638.37136247830165
5  84.599999999999994  505.38456658861708
6  78.166666666666671  834.25360672938257
1  63.0  423.79471670615612
2  84.5  325.20305374680214
3  85.0  403.95507748183906
4  89.0  417.80054419293026
5  81.200000000000003  617.5494910427135
6  74.5  771.25292043395314
1  81.0  207.89241589775546
2  83.5  355.5856448129822
3  79.0  600.50467228801733
4  92.25  373.59166689784314
5  85.200000000000003  443.63742193626371
6  83.5  720.61642353112074
1  68.0  404.08487932986083
2  81.5  368.59886869916761
3  81.0  515.24530456767889
4  89.0  424.53556051651452
5  85.799999999999997  596.69027415542632
6  77.166666666666671  799.5208741051888
1  74.0  255.54307161774369
2  77.0  324.94065754077258
3  88.333333333333329  342.15060208451183
4  88.0  430.62615443730334
5  81.799999999999997  582.64646886975527
6  86.333333333333329  524.33989192944932
1  85.0  181.9158519136152
2  83.0  373.01221814953436
3  85.333333333333329  437.32097435458337
4  79.0  663.25124783561569
5  80.799999999999997  788.5155825571178
6  85.833333333333329  712.91832332086392
1  73.0  381.37681456883519
2  77.5  386.40347485734191
3  85.333333333333329  391.02258132162012
4  86.5  528.77334334194666
5  81.200000000000003  706.19754608555047
6  87.0  554.49867304043846
1  87.0  128.10519259519282
2  78.5  453.8016313841124
3  82.0  464.00124411252068
4  83.0  516.05053800340897
5  84.400000000000006  688.51297840396307
6  85.5  685.27043083746048
1  78.0  308.78558344640078
2  80.0  361.11844328605986
3  85.0  438.19599014314963
4  85.0  520.94119113158331
5  83.400000000000006  662.59820124588316
6  85.666666666666671  685.82360312030983
1  68.0  281.13002564280521
2  86.5  304.0581606865581
3  84.0  512.74728029314656
4  83.75  494.41044331796633
5  86.200000000000003  655.57898995581763
6  84.166666666666671  735.52172412343634
1  79.0  174.3823593481174
2  79.0  333.21292279340645
3  84.333333333333329  563.78882590664614
4  84.5  488.18948785190639
5  85.200000000000003  702.63037576456577
6  78.5  742.49555137217703
1  69.0  457.30998901971259
2  69.5  773.39436759450052
3  86.0  440.38144397688791
4  89.25  493.56955414636366
5  80.799999999999997  605.58529175884973
6  86.166666666666671  682.99631532659396
1  83.0  185.94146112663327
2  87.0  276.47552045441944
3  87.0  343.70239590766528
4  87.5  529.68005186801918
5  80.200000000000003  692.623616616508
6  86.833333333333329  650.97945619172992
1  82.0  180.2271685343986
2  89.0  210.56517620934821
3  77.666666666666671  575.51059326544737
4  74.25  552.90476303298919
5  76.599999999999994  803.59033048206095
6  88.166666666666671  711.64060083333879
1  76.0  203.39721399502099
2  57.0  436.68387311385459
3  85.666666666666671  407.30479958860036
4  83.5  563.1273608112981
5  86.799999999999997  610.1975800236811
6  90.333333333333329  588.62430325257662
1  65.0  256.58149174149679
2  80.5  365.92604200082303
3  81.333333333333329  381.64994941740099
4  90.0  479.78636545437178
5  86.200000000000003  550.73820602788419
6  85.0  678.55175703190002
1  80.0  244.95017362047221
2  82.5  366.72643564076202
3  76.666666666666671  492.9296687446739
4  83.25  447.1513348137326
5  82.400000000000006  545.9670092077522
6  82.333333333333329  764.38307024193159
1  63.0  585.30929000177491
2  81.5  370.2562632622064
3  81.666666666666671  550.43585284705443
4  83.75  646.79901937574607
5  86.799999999999997  501.30799916023045
6  84.5  689.17814127294173
1  72.0  276.93243466306666
2  73.0  760.1347219107281
3  86.0  447.69609006756428
4  87.5  472.22615146257056
5  82.400000000000006  615.34114047085654
6  80.5  766.68446881196985
1  78.0  262.88914382932796
2  77.5  426.06363561192558
3  83.0  506.02767718617952
4  84.5  543.4361612994677
5  87.0  526.33370584410613
6  89.333333333333329  544.62231440827634
1  73.0  341.62579484970593
2  80.5  390.31984300983112
3  77.666666666666671  581.90643876740603
4  84.25  568.45326608972789
5  80.599999999999994  785.72427993010126
6  85.5  786.30706390873661
1  74.0  312.57523277325089
2  80.0  430.57396188892477
3  86.666666666666671  378.30385733537224
4  82.5  705.13704568248772
5  73.799999999999997  606.50698872600526
6  78.666666666666671  844.54175534881495
1  69.0  370.16208471241049
2  58.5  664.95010615258423
3  87.0  378.60996472484231
4  82.5  606.47111635616079
5  82.400000000000006  663.37984277731039
6  88.166666666666671  663.66359284720386
1  88.0  129.61503387623551
2  79.5  382.04346290534545
3  88.333333333333329  318.17699739467344
4  84.25  552.21744435616699
5  89.400000000000006  542.46026308800185
6  81.166666666666671  799.89837429101499
1  67.0  378.60717657706442
2  84.0  339.19385288649681
3  77.333333333333329  557.97593000561005
4  85.5  523.25981687509807
5  81.799999999999997  693.02044375856042
6  86.0  659.52045059036402
1  65.0  299.62438987481477
2  83.5  300.54234556707291
3  89.666666666666671  390.34288847242743
4  83.75  466.40950928877953
5  88.599999999999994  585.35758780386971
6  84.166666666666671  719.04231158318123
