1  63  231.84712042090635
2  54  190.13002448865961
3  75  130.71149889592741
4  58  242.89387996631461
5  30  483.00236380214085
6  37  279.33566005677852
1  85  104.00614618063706
2  50  327.22182329612593
3  53  132.32440726116477
4  70  169.27442711133767
5  62  249.85432647210371
6  29  451.09828420268457
1  72  176.04704261534343
2  47  354.71244902654524
3  71  227.44542738530424
4  45  383.48185831931369
5  64  209.54418728309585
6  40  378.46037442577665
1  76  126.41620111426697
2  64  112.66782288691162
3  38  166.01546349347376
4  53  300.79270382908101
5  31  517.94554847531083
6  55  323.35484371659976
1  64  146.68424190363802
2  67  196.6252228403018
3  76  152.42637256880437
4  43  143.29331028598139
5  61  279.51561223046787
6  72  202.60364526077208
1  79  131.00548957328343
2  66  213.10381301313984
3  56  244.70989249351965
4  43  258.48687818730872
5  53  305.80074991835335
6  27  437.96204747834565
1  84  92.764277561588045
2  58  245.33793856779846
3  82  119.12931495791385
4  77  134.06264933480415
5  50  329.21048681503572
6  33  407.07811853136087
1  73  82.129420982249698
2  55  184.72786252722622
3  72  158.32757159535072
4  65  212.35261068515686
5  32  362.15110992961593
6  53  287.6238643336618
1  74  102.47823272618248
2  79  124.14683380299876
3  58  190.64901482111867
4  66  166.44962603894157
5  58  270.59269333383736
6  40  502.30878752929931
1  89  57.669855955799413
2  65  205.86206336551857
3  58  296.69508486614745
4  20  460.3566713514885
5  44  291.59771190981871
6  48  328.26424711463881
1  78  129.72115768203281
2  64  144.5305158480017
3  33  307.31212496491662
4  27  451.94304150506861
5  35  445.76195939620459
6  38  515.02881430227194
1  50  279.16141131613819
2  56  185.46748149043128
3  59  92.969094209210994
4  29  313.87799257804835
5  41  446.46050768777235
6  58  292.26622392703888
1  79  124.94666020201237
2  65  199.68388169890312
3  18  240.10906350254746
4  77  75.018498950511145
5  46  381.54969811156661
6  46  200.3617959876677
1  63  222.67754450014499
2  61  188.85772751765214
3  72  216.87891386843887
4  73  126.84690639181659
5  42  267.17396601645396
6  38  448.26963227200145
1  63  133.45575123249083
2  69  123.83198477141853
3  59  252.82899735222753
4  25  420.88374972538986
5  46  467.54250477171217
6  40  320.79167564339787
1  67  220.13239445092455
2  71  136.83994038475919
3  44  335.55902726491951
4  76  127.76579603031526
5  51  301.08496688161597
6  43  345.12740810267417
1  74  159.25494218812005
2  52  216.42203805820103
3  76  136.97807457834077
4  60  282.87875064181173
5  50  266.51023636151376
6  51  203.24143558072151
1  82  102.1476678801219
2  66  192.10187162263367
3  71  216.81051119950774
4  65  218.31487807349686
5  54  352.14751352460655
6  39  243.5161446630481
1  84  68.748086394793162
2  55  301.44747911094532
3  31  402.9974728215588
4  51  285.5151389620832
5  60  288.38498367800815
6  32  235.97174401758127
1  81  87.548448454583806
2  79  121.03536798703807
3  54  203.06205935640963
4  76  143.47893405785314
5  27  274.20931433374852
6  45  481.12721542669067
1  55  199.988464090013
2  40  275.72038858524883
3  40  284.4403432721158
4  58  261.39753840405848
5  58  187.93666387727339
6  74  128.57406661361316
1  79  123.86485068176304
2  57  198.72136817709028
3  48  421.71358683273394
4  47  440.51830457702101
5  54  203.61267676895079
6  73  147.41596064074133
1  54  254.71773795185504
2  45  443.10283852031199
3  51  260.87680545133156
4  51  184.21646640742156
5  73  144.62992588210705
6  28  478.0350103037668
1  81  85.487246765290905
2  63  158.47202119642941
3  74  138.29865485877266
4  79  163.44651336589479
5  42  324.83619447773208
6  66  216.19623523506331
1  63  180.64441753581153
2  70  148.41061500973211
3  30  582.49691918229519
4  43  401.3994851962691
5  43  460.29920243931434
6  44  312.8573228202938
1  70  173.65139849882729
2  56  209.74558628086126
3  55  272.18670983973249
4  67  175.61203531039331
5  39  410.33024454748124
6  43  149.4523110467554
1  65  135.21333313850226
2  51  224.97629736008574
3  48  367.56697233141728
4  40  241.6297017191234
5  72  151.55683074280279
6  54  281.60700012103746
1  80  106.02150095238666
2  60  246.08974605727153
3  54  258.90311918075406
4  70  144.67370366141731
5  36  502.86085544229775
6  68  184.74080248329733
1  68  65.821237893101596
2  54  338.76852727767749
3  47  250.16553934292008
4  36  357.91057728616443
5  76  123.72907471910241
6  31  265.2427254128192
1  71  144.98995997010044
2  63  229.93459444194011
3  68  169.61148624913992
4  56  177.57857153528042
5  84  116.12793054493189
6  66  86.310673689976426
1  70  162.81724410788891
2  77  93.14052722245377
3  75  84.476710942842018
4  59  263.24981737950549
5  54  215.7356065042899
6  64  145.30607565968151
1  74  65.359747560467454
2  37  300.9149443386853
3  45  413.76725947128921
4  48  203.36872698144202
5  74  94.998559934071594
6  50  315.93274043692145
1  77  111.34001580004681
2  50  301.76253226872495
3  56  348.58935659437225
4  32  379.84230167163588
5  65  163.76056562939849
6  49  348.4392808823489
1  81  99.881445607839666
2  53  308.58715010103248
3  50  195.06352335104026
4  38  388.44532791308302
5  67  138.50058171876594
6  64  138.91374781290475
1  63  213.51949308825448
2  77  121.94696938709023
3  50  295.8417013870195
4  70  214.23668909326904
5  42  492.30180520319095
6  37  234.10641827999993
1  75  159.6824602202785
2  86  50.505752448464413
3  66  199.67360604743746
4  61  236.32849066778346
5  52  261.74607961867446
6  35  403.20634435492286
1  76  94.328581282439544
2  51  256.33939217061067
3  67  192.4218492532556
4  54  305.20380053771396
5  51  281.56376177395288
6  46  150.57812065681324
1  81  52.511639370012134
2  36  416.73088583679379
3  62  200.812227178764
4  36  365.23524577755688
5  64  194.40325647374391
6  31  242.17308518442834
1  76  158.37947684582437
2  85  67.019010199967326
3  41  355.43711078408143
4  37  319.8765945997248
5  78  152.42947913618235
6  48  224.38476305149942
1  65  233.52331248620627
2  59  216.19203732914133
3  80  132.02150200437202
4  54  194.16389666812262
5  47  270.0085713961065
6  58  188.84840074966988
1  90  64.563916113121806
2  61  177.13880332900337
3  58  309.47421379692958
4  78  137.03944086570294
5  39  377.06838784897388
6  60  216.68305952477436
1  82  129.56687811804409
2  64  213.78598078124722
3  62  235.8904007751587
4  60  217.47884596810346
5  61  211.469161142736
6  61  234.21252201225798
1  77  99.793570942032986
2  60  219.3359595717518
3  55  284.39279904636066
4  65  247.15242829645263
5  44  273.8568443188384
6  55  256.57113864555959
1  71  175.89362866840071
2  49  285.11974456722618
3  57  312.22785659908851
4  77  90.288294495361285
5  64  132.12686865880266
6  57  278.01038061190422
1  83  127.17017863673448
2  69  118.80168381981726
3  55  235.56616675579426
4  51  273.5602681286116
5  72  79.129147541826001
6  42  374.28346886449305
1  57  250.51072219728104
2  66  211.38506944713905
3  79  122.69572954610757
4  46  417.53672066168411
5  41  506.49863044455452
6  65  174.25096807715127
1  73  109.71168135665563
2  57  227.97865397723564
3  58  297.14782834907169
4  71  231.37820840663159
5  43  564.94775295906982
6  50  344.16312485590038
1  82  71.942453314484098
2  72  150.77199374260232
3  63  235.73514670646912
4  36  237.01866789823106
5  41  319.96846390682038
6  54  181.76296697061983
1  71  178.80863173307415
2  62  173.29832201900066
3  59  187.58663885835136
4  59  181.63590949440015
5  24  340.3827056524338
6  73  90.690902835246106
1  65  114.73016953851459
2  66  179.40737292769916
3  40  426.07152679443067
4  59  252.2550342606178
5  69  114.45068469520974
6  49  334.41364000840156
1  78  107.83354047067873
2  66  152.49892127999362
3  79  131.53798127211851
4  69  215.37752210352349
5  67  231.22840173867021
6  45  282.84979367819949
1  66  173.87462339702196
2  71  156.58542035174372
3  50  171.04712066643921
4  57  221.13133874964055
5  44  279.75087923628246
6  42  403.50780114979801
1  56  209.79301896095794
2  62  204.84777727435511
3  46  233.96379751909708
4  56  291.18147515953854
5  37  375.37679517385516
6  55  390.46355505595631
1  73  136.511875110809
2  61  211.82502866290872
3  43  363.81379111274606
4  80  126.12198001738419
5  67  183.21798691673294
6  45  314.98884706939816
1  64  197.52627221896284
2  20  378.25470490249529
3  58  233.63323473927727
4  31  307.85592445229145
5  63  153.08821295534827
6  49  159.2607034298874
1  71  165.50122512697757
2  62  175.39401397666546
3  34  416.01017131521661
4  72  230.40985105149389
5  63  214.03097955330389
6  51  291.7939375450365
1  57  258.85319692761021
2  80  112.5508215294019
3  58  236.29265338552818
4  53  318.49597705144697
5  52  346.28677045339271
6  32  416.80604834893552
1  86  97.015246423366449
2  35  274.92677206127604
3  59  237.34931710592659
4  47  335.80895785940925
5  48  384.26607950100401
6  62  208.59191098112487
1  74  201.00961927591695
2  16  394.26167025468658
3  55  265.75829599311908
4  65  211.55203785457036
5  77  113.94872776485039
6  39  411.04560915793644
1  37  122.79050514367454
2  75  147.68852395037848
3  61  224.27176108671679
4  44  333.19643969538436
5  71  168.20420074750263
6  51  251.85010447668165
1  71  151.53438177960936
2  57  251.74174353687465
3  67  146.59639478573578
4  42  266.20878339686436
5  48  216.66846396693285
6  24  570.21234753838917
1  50  403.71681608223673
2  80  120.53491246341018
3  55  292.08763567688686
4  35  398.58934716809756
5  63  142.83964405341419
6  49  351.60177168169758
1  50  237.67640218199458
2  90  82.981465132258194
3  42  298.20029895445515
4  71  156.24831968212408
5  32  405.28793999337034
6  64  200.14926119876046
1  82  69.316680097548016
2  77  111.167066094977
3  46  242.27238031347136
4  57  301.9046996871283
5  66  172.72247546286789
6  53  206.28810972940423
1  70  188.18578651069771
2  60  172.47644259715219
3  33  271.90545217868907
4  31  188.97428430744122
5  57  257.09650086799599
6  66  163.83084275087563
1  58  118.30479850968426
2  47  233.49226871974651
3  63  183.73176383834789
4  49  415.96386586764316
5  77  116.57095583439236
6  39  331.80440158806834
1  51  326.00345740176454
2  40  327.19856581415456
3  74  202.99592592270986
4  75  179.68234304772326
5  47  305.89341786110452
6  50  352.20793924393411
1  62  176.10825364973667
2  68  231.73894626110086
3  39  326.24267698329407
4  13  596.5456790375307
5  46  357.00996717470605
6  46  258.88094025146648
1  79  100.37176963223017
2  41  124.23082124980463
3  60  271.58823575248755
4  35  447.38254895098197
5  39  299.39980912806431
6  28  534.90509162960052
1  64  213.79012306929067
2  26  251.72395811671007
3  51  163.82196975598595
4  66  290.32993571707914
5  58  221.68669246724033
6  49  244.98542385880236
1  50  249.76021067666593
2  69  179.37132695317811
3  59  179.56381213649996
4  74  171.14252600613054
5  54  251.52037370089309
6  68  147.88151165857985
1  56  162.71611591706775
2  62  218.33945600769752
3  61  275.33468081253426
4  40  342.83881211776566
5  45  325.21809262699514
6  45  351.40934854671485
1  69  157.87833357035132
2  45  121.476113234473
3  36  227.0508850665444
4  65  238.31504327828253
5  24  434.74804845808251
6  66  233.81639522925551
1  65  196.07485438334734
2  70  162.08177199003816
3  46  225.97490511373937
4  67  209.92886267557543
5  82  107.844695963729
6  42  272.75595751469336
1  78  139.49209567044917
2  63  144.62833228599513
3  66  191.60983635037346
4  54  384.01505086221658
5  58  317.59013990709298
6  52  291.54812468059669
1  76  146.84938187767992
2  60  261.45488677075934
3  43  290.08001511124399
4  51  176.78815356155215
5  48  248.83609572710824
6  48  377.3946422675802
1  79  99.795029438601631
2  65  130.42117132352803
3  57  277.80513985957282
4  24  348.02299833508033
5  49  266.81455235584366
6  48  326.95945398405985
1  54  215.80585687455132
2  60  217.86766401617862
3  37  209.20208517507925
4  50  221.30737843736696
5  34  276.00470892144142
6  53  477.56803721960557
1  80  64.757848685203498
2  91  47.668823516028333
3  36  516.66694449529564
4  69  99.52886206698534
5  40  516.24421175260056
6  52  365.37848496644318
1  77  148.34441769063201
2  27  425.72321041726991
3  81  104.07881904277141
4  43  420.99064491926163
5  49  250.59424721255738
6  65  153.16958588910353
1  79  165.18751163161579
2  44  348.01899098103507
3  51  381.79601310612725
4  63  229.84127270200429
5  41  239.89763801751198
6  74  149.52693095368957
1  77  101.91992631362248
2  73  108.56133794517513
3  60  221.81390569111366
4  63  219.50901565925267
5  59  228.18148577358818
6  58  208.14479868904886
1  57  326.92878316770896
2  42  362.34774945362773
3  66  197.60028308171977
4  39  331.3002929276974
5  43  442.51974251492049
6  48  285.36390827235022
1  65  158.91756727369608
2  79  133.93060039931981
3  60  108.02990449637971
4  43  209.08250658452852
5  56  316.45592239950571
6  49  184.17595977625464
1  59  97.702112384537131
2  64  252.48029193650794
3  78  93.124977128136564
4  50  224.73675064552481
5  54  171.87806746017625
6  51  246.66235618456443
1  79  101.84441744718706
2  47  329.1227101848292
3  56  209.49568006247759
4  39  239.13429927506269
5  46  190.01950491857838
6  29  335.14838375559481
1  58  123.64072402844415
2  68  138.86130424172811
3  50  288.69472618430376
4  52  296.01375360211574
5  39  339.68514026683846
6  41  391.98459199459961
1  85  67.352185728766315
2  76  145.25243790088271
3  71  184.86403698660408
4  49  271.34692249855703
5  52  278.29641043238678
6  69  143.01858139194667
1  81  92.069432778096697
2  59  209.73727363630817
3  64  186.26780328066863
4  57  250.26526936568899
5  67  213.51768682288548
6  29  442.12352102862155
1  68  116.27603050066264
2  70  195.06136866432709
3  79  222.85362984096483
4  53  220.11570133359598
5  68  173.49118808802717
6  18  444.07663045817867
1  74  169.62754908334057
2  59  112.99354674345143
3  57  250.13624671239467
4  43  258.04610540778737
5  37  439.27785451598095
6  23  595.75566468253589
1  75  174.4529096525435
2  41  334.69763086617058
3  48  245.01484123305346
4  46  344.88274705011764
5  62  265.91925304555315
6  40  383.23334002732884
1  70  175.72718614069834
2  45  251.94060102070031
3  64  198.04932388289038
4  51  329.17850425750976
5  79  100.68140799295621
6  49  284.08376888651617
1  85  89.260116125063192
2  53  339.33505412985323
3  30  494.84546293975683
4  44  177.80459995511333
5  49  242.58027079606248
6  66  203.3251562953499
1  74  178.29743937831148
2  47  273.7199714346101
3  58  190.75008488503946
4  54  303.76123441769579
5  49  259.73284730548596
6  28  596.01116914689703
1  68  98.282338369601163
2  44  319.12056117045989
3  68  179.41052197334676
4  40  293.20236851927848
5  40  424.51772604999411
6  66  243.05221554360116
1  42  33.968222933750233
2  87  79.292918766852424
3  68  180.78652838933377
4  65  208.97989334832454
5  70  174.42311817212791
6  53  296.34992227208329
1  76  120.19384992949675
2  75  124.55185473423893
3  66  246.3608060738037
4  53  285.44575723069391
5  49  237.02419113242652
6  65  229.10991238934034
1  80  110.13493128493985
2  47  240.60776793145902
3  32  431.57430696980265
4  42  427.26834124990052
5  53  328.23121890061401
6  53  272.7054663119265
1  60  101.1896872586902
2  75  197.13733878971647
3  59  237.9234134101209
4  90  66.667805082271101
5  48  352.68684978143119
6  36  262.45356372094801
