2  21  157.60992993232244
4  48  103.18965556780353
6  37  142.84464555695305
8  46  278.92912895788169
10  51  188.81011790352622
12  39  97.66427569557959
14  29  160.15145001059707
16  50  337.91823411341176
18  61  35.712870681807331
20  53  267.94691914670238
2  9  53.488142663194516
4  51  98.280342941233741
6  50  89.86462847248373
8  23  211.83228004673978
10  39  175.11838629764375
12  64  53.627509707472676
14  77  158.81240421552053
16  51  148.40321617122081
18  72  162.36848011529833
20  74  204.97758418633421
2  7  79.431300550009652
4  18  232.16615327736832
6  37  323.05756773183793
8  45  242.39799016936328
10  76  117.12593782397002
12  65  49.476700008993539
14  81  109.68938120028641
16  48  395.6521993930412
18  72  79.979850584946064
20  36  98.808346877812482
2  56  78.692769293186117
4  61  79.385944863799722
6  16  209.37442954073671
8  13  371.22048681783349
10  18  462.02364624797616
12  36  297.26986129619905
14  71  131.42918260236922
16  35  428.76742134680927
18  25  265.60047428947934
20  63  352.07497526571643
2  13  146.06305454170078
4  44  204.3751927166509
6  58  172.5450351314135
8  28  322.89149720511654
10  23  431.85408093583595
12  21  514.79218793058999
14  58  168.79268086406151
16  59  206.24106464070942
18  69  260.82298395630659
20  48  200.74151224070866
2  8  73.587666404142823
4  32  210.62201178161072
6  28  57.041085180120831
8  49  143.38216703539683
10  27  512.78097271480237
12  33  402.0690636607838
14  35  203.11204756549336
16  31  501.84725753390802
18  58  185.67493165095837
20  65  47.593612965146228
2  10  65.529285400956439
4  20  240.8825711862213
6  25  175.06301230790427
8  58  186.47301143601013
10  78  125.11235458337707
12  28  125.24298826582681
14  57  142.03225543205585
16  58  276.21355495144093
18  68  129.19743229661765
20  75  129.81801881109283
2  50  80.757367497824859
4  20  186.10238945704981
6  43  48.924006321612559
8  40  249.30735265295539
10  28  143.54094620566005
12  30  369.85704612568225
14  55  168.61668657142098
16  66  212.46691883075792
18  86  61.808671096093626
20  86  25.650580939184742
2  17  121.83820921647551
4  50  99.913647413397413
6  32  276.95230174324928
8  24  258.72815243510166
10  29  28.72000330837167
12  43  376.43294999121207
14  40  535.89464313038286
16  67  263.2439209808922
18  56  222.37064874542099
20  75  240.1510968275945
2  32  77.974602622241932
4  20  145.95910672090693
6  54  126.60410290798647
8  39  147.61280947238515
10  86  100.37770987901186
12  45  344.66638385023271
14  35  310.40633803977067
16  79  124.54750751348611
18  61  153.63997187360445
20  47  227.4745055942636
2  0  137.94889074547544
4  52  135.22048264621182
6  43  136.45769226235581
8  53  197.31052265371949
10  57  193.00527642850136
12  47  403.7385031840771
14  54  233.08770207164679
16  73  147.33450452404009
18  70  257.11731987198266
20  42  266.58146354246054
2  31  55.501803818573684
4  0  16.000000000000014
6  63  92.313958861619028
8  66  82.457721366484307
10  36  195.05007862228061
12  49  90.549174786040936
14  62  345.16720395044626
16  34  456.20006999709619
18  59  128.73043828440098
20  67  103.1015176049527
2  0  193.99080865792803
4  31  224.53519424456334
6  80  28.446772116645118
8  13  477.70755222166798
10  34  343.16895965416546
12  45  116.74950098605908
14  32  306.26601247719913
16  61  17.847913462793123
18  56  317.15462387128815
20  79  70.194895875330914
2  34  51.400147779744835
4  22  90.128568826651019
6  74  56.431406256542395
8  51  153.11156801320448
10  85  16.564351780040088
12  2  232.65162774749822
14  60  69.472114118006502
16  24  93.49880019339156
18  58  165.26582169093388
20  67  333.15645598821118
2  7  97.153007136417855
4  0  253.45354375093962
6  62  33.878751704345134
8  69  94.458938743081077
10  31  169.120963259322
12  82  52.701824726241725
14  72  128.39579392618282
16  43  461.31158446697646
18  65  90.004155068550773
20  49  186.02057294133087
2  21  112.3986151940463
4  48  69.61568660359184
6  42  99.568105849874314
8  28  197.40675882356686
10  61  286.00097945629193
12  54  267.46865414939043
14  83  77.160315572178121
16  78  2.0000000000000084
18  39  203.20148921177713
20  5  523.44594802059544
2  12  153.38592800266349
4  9  258.89365438814417
6  44  145.62247160190998
8  69  124.94596814563653
10  47  401.00341532360733
12  29  461.19625410019125
14  51  184.40909728383448
16  63  32.569022402816884
18  55  569.28893322530053
20  59  321.05985565158994
2  21  72.552716341876462
4  24  138.33423512676697
6  37  111.18260681784199
8  15  469.88439012150815
10  41  246.51804748073027
12  45  227.81538169135433
14  56  253.99477816701099
16  72  61.512706739617187
18  73  425.73002778832478
20  67  105.8537507615406
2  15  168.92383794070901
4  14  290.25147804599123
6  62  13.577927439261313
8  34  207.18739912428774
10  57  149.2331336802759
12  46  201.04393208712088
14  77  192.24544008408992
16  31  719.92064000049515
18  58  21.967847294583187
20  62  140.81594955960773
2  34  85.291544431750225
4  39  167.02746508314726
6  53  236.16956357018606
8  61  209.82859183618251
10  34  299.72478232951988
12  8  730.26640324601385
14  49  215.95984475900451
16  33  318.70985787415941
18  56  216.72599352111553
20  69  359.17649889800737
2  22  75.059597882767662
4  37  188.56293681616484
6  34  238.70342076354862
8  62  171.84293983295177
10  40  285.55437611134835
12  0  394.22170486954815
14  67  93.664116751071802
16  41  127.35912702942551
18  71  65.22522403905235
20  71  166.7437332313722
2  33  97.769102482637948
4  20  172.42256221069562
6  41  155.70878204808994
8  21  138.48380556894784
10  70  150.87425177033523
12  31  423.85127071673037
14  41  249.47840989198411
16  59  277.48540112420204
18  54  127.11124530552517
20  66  221.57540031152573
2  23  79.01987495137314
4  25  177.21893450678425
6  31  186.837644877267
8  44  179.28149583242012
10  37  216.41548155503446
12  52  118.89393188279722
14  44  320.12666247452853
16  68  233.94579854600474
18  57  338.03116023704246
20  80  3.7555231356627115
2  14  88.574199786684403
4  35  104.03534669550494
6  67  89.977915105665815
8  29  449.46084385737169
10  53  266.56947078298668
12  50  419.66006416180647
14  46  191.04917150018082
16  64  391.33639903368567
18  34  197.93989469842515
20  45  123.242214785417
2  34  85.339686256666852
4  35  154.33474643344204
6  27  195.38600731438061
8  32  378.85186658723177
10  44  92.741460576530912
12  39  52.974291963047065
14  76  199.58814127949734
16  72  41.699463750869945
18  76  113.85313417062449
20  65  263.72219677685905
2  0  0.0
4  31  163.42019621777274
6  31  90.829208192828631
8  57  187.06507553200788
10  63  18.040425408905811
12  36  482.82792787190994
14  77  116.81712998766075
16  58  433.06798806051256
18  70  128.2274958060874
20  54  258.70189537813178
2  0  35.000000000000071
4  32  167.07265292052566
6  52  172.76495015589893
8  42  73.963422229332934
10  32  77.47432206137681
12  61  293.35338476201684
14  82  106.89195638514491
16  38  335.26506452273151
18  67  76.548161638830052
20  51  162.39882003306087
2  0  0.0
4  16  228.01984240785555
6  44  296.39145401114712
8  27  285.64581649408069
10  71  124.93020971339148
12  10  390.15137897241948
14  38  554.66782294280745
16  87  128.80356453434445
18  71  184.61087987876058
20  71  212.12882016661476
2  6  80.753095011824001
4  56  156.94035204798752
6  11  209.12717237163218
8  44  103.28273663704883
10  26  146.0688184627912
12  62  129.98716662759119
14  49  165.16433027992133
16  74  172.26418084380873
18  70  225.87327776172032
20  70  181.36716182289737
2  13  156.09504898079072
4  23  162.05945231814937
6  55  147.51244953723887
8  30  292.27500450337288
10  44  165.45841143240068
12  22  322.36552575169731
14  40  200.00636100709929
16  75  89.975439861289843
18  83  115.60368873356171
20  34  451.6262665447581
2  14  151.99751249543257
4  6  230.15848823654431
6  31  335.22972496720723
8  32  216.28061044207098
10  31  389.97761752436617
12  37  363.6758522013339
14  70  293.55197664275084
16  33  18.554390319900818
18  52  459.43823756753562
20  54  174.92634721232875
2  5  86.017049983209674
4  55  78.863511296986388
6  16  340.03571270188922
8  57  125.16146715587253
10  73  75.856894450680727
12  62  157.37185274582612
14  65  79.144470429259954
16  51  448.5167354186724
18  57  385.78992831843658
20  60  149.45210759911183
2  19  70.365172357221724
4  39  80.289084001684273
6  34  289.65120152732953
8  59  114.97320948500673
10  49  241.82389112289363
12  62  213.37798246726481
14  73  82.723322435565578
16  57  170.3656332638985
18  44  12.669356042866855
20  69  179.34229554261009
2  15  58.730549349490921
4  50  80.256491200965627
6  46  88.749198954526875
8  28  164.63072075591435
10  49  194.09821401127448
12  53  227.76957828440507
14  51  236.68976470953584
16  63  228.46498153115499
18  85  73.729783576484138
20  54  36.870398840780325
2  13  92.262899057189642
4  41  169.37907904909483
6  40  184.19686473056024
8  52  291.46439535450952
10  68  171.29803901400373
12  36  595.46341243411484
14  45  369.36517532000772
16  60  79.376545082062023
18  57  513.87938760495763
20  57  277.44345266675293
2  63  83.823166583343735
4  6  160.40561207116733
6  44  214.73535543176175
8  55  198.74461034817222
10  29  218.661925292462
12  45  296.00184743470902
14  57  108.95317886195244
16  57  186.13956074610573
18  60  67.628965220293239
20  64  224.3565425763357
2  0  54.142182343228654
4  14  277.42515213073864
6  13  124.87617448872281
8  52  134.52631388432891
10  72  68.243149133024289
12  55  202.02444233284612
14  52  227.65631918345528
16  56  316.07489384676893
18  71  203.00207972543495
20  48  208.87611081866208
2  20  107.58258644866497
4  22  54.516953376463093
6  20  259.29070180856007
8  45  236.54586263891906
10  35  282.47459942630599
12  45  346.5011535973768
14  63  159.93633553812052
16  51  298.26562718794565
18  34  176.99706262247457
20  72  218.43920100943549
2  19  81.771212472236641
4  63  77.810760939116307
6  49  184.19146862568442
8  27  352.64553852481572
10  40  71.917616254044617
12  40  291.74140652263389
14  52  238.33473401754003
16  47  229.83066567302012
18  64  388.61531543917653
20  66  250.68927644097431
2  44  122.26282672943582
4  32  223.55588794840025
6  31  131.71062545654178
8  72  220.17929422797582
10  48  208.33496969447302
12  43  241.71270046306904
14  51  79.336523980821099
16  25  548.11747019102768
18  31  344.64244592036698
20  61  65.613729902624087
2  30  129.86522192121717
4  53  107.56382358922933
6  41  115.2601907171293
8  15  319.78623233125819
10  39  100.24048813368044
12  69  4.8424254540003302
14  58  38.78877050480515
16  50  301.55482125994871
18  68  114.48591312103419
20  61  210.06973080846601
2  25  45.454595197981234
4  30  174.25464013932043
6  50  183.8400798093285
8  43  201.06508609907863
10  47  310.36607290834473
12  44  260.03648635862874
14  28  224.58742431551832
16  32  395.13989385359167
18  79  142.34482744125907
20  74  237.89448054390832
2  11  146.95130576404924
4  14  241.11982261483229
6  27  214.72461923071035
8  80  89.098584583840704
10  23  96.625514869349885
12  53  223.37741595310473
14  58  203.55044201829367
16  63  38.620364487985505
18  67  285.12741467543134
20  88  40.431169203792585
2  30  106.23421371180349
4  38  100.78760789752697
6  41  243.37085942397559
8  43  126.22798219547026
10  30  390.14588943735714
12  36  345.06664419330514
14  60  444.5447587392182
16  62  212.65731834971504
18  44  653.76183572732782
20  61  94.430056900748255
2  22  34.27124487947556
4  7  107.65205747207207
6  40  191.75870095520057
8  11  333.35128227272673
10  30  437.04327155962335
12  54  89.290488215848924
14  45  477.03980567500616
16  70  178.22461397114722
18  60  294.89037445038826
20  70  384.36623661287382
2  35  64.42231259373392
4  25  78.363625362734027
6  18  163.14277103922697
8  62  54.007764982238243
10  37  248.49285613968141
12  63  138.4056505759896
14  54  242.19684611420462
16  62  262.01219840779004
18  21  1040.8787232887776
20  79  91.995278906824083
2  19  57.083048975229964
4  27  150.84331072561838
6  40  208.44330674963535
8  6  97.689618227436753
10  12  107.33832805463722
12  55  122.62446015785453
14  70  46.414310872979293
16  70  97.674737237016117
18  54  139.39041890111582
20  69  193.6344435216518
2  24  112.18325965440428
4  28  63.784898681928496
6  24  325.55522532954791
8  44  137.25608848014721
10  56  244.15709248140078
12  69  69.289132287864703
14  0  563.32738563558598
16  67  175.279104961055
18  82  154.29395785881206
20  52  322.40753487816085
2  59  66.453642916274788
4  33  163.47266775012065
6  87  42.186313235110731
8  35  348.90014634797706
10  12  634.33960234968811
12  65  272.22300848247818
14  31  243.38800854002179
16  12  175.43679752832065
18  51  265.5063588389142
20  77  311.90853117455094
2  34  63.685547640786424
4  16  217.24052608287542
6  38  173.54552692656574
8  8  678.49813755812727
10  26  336.8911445434166
12  71  179.74924289891104
14  64  292.23130431458674
16  52  76.235823341711594
18  58  175.17254771215448
20  49  327.00041600146403
2  3  178.92943545973395
4  25  198.04856052496802
6  29  267.1718058590767
8  37  269.46514759316329
10  28  138.3852686307242
12  33  361.91335079782743
14  29  289.97420442157852
16  68  29.200158549150856
18  52  419.14317885442563
20  78  198.41886406572257
2  30  84.289041952159195
4  25  152.69467260772902
6  30  229.94372606142602
8  16  263.06213512117495
10  17  268.51561952786307
12  64  244.00985319494293
14  60  211.71469996953067
16  25  180.52236950326659
18  24  644.2724747874762
20  52  320.66755686380202
2  0  76.999999999999986
4  25  255.9687027550157
6  26  114.64104692204815
8  54  205.91510009603451
10  64  144.76748661765598
12  57  256.76172850159077
14  62  63.460628556688761
16  51  174.97509510523369
18  69  192.1229837306409
20  67  213.88664701544889
2  12  130.43648490635752
4  39  125.71529253766346
6  26  209.93904545421651
8  24  277.11460860990684
10  35  84.825456913422798
12  77  97.44417066905973
14  25  308.10707652684454
16  72  64.790509930854711
18  59  291.81909890817752
20  54  413.00075241214802
2  39  56.49417211457429
4  44  152.50271929339951
6  15  72.726663134647453
8  40  107.7393628561874
10  48  121.76791251936511
12  18  640.58714635156753
14  38  508.96785617688192
16  44  127.32997069004371
18  29  472.05808366390687
20  83  92.645945556616837
2  27  147.62142892925505
4  18  255.15665872207319
6  35  167.51345752504864
8  24  496.87875191217637
10  46  315.05089617077499
12  41  450.63971565483581
14  66  54.78268744234741
16  48  158.26680072910904
18  88  49.232728509797319
20  38  308.18609427104201
2  22  81.960378405999265
4  7  267.50685801007882
6  41  214.0303664434411
8  44  260.1874605129301
10  69  196.75843556071575
12  39  174.63224273780779
14  20  256.57236305806254
16  49  222.44802758855744
18  54  367.1524706827052
20  81  206.87216506927535
2  29  70.264476676045817
4  31  165.42881492611463
6  68  184.0266069887652
8  40  230.01036589877705
10  45  532.63076660701552
12  41  182.53102218670807
14  40  144.60390543806932
16  41  403.67200834947272
18  79  118.88097124885525
20  53  412.40082881599471
2  20  74.891180426632602
4  28  121.11748223238924
6  42  67.530464135283694
8  51  123.00258669292535
10  44  174.07640344780188
12  60  169.17589582760914
14  59  285.56439104040402
16  49  385.14275904018814
18  80  131.16899983839065
20  53  434.41139012728229
2  18  90.949536475552293
4  15  84.23754953744583
6  54  167.18616508856528
8  31  166.72194548025186
10  48  304.25585173633834
12  29  343.46058297937918
14  59  183.7424090292721
16  23  311.1172609781903
18  63  355.94094612870731
20  51  198.66541154427716
2  43  61.60914379008068
4  40  127.60547235414616
6  19  263.78085891104587
8  52  297.00093679532142
10  39  367.97697926921052
12  45  232.40723942679867
14  10  477.51624231699208
16  47  254.04968082889337
18  64  87.88481481514782
20  73  121.38776013863077
2  52  91.728427647708855
4  13  84.981408599226697
6  52  100.91642540632471
8  41  170.5235412980195
10  29  197.05943962865814
12  41  279.88908779525934
14  26  555.55992470907711
16  63  194.11621864816755
18  75  147.20942103333087
20  57  304.38030365028226
2  34  72.073297348007998
4  31  230.11369166272098
6  21  271.278459374676
8  63  44.990910320495402
10  55  140.28465597739884
12  9  194.75516432716594
14  31  323.68748191602498
16  62  242.86038390117835
18  76  130.06752438066096
20  71  104.27485454882442
2  0  68.660329082272384
4  50  92.58898613450026
6  58  121.99372503871257
8  51  166.83759106918404
10  48  58.208645062092145
12  46  215.93095791325109
14  86  101.57963656143606
16  55  214.09931337798105
18  70  19.626107281390684
20  80  177.04326023762363
2  12  16.17915740000527
4  40  180.50068922277489
6  19  171.44200877128731
8  51  170.19598722493996
10  41  164.98322746178209
12  34  502.38767471552467
14  26  65.326667493128284
16  39  403.0370243242682
18  49  373.85901381507659
20  73  142.03739135076265
2  19  103.52713461450024
4  44  157.43510165022488
6  36  205.54619709564443
8  60  139.27318992340932
10  69  160.21204909337789
12  20  622.61108632079106
14  62  238.55895228337718
16  25  992.16045949629176
18  59  120.49592024413741
20  54  324.6291492068101
2  21  69.450436961632803
4  5  310.75706664974177
6  44  103.27277129275764
8  60  51.83743516926355
10  36  205.42756237971247
12  74  59.999133890296619
14  51  286.78472198667703
16  44  390.36967127225529
18  41  201.65944142561796
20  47  418.87535272431393
2  45  73.825688615399855
4  9  121.29321503380187
6  54  114.62012943167548
8  39  211.53215395290579
10  70  83.513278156382526
12  60  165.30646023214791
14  59  204.38995562174142
16  74  265.48292477413798
18  63  164.4499023045542
20  60  88.439880539485173
2  36  48.537127832018541
4  55  99.223405438310522
6  43  112.73676297033282
8  34  158.43683983250511
10  73  163.25690372501114
12  65  100.45923567156375
14  71  160.63017687299342
16  64  155.61910943606372
18  61  286.51610181796877
20  66  22.268190044585932
2  11  74.782654926480816
4  19  217.79104026177444
6  39  219.63132388821307
8  29  244.18064747550196
10  61  206.81191228602748
12  41  517.85421110064283
14  58  258.12341989688957
16  82  97.377224651089577
18  0  420.57737599028377
20  54  208.47515984643945
2  19  27.475714985160124
4  28  255.32245394005147
6  45  153.61224737908302
8  57  139.17372569098646
10  30  110.22105844564133
12  42  280.46519264795836
14  31  465.00367817221434
16  54  216.37371275138804
18  36  497.11463534355835
20  86  14.855816156389702
2  44  95.366502675647965
4  20  110.78584772515423
6  24  176.79284702863072
8  62  182.6444418457057
10  42  305.39366268747381
12  90  82.404095968134712
14  70  99.195093367340661
16  27  545.12965791338513
18  45  359.73314056314399
20  77  69.089821665682891
2  11  144.87531104193738
4  27  132.98876245092256
6  40  216.83848621820843
8  77  84.698635203153643
10  35  240.63424647305831
12  37  512.62234975726165
14  66  325.93394465747571
16  82  27.073522185175982
18  35  160.60727561168792
20  83  223.10486572622389
2  7  94.138644422121729
4  25  109.49734607062115
6  51  180.00088158874203
8  71  213.59729014409973
10  44  298.57966972782862
12  17  369.67859233084738
14  70  86.220545297322047
16  53  63.049565103727929
18  33  490.09232450413572
20  51  351.78442456641864
2  6  152.7821731580346
4  39  145.8409455224008
6  9  154.75596863527863
8  62  155.70616234168693
10  26  354.27271176245353
12  34  213.25122248239055
14  90  71.146039352176828
16  64  184.91877964028646
18  69  196.33606131395123
20  37  357.05857614659601
2  13  80.222198744111026
4  19  81.38821575830184
6  48  150.02459522398399
8  61  137.70335533839585
10  21  220.10367545148199
12  43  246.83275691364935
14  54  18.414539319043733
16  62  263.20272611321184
18  73  105.92567308355638
20  55  193.82022829072233
2  9  64.970695156779229
4  16  245.60366228134058
6  19  174.16190170990018
8  53  134.31434238611905
10  42  419.8205911852387
12  34  391.1398001928568
14  57  269.79337838177509
16  50  277.03072738151297
18  67  102.43552912558815
20  61  70.278874602983493
2  15  52.902472079489186
4  21  197.62438751552654
6  0  0.0
8  53  52.358714529177313
10  40  442.44627028109414
12  35  363.96247309640421
14  27  275.34900277198898
16  58  263.59006483344143
18  35  286.01397138751042
20  65  115.01966462695847
2  12  70.597356554748103
4  30  153.54978364583832
6  43  175.97057726279695
8  58  124.13943654371742
10  30  266.4655595426338
12  71  141.33993245359611
14  38  284.78808556814073
16  81  26.346059918786398
18  68  15.196657650671973
20  88  32.871059532203681
2  0  0.0
4  51  123.33970456150789
6  12  117.53613340700814
8  60  81.479896278142604
10  55  258.10414383065739
12  34  98.40978697881684
14  58  204.11451426311322
16  54  69.176427259258105
18  68  155.62961746482827
20  71  50.104228311984457
2  34  103.07056220405889
4  23  103.09566484471181
6  52  116.6790615753452
8  34  244.02844982269258
10  67  144.7627717240714
12  43  330.60338647493256
14  45  146.61141565311337
16  67  328.61039989095241
18  38  352.40518467269175
20  58  91.634487894371844
2  21  77.130791951735134
4  34  119.95073391427059
6  58  114.99684135620571
8  41  167.50071068838602
10  57  210.68535296333516
12  67  171.83801348786307
14  46  50.210175333248799
16  86  199.85010178381197
18  28  376.76406683114919
20  19  737.38915785407482
2  13  146.778672124613
4  78  61.221183354801006
6  55  148.26875322056193
8  51  238.51282429250267
10  70  95.462797128641654
12  30  186.41130278661595
14  32  74.886340518334606
16  66  291.28404924354408
18  19  316.7050858986342
20  56  333.85583032456992
2  31  59.908615030827214
4  26  84.512404061400147
6  30  111.02839742155962
8  59  29.145342446775334
10  62  97.779751237668989
12  53  366.90582271892305
14  36  348.84992248144067
16  41  71.188850846033873
18  52  493.7231466610138
20  85  26.61485415046192
2  44  75.499693127504599
4  37  160.30450374340566
6  29  135.8074408739094
8  60  182.98394979095747
10  40  235.58068509581071
12  65  209.7492922335345
14  37  299.39232768286831
16  41  71.384111329998333
18  65  168.88778514452449
20  75  73.405866971546075
2  0  19.999999999999986
4  46  70.800426576695116
6  0  386.61431308879082
8  46  101.77547241647729
10  42  269.97621201569513
12  49  290.86648870165163
14  53  361.78925712219808
16  45  43.190524432193349
18  86  139.12640638790501
20  30  794.4875117417472
2  31  81.673744108285518
4  35  168.70367384608622
6  26  66.433919857051933
8  52  237.6462560147838
10  45  163.40812552530571
12  14  190.73863818106506
14  36  152.21699747002788
16  61  230.51383470726921
18  48  179.50592630799952
20  60  106.19474919870368
2  31  108.57407233499853
4  44  45.419884840594456
6  29  175.02565339827098
8  47  71.627377765826779
10  48  206.7921984282026
12  11  438.23284406299854
14  37  138.51593421884783
16  53  138.0344992440304
18  56  95.910915564081805
20  57  229.92326482463886
2  0  144.33994488955611
4  24  186.67264623716
6  28  210.1513909532427
8  52  137.29405045924642
10  39  226.75269466055059
12  51  299.32278391690079
14  65  368.93982724671616
16  46  197.21670768941695
18  46  59.152462542956087
20  69  93.437719589961148
2  6  154.05620586593125
4  40  66.354765142121266
6  27  201.3555757557458
8  23  201.5236235697738
10  70  51.257131083279624
12  54  190.29554532865706
14  55  350.13317281563957
16  72  165.85033960381429
18  79  49.562808218612631
20  55  34.245494485895236
2  13  31.153471745458866
4  4  104.77679797060274
6  41  184.34648771855223
8  61  178.1048653919413
10  37  124.02605028268268
12  48  191.90105223726368
14  55  10.291306926069225
16  72  234.6040532185533
18  59  241.2980917145768
20  65  137.90891696594514
2  0  96.526484102401213
4  27  186.45692078715504
6  50  133.71720126446442
8  50  282.52000617336648
10  53  137.69632567984399
12  53  451.03953317070659
14  65  115.91668912163379
16  48  227.6345359451106
18  62  324.27715870603856
20  46  278.18154682351906
2  49  101.67505721959216
4  36  154.98126649703462
6  28  179.50361753310972
8  56  138.84284231622209
10  52  333.58833036941269
12  46  353.578538741876
14  66  107.59486008436311
16  38  266.87558804775227
18  32  215.64714154192308
20  61  163.13163530081701
2  8  156.22884550054857
4  47  95.818912427423257
6  44  171.81175483538692
8  44  210.24286556844032
10  60  258.64068132079495
12  48  310.49251889855378
14  50  245.52845847539723
16  35  491.08478490952666
18  72  139.77475085489539
20  56  445.62196404888391
2  31  61.893595244971614
4  5  67.564915796198321
6  52  104.21500994759464
8  33  221.35008305613712
10  66  82.021380300176943
12  61  93.375612302286655
14  61  213.13222804838435
16  45  181.29412046492629
18  61  293.88136926066591
20  18  419.21264385473671
2  17  89.240930501603671
4  41  115.01105590978904
6  39  216.15789566182363
8  47  74.00818152834681
10  58  82.588403674323743
12  74  90.62968165583375
14  78  98.975164154712701
16  73  24.779103555005115
18  84  113.41723617050521
20  68  86.996694160328303
2  46  80.438692882035539
4  29  72.061496629044044
6  0  394.37441926208902
8  64  119.29580718784746
10  30  482.71256957816524
12  36  178.64782893010459
14  59  74.61893969788386
16  29  759.97780548514424
18  51  101.50493847836574
20  73  162.86403220116
2  18  154.30759786614385
4  61  74.756004060346726
6  46  193.45298662581305
8  32  178.47962409003978
10  60  73.424766392387113
12  30  306.52569906549337
14  38  121.82004501187093
16  60  243.79923676188969
18  78  114.08056958780639
20  80  16.549392269122649
2  0  185.04102542746608
4  19  184.9127807815477
6  46  142.2593761143437
8  41  101.39967129920963
10  57  167.50416828222973
12  48  213.36288756589175
14  63  158.86900685808433
16  22  146.19387645843284
18  79  77.69674078816459
20  66  95.302826272566406
2  12  81.37751991773024
4  26  145.53309041162478
6  40  224.67199284477852
8  37  186.11751654793909
10  11  479.51105953085994
12  29  286.2975345742156
14  62  319.73063550102705
16  34  276.67267776478786
18  51  268.03546056855964
20  53  275.43116975245294
