2  16  161.0
4  28  135.58012290755335
6  27  266.00000000000017
8  51  256.37689373018878
10  71  145.1922684651035
12  80  147.20891768951435
14  45  308.87884974998019
16  70  232.02202284074161
18  95  68.198310224699156
20  78  173.40377689127828
2  78  62.867407245322489
4  18  141.81723636232141
6  30  154.00000000000003
8  74  98.866717551539281
10  55  192.50888531762331
12  63  301.1108197594595
14  64  178.6799009046513
16  93  102.00660201131154
18  48  401.16075979573583
20  63  349.99704951312577
2  65  107.39485193532866
4  32  222.04721215803295
6  45  117.52869801834754
8  48  302.74240161891441
10  57  190.58454428312359
12  86  103.96221294144493
14  43  329.88918203405728
16  88  131.04765223204487
18  69  215.55899241317545
20  93  83.317293832866895
2  10  63.375754452563129
4  41  205.05455785592744
6  46  144.59053514610764
8  47  206.72209196987095
10  79  119.38512299567539
12  67  223.38119809621966
14  57  243.96920453396069
16  66  153.22541400365887
18  83  160.91100646853664
20  62  318.99608917155615
2  13  165.00000000000003
4  28  155.00000000000009
6  49  167.73826750959287
8  56  208.18184498448466
10  77  152.78018067029515
12  95  73.685843872440074
14  60  292.11672623610735
16  52  379.609349112188
18  59  271.1661440903996
20  59  298.34641805612671
2  64  68.787019811157492
4  59  162.13037640241245
6  23  249.0
8  58  140.77820731314907
10  59  257.02883156642366
12  59  245.17007130569741
14  53  368.70026352196339
16  58  299.69420864343891
18  61  326.61009520847819
20  82  158.31465553964858
2  15  100.96101758126699
4  75  128.94659831220955
6  39  136.96473813185196
8  26  258.63498853524578
10  67  186.9704046826397
12  48  301.18660988371505
14  61  232.00863947329856
16  57  289.81259669747942
18  50  398.80974908932137
20  79  207.0530741281124
2  10  181.0
4  9  55.000000000000007
6  59  176.17830527416203
8  35  215.63933661178123
10  85  93.839791340662316
12  72  161.68131001672742
14  64  214.56244634047948
16  80  173.6337161800879
18  72  192.4119797954379
20  84  154.00133595278771
2  14  99.692066001668252
4  16  33.482329489175498
6  27  160.72843043142007
8  40  293.9131231755066
10  61  290.2777487608202
12  70  218.84982489046453
14  90  89.873665990837736
16  54  322.751652058861
18  68  207.65642401784507
20  91  110.55931671871855
2  1  69.999999999999986
4  0  10.000000000000034
6  50  119.80984459848496
8  24  312.99999999999989
10  62  228.08574117761262
12  54  270.56098557636432
14  81  141.05001235890956
16  67  261.57280472242996
18  64  298.59649876137763
20  70  242.8110222189068
2  51  88.568640195909268
4  52  111.07683969815059
6  71  133.74832537262338
8  71  220.167651971195
10  65  232.27763116868709
12  62  315.82662828961389
14  56  241.60689857512543
16  76  217.6547509733401
18  82  167.40442885757284
20  89  99.950143161156404
2  69  80.752634082599499
4  7  71.999999999999972
6  61  157.60734827137526
8  42  305.44429164514656
10  65  202.32153008678571
12  49  221.44271728462172
14  54  301.63140353549261
16  87  128.94199596699383
18  74  218.9145548882675
20  79  174.73481830384875
2  23  107.18704710145084
4  43  180.63976046466357
6  79  81.555248506673053
8  55  242.95725638968798
10  70  110.4678021701596
12  77  204.26651821897735
14  58  360.00424296675453
16  62  292.89538409577739
18  61  318.81818474566541
20  81  173.17538032865423
2  18  165.21195064158843
4  22  59.001353505541204
6  36  284.70756438209605
8  70  157.471778428774
10  58  232.97012193788794
12  76  160.95738993153142
14  69  252.11450628652418
16  47  306.49494814660488
18  65  272.58430425151926
20  67  202.3851196508472
2  21  100.00000000000011
4  40  142.48026229288354
6  33  132.70530377241187
8  61  162.32220132025699
10  73  138.23416832149223
12  76  220.54285801438772
14  63  284.71871067558067
16  76  217.23567241522539
18  69  288.52033728080914
20  90  108.35900294993904
2  38  116.1495795528366
4  24  95.902139445006128
6  51  168.58610300238848
8  51  158.10571678336643
10  46  274.32903836600946
12  77  183.08814524774772
14  81  151.92720229424634
16  57  334.50707935017942
18  56  299.03889374740896
20  56  285.85879956645459
2  34  104.16690889539873
4  48  111.62589586990674
6  74  101.1027320475996
8  55  209.8109788189264
10  37  314.83209061461162
12  47  234.89704285946948
14  72  211.21474442274874
16  43  363.89256385863024
18  81  191.44662272047262
20  62  291.37761877743822
2  43  93.895154437846728
4  30  156.12225079408748
6  49  198.53807549069819
8  81  111.99187728782674
10  77  161.69211347188329
12  43  184.6079296129021
14  78  159.42717692469597
16  68  229.56528956332866
18  45  338.13723379802326
20  74  222.10049737570978
2  0  0.0
4  42  124.32761092367589
6  67  106.02487558226125
8  49  107.2392946209682
10  66  196.09095518987147
12  55  251.99891720407609
14  73  225.26207109347129
16  63  260.83137922999884
18  67  236.9191931856208
20  62  173.1625209213297
2  20  175.50296296706517
4  66  106.36854567936147
6  85  83.685137855271748
8  69  192.82747506023608
10  68  201.47094201238832
12  56  292.01823529906056
14  61  244.41804718848576
16  76  165.6572937884886
18  70  247.81501033180228
20  84  132.43919308551784
2  31  122.86174666098151
4  72  125.1151583912289
6  42  230.97387463095578
8  45  257.69618360725445
10  47  306.8838019361238
12  73  210.37217038539481
14  61  281.94817113915502
16  72  244.9961473398225
18  75  165.53830089441112
20  61  319.80663053301146
2  23  100.99999999999994
4  54  192.73133891987888
6  33  193.32810566731723
8  64  228.59238649721473
10  66  186.48753029026358
12  66  225.9347688101094
14  42  389.84361612912966
16  55  288.00000000000011
18  74  205.42953986227926
20  54  280.44754607343532
2  33  159.126887957397
4  11  73.418400446335653
6  30  291.99999999999994
8  78  118.61642684288672
10  53  266.23419671217221
12  56  125.92426715559338
14  68  196.80869374576497
16  79  162.28362951038133
18  60  335.79857590553132
20  73  148.91104042199831
2  35  80.251692723198502
4  33  202.49270597696429
6  22  201.70720175454454
8  66  173.70518467074564
10  53  268.59170220292032
12  48  242.35788953481111
14  67  194.54197065494256
16  63  290.29637919680647
18  71  219.95889494149702
20  72  250.61586370950405
2  14  147.04365723612074
4  11  176.0
6  61  172.06222179779212
8  69  174.18120326839315
10  69  232.57667365331935
12  54  183.27043983073588
14  54  256.53017316233763
16  70  198.64551506263101
18  72  246.33959259734272
20  90  98.722126689989139
2  12  68.165524672049457
4  50  204.55475114325259
6  49  245.96733816464209
8  62  185.30882640396555
10  60  278.86481213389948
12  48  369.60668869541399
14  82  178.36269891682943
16  60  369.2123224121753
18  80  167.92981115613136
20  57  344.01142538871358
2  25  89.511741927952812
4  79  81.629825658638339
6  42  180.3979725798884
8  63  172.94388407455327
10  86  116.79895723670043
12  77  167.73401636064065
14  79  154.24400963481969
16  68  238.2803530589745
18  41  413.00000000000017
20  80  185.16856442724128
2  41  78.888000674580653
4  30  195.6546132451561
6  74  144.87258194112025
8  37  287.99999999999989
10  52  213.52491481396632
12  62  265.6564306844158
14  91  114.34061049189491
16  69  278.86500828672365
18  79  174.39556521395903
20  86  143.67865127114484
2  15  151.00000000000003
4  43  117.91812254729972
6  48  186.99999999999994
8  41  162.10998536251211
10  64  193.68691294925327
12  39  251.67242328330079
14  71  256.83356487737205
16  79  174.69774317689132
18  72  251.18523592888241
20  66  252.59969321342282
2  36  76.236142475968563
4  68  115.45122313102434
6  36  285.61920531418673
8  63  237.29761333141744
10  90  88.510127229642492
12  72  197.52599896894185
14  87  122.60650289764779
16  70  236.34313589274632
18  92  83.656614317548062
20  83  187.73332529343085
2  48  77.268696683168756
4  41  142.93302203552011
6  64  174.66653413766835
8  26  333.70215202804934
10  57  337.29207256310934
12  39  338.80230378591756
14  59  239.953354589724
16  74  210.37648946105423
18  71  216.02493284217701
20  66  302.60806542724185
2  11  179.00000000000006
4  49  140.94067857903337
6  30  232.20920897967054
8  37  246.89985863673158
10  72  127.40288327377944
12  73  196.31418177514948
14  82  111.42174482845819
16  53  257.66127146749551
18  71  245.5527937356384
20  67  221.31384524688741
2  33  67.885050117477448
4  44  177.12511350361873
6  36  113.76390188100628
8  55  162.9214264036253
10  39  309.34062053578293
12  68  198.30257240788342
14  63  197.24372705228953
16  57  368.89089767107026
18  73  213.63574109085667
20  75  175.47533797899129
2  26  142.90004138717291
4  20  174.23120297279081
6  47  162.46091497399968
8  67  176.11628022175307
10  50  252.71881990616257
12  56  282.02351331059788
14  55  323.26156448910717
16  68  280.30194317837601
18  75  227.56771914032447
20  68  293.98509095042635
2  22  137.74433061783122
4  31  192.77526415933195
6  27  78.917398905810984
8  51  266.91876692492207
10  63  214.5782451502354
12  60  275.36318238828369
14  64  274.27080602829182
16  66  251.96698325566345
18  76  241.88555055024031
20  90  119.2021381609416
2  6  187.00000000000003
4  16  97.141773253354785
6  36  158.99280722229963
8  60  212.95951014092992
10  61  234.89196742714751
12  67  201.03515277480506
14  70  207.22254824629371
16  41  320.39562199612214
18  70  273.56955811112471
20  60  315.02890729064109
2  32  74.661582683427326
4  30  164.51121032508121
6  48  276.6710027825049
8  67  192.19798820395633
10  53  232.78359807635422
12  69  120.91188691664199
14  82  176.24422292182354
16  58  321.19251899869499
18  61  259.54356104421794
20  68  298.02424383164271
2  27  90.625906134289963
4  49  100.53167665432092
6  27  179.13503226682084
8  72  140.93414988223051
10  56  225.29681712959587
12  71  163.75179529588107
14  50  239.77861618314094
16  73  222.51230937753849
18  70  273.47097990930541
20  78  207.25130065549874
2  0  0.0
4  44  165.6018630937553
6  38  333.73583902258986
8  69  108.34760915757339
10  24  497.37322519857565
12  69  167.73836600523438
14  73  178.1571289077298
16  69  236.23266912390937
18  73  213.68876189111839
20  84  124.12401745692699
2  27  141.54332109974135
4  63  115.5506866757357
6  74  127.28592245995311
8  61  204.46861366806041
10  46  359.40831244060047
12  69  227.64419762769015
14  63  200.17942860756227
16  74  177.93905988691603
18  65  213.33931174255497
20  95  75.10874967860795
2  51  53.953641390696475
4  58  134.97569669446335
6  68  153.65560846171425
8  52  134.90995187002679
10  61  193.84569076142083
12  62  241.90884292417573
14  68  207.95018619702103
16  57  338.42700224535889
18  67  258.00256172262306
20  50  369.37360584333163
2  21  120.00000000000001
4  65  137.47859754661312
6  68  176.29573148859143
8  77  119.0638789621417
10  61  207.27210295293924
12  54  280.28665420290878
14  66  259.08154248458368
16  83  175.75458511884142
18  73  239.7549660546093
20  48  384.72921889031966
2  64  90.407465397222964
4  20  54.153387103196671
6  31  281.88362470819868
8  50  248.29037309553382
10  61  226.70921362882822
12  42  170.72819249111546
14  69  266.03520200021467
16  65  260.88995556546939
18  74  207.3103666761566
20  86  118.66132049188631
2  11  101.00000000000003
4  28  193.21264506058165
6  56  155.96681854792453
8  48  277.99999999999994
10  65  211.18915096569026
12  51  364.20304227588275
14  62  292.30116606917903
16  56  277.08556313662672
18  83  143.85833840195417
20  72  235.93423020348874
2  30  165.97761443904142
4  16  105.57896886051127
6  54  167.36491530172765
8  56  207.02683776475357
10  45  316.27942297556388
12  72  208.70627574469432
14  65  269.40272064951631
16  86  108.78770289340508
18  73  183.03014101842203
20  76  204.65798458901384
2  9  183.99999999999994
4  58  152.50609896666685
6  52  175.92112170796125
8  69  142.59044437322143
10  56  294.64129860523673
12  45  234.61472604936202
14  55  262.59291560033461
16  86  148.93446944085741
18  69  235.75769733268339
20  78  200.36169283771144
2  30  23.78852791574171
4  24  130.00226558958448
6  43  143.59028852285104
8  40  237.78683271461526
10  52  230.33691277927957
12  70  183.28032160865067
14  47  299.98977078109499
16  66  247.32711025542753
18  69  234.60860751377984
20  82  168.20422579656295
2  30  112.10857626891139
4  45  135.98305757247505
6  59  163.41733470141151
8  51  287.03703380146908
10  64  243.0012620069148
12  75  189.6795049915155
14  78  203.57512796359885
16  75  219.83295709937923
18  63  300.23990211417367
20  75  181.94355977588941
2  43  123.69519105343565
4  36  223.40459579867917
6  44  195.75974630142866
8  34  263.00000000000017
10  35  234.99999999999997
12  65  293.31404729800852
14  93  92.641912345378017
16  80  197.75203070478796
18  72  216.52137231023715
20  65  255.52553359659919
2  25  59.781895312206267
4  32  194.63291212529205
6  37  277.55732950217043
8  61  168.24616464295133
10  67  182.05688635592043
12  86  110.73048867779012
14  66  200.58500404882076
16  69  212.07703284420955
18  50  427.44282142784289
20  79  198.87978498691706
2  26  140.0
4  20  224.70295551451247
6  55  72.435227217421982
8  28  285.99999999999994
10  56  265.41467368156668
12  41  432.1939826284551
14  42  224.60483268333778
16  78  175.9755431154388
18  72  267.5383574489635
20  65  304.06285538015771
2  64  98.424609313867563
4  44  160.34355806829836
6  67  171.80153772954122
8  43  291.59206271030638
10  64  175.01771768741963
12  68  191.34745041242425
14  77  191.90704793820711
16  72  218.92571596962202
18  83  159.8210811907413
20  70  250.3843162694217
2  37  113.53667208918384
4  28  144.9074517144403
6  27  142.23994063708307
8  54  224.90256307210842
10  74  167.59417205826034
12  66  206.66069729467324
14  72  238.15720797669815
16  55  306.51290265686964
18  85  145.31410392987479
20  89  130.57067697823987
2  22  111.0
4  51  159.11890376182131
6  62  155.29787541034776
8  72  109.57832199726759
10  55  229.81374297792806
12  68  200.46417575905002
14  75  220.59418990472693
16  70  272.13516348401203
18  82  132.06460930841521
20  80  190.33193864531933
2  16  148.0
4  32  80.880230724364324
6  22  214.81771014300313
8  60  210.22749875061658
10  80  125.90099966995378
12  62  226.10904656756784
14  68  214.00007420644198
16  64  267.95747606804287
18  83  169.50190523583015
20  82  160.29682879335391
2  15  141.89030662201077
4  18  50.634129329278963
6  43  218.66394133523283
8  78  121.75892339072738
10  50  254.10210657602761
12  57  349.2478585724981
14  61  247.48679904398796
16  79  149.63520178760436
18  62  231.50855621295693
20  80  187.07522453002966
2  0  5.999999999999992
4  77  92.879232594827798
6  66  153.10247013405439
8  48  230.51493580029955
10  40  369.80240068225038
12  72  194.58842560984564
14  80  164.42927170907262
16  67  239.23343667807686
18  63  325.68406876837975
20  74  201.17782896253229
2  31  50.031888349524195
4  0  0.0
6  24  318.93791024051421
8  41  175.68979191095318
10  74  231.68701710615204
12  55  326.23256092941614
14  32  269.06315248918469
16  68  274.18718304544149
18  81  182.07071617882164
20  87  134.68195631143229
2  35  103.89437289868445
4  65  98.307438967038507
6  35  200.00000000000003
8  64  211.61394782092387
10  38  269.49287816754986
12  63  260.97984999484203
14  82  157.33175136247448
16  58  346.50547533020438
18  83  158.37775153835088
20  74  224.23008610339826
2  13  119.00000000000004
4  43  162.51242702641645
6  50  248.4861239403333
8  38  157.4116793158538
10  71  226.50423825813797
12  40  286.50963756006519
14  57  247.97825957065589
16  59  212.9411090507642
18  68  237.07978149833735
20  68  257.17723169766498
2  15  27.242021664724966
4  59  148.58808272310853
6  54  189.31435687536606
8  45  240.01911114043915
10  69  222.97129040216367
12  57  250.76539034777923
14  69  237.29125436068162
16  70  254.83400808387978
18  54  318.82672904721846
20  66  203.05730078430511
2  8  99.964707794169556
4  22  89.141176013097748
6  62  214.75921799604743
8  64  195.5454615496725
10  78  107.64333096885713
12  60  270.37974963726595
14  68  269.76273705418714
16  81  164.74801589381269
18  62  305.96861212743818
20  60  246.56233113431921
2  9  179.0
4  60  180.14780554829267
6  54  162.14209546307058
8  52  218.71554794575567
10  67  196.05506007298035
12  56  229.44911654429546
14  63  222.93327124095586
16  52  287.14325582134444
18  65  272.93340177761246
20  75  251.53786719950841
2  12  121.0000000000001
4  36  222.5346874825598
6  26  311.03676795497989
8  61  226.79646334198426
10  68  162.28168006601288
12  76  176.90851451361377
14  68  227.39497238418289
16  65  233.9249933026274
18  66  236.85337584400341
20  59  358.91290275163459
2  42  128.81221722996872
4  42  147.90965457741299
6  37  203.07320297824157
8  56  180.19236286879652
10  62  276.84805792433997
12  67  189.19453011551869
14  65  260.87212101493395
16  61  335.69361240262032
18  53  332.24041213086605
20  65  311.88821371274361
2  24  124.00000000000001
4  72  107.79320064722582
6  35  262.91887565308332
8  26  278.46704249173229
10  68  197.46492081247777
12  64  253.13689775663713
14  85  119.96088854772171
16  57  368.03804612185326
18  60  273.82548527268176
20  70  219.06431275584228
2  17  36.027405686641977
4  28  130.92317831308759
6  35  274.65682635263772
8  50  235.48988650303681
10  62  223.33990650188835
12  63  245.90556770241821
14  58  383.92308624062156
16  80  160.64731509467305
18  66  254.81499280835715
20  82  169.9825411951029
2  17  99.999999999999986
4  21  187.36712996852043
6  66  143.52176302407858
8  71  179.87585122780132
10  61  205.57167491361528
12  47  263.27801484603856
14  70  238.13922484088852
16  62  260.450667574769
18  71  249.96756569405031
20  55  348.34933779832636
2  12  111.00000000000016
4  38  176.7282779934545
6  68  109.28669174379108
8  53  222.28867115223838
10  80  145.36728970438855
12  72  231.05787210609648
14  76  159.82804181255204
16  64  294.34868129635339
18  77  210.00359912438273
20  91  94.789189158523641
2  18  62.675942152997806
4  41  175.14653526406477
6  52  65.676981314158496
8  47  193.33544859667805
10  37  256.59848084975795
12  77  178.00000000000006
14  53  216.79713229703177
16  87  134.00450365006486
18  80  161.77753068350262
20  80  195.70997091111971
2  40  133.97315914632981
4  35  107.5223982837522
6  39  182.33396715973089
8  57  153.64913450990946
10  46  224.80710692782588
12  60  259.93367513574344
14  59  280.26063514237421
16  86  144.12850135673688
18  76  144.65168005300282
20  83  133.74101483708455
2  20  107.56071559138229
4  30  143.5308117835929
6  30  220.00000000000003
8  72  180.32477278546392
10  64  218.13780375816333
12  67  252.07652064056126
14  82  132.68544710047556
16  70  279.63179083577825
18  74  257.57054459706512
20  85  115.85308039509312
2  31  84.969210173633101
4  58  75.652691595826099
6  52  180.92017538406333
8  81  90.584960192712728
10  80  139.26081140917589
12  67  233.92020882660367
14  69  204.61459364915893
16  74  183.81710152622384
18  64  326.32820548981175
20  67  271.491669522341
2  18  136.00000000000006
4  33  127.44651974301615
6  37  178.31693266615599
8  35  315.3476098892433
10  41  257.57860431037614
12  78  146.31208117080428
14  72  206.91867208405114
16  83  170.51078585113885
18  62  297.77039148173128
20  72  257.6277339678046
2  18  112.99999999999996
4  38  260.04624601896631
6  33  253.18616687249636
8  53  220.11363213805606
10  64  233.83714696508139
12  57  327.78330337349252
14  73  154.90443632606767
16  76  169.31733730222376
18  81  188.18016448119312
20  71  252.96025040534491
2  12  68.000000000000028
4  11  131.99999999999997
6  47  169.57626899789764
8  22  141.78262688309547
10  47  270.61179843146851
12  79  163.90465592748228
14  70  204.93187437893758
16  79  202.17432226705711
18  80  155.72970532613886
20  68  272.41436983489001
2  12  144.00000000000003
4  31  120.7262749675597
6  48  184.93198577382725
8  25  251.99999999999986
10  66  158.52508291899855
12  60  274.03778988032263
14  64  271.79781176256239
16  53  411.87899675796024
18  80  156.20468697564166
20  63  307.10799069671504
2  29  117.77303344370392
4  22  133.35507839356112
6  31  156.8098336980475
8  74  122.96650838403748
10  44  270.03757761217105
12  57  257.17565517548951
14  60  268.32380601904919
16  59  248.4939735126554
18  80  196.2397344954484
20  89  103.05059271985826
2  8  142.00000000000003
4  36  194.90644830902227
6  53  231.60726229274439
8  73  151.21771110169149
10  84  108.34416995215402
12  56  225.3259153669548
14  75  116.1052865028979
16  68  260.33684837085752
18  64  294.50393211688009
20  59  283.95622910767088
2  13  114.2146668649884
4  67  145.33152148411835
6  47  194.17876441710661
8  69  162.39035465358572
10  89  96.842507062755146
12  76  96.335084412773796
14  98  51.787394056751822
16  49  304.20982192582164
18  72  232.84830014133817
20  65  269.98756356701199
2  20  78.635624094980244
4  0  0.0
6  40  177.61130971598487
8  58  195.92907342335937
10  56  263.33005505688959
12  77  157.43665661824647
14  52  377.62462275615633
16  59  268.35630513911298
18  93  86.759811095547576
20  66  256.56998164125872
2  31  95.133643040452114
4  47  131.4919304824561
6  38  253.14707652400099
8  87  86.551031990651296
10  74  178.68594506848214
12  71  225.5406968934991
14  53  321.61367602905176
16  79  210.09460121980379
18  75  219.49750059440714
20  82  158.64303251811802
2  0  67.999999999999986
4  37  201.16006288379697
6  54  198.62866888473391
8  49  216.93324136414302
10  53  217.92939179325694
12  66  263.25848011498761
14  66  227.447619605548
16  52  332.30774736841073
18  70  219.24190630411312
20  92  119.53274067036901
2  33  154.30856174986008
4  27  177.25924584507055
6  54  94.553655473924934
8  47  201.15724861456053
10  27  329.11741292616591
12  60  329.65192391360222
14  63  258.58313941487478
16  70  199.19728574082851
18  58  317.02771415025342
20  61  325.55526931495183
2  14  161.99999999999997
4  48  125.5568895116581
6  21  231.98072167540411
8  37  314.02849680252206
10  71  223.08904010385254
12  68  217.52541879693143
14  61  295.44425235714698
16  54  313.8033488364548
18  80  139.12231427883628
20  85  161.03684705234119
2  33  128.15914711160227
4  54  112.47431801316037
6  45  150.60070126249562
8  43  235.87450790824764
10  59  240.52224445514437
12  70  220.37543167188414
14  70  163.50334630229565
16  77  184.5359478762239
18  87  135.70114344041809
20  74  219.20290511931688
2  52  115.15063667779482
4  14  107.98994376554336
6  29  278.00000000000006
8  46  229.51692378719079
10  58  234.39628595442255
12  38  272.11941441054887
14  76  210.58808461668758
16  74  244.53988781061594
18  71  135.73277185629033
20  74  242.0849802839123
2  8  100.00000000000001
4  56  162.74864806486451
6  67  142.50689766152908
8  44  179.65428213728535
10  40  272.23683246548785
12  96  53.896242875039796
14  83  153.19534779423415
16  54  370.10640116538144
18  84  145.17959060951176
20  65  285.61118217464428
2  0  0.0
4  10  255.0
6  32  284.2761814457948
8  79  141.29343211246714
10  62  261.9657163810644
12  71  210.61408475583229
14  82  159.24683387476065
16  74  212.8280179858898
18  68  283.29840526219942
20  71  208.32084363799248
2  17  177.89453800554656
4  44  214.73420746509538
6  40  153.4844684862054
8  26  312.99999999999994
10  80  140.3067689853487
12  61  295.94234566350201
14  52  266.00000000000011
16  60  287.36997551103161
18  80  163.40375024913396
20  63  306.52541494000621
2  0  9.0000000000000089
4  60  73.850957842827199
6  63  172.55218738461861
8  50  213.856383789755
10  49  288.37518153040679
12  78  152.90687165683875
14  66  227.19359324998962
16  67  242.94665648024804
18  72  248.39159443410259
20  58  388.98776738820044
2  30  143.31329921286959
4  11  100.0
6  35  197.77260281690056
8  70  134.11900762913467
10  70  138.64977319220867
12  40  381.30278133683925
14  83  120.2728294351697
16  70  219.84092955084998
18  54  300.26100312505611
20  69  214.28180689358709
2  31  120.17004483143052
4  16  214.34391189881384
6  45  151.74098051221378
8  61  80.681917472347152
10  51  248.80966045263983
12  55  264.81676593250995
14  41  364.89618731795224
16  42  272.59538121442534
18  57  333.43107307773545
20  70  253.00000000000014
2  14  32.730029196036767
4  32  78.061314761969541
6  60  168.98700640526803
8  31  313.80810564949297
10  58  250.91273359360289
12  72  193.08947000727005
14  73  204.53432560307533
16  76  193.37851228218443
18  55  316.1902537909948
20  81  169.39794082172412
2  29  153.94844961985106
4  21  156.82328314578282
6  42  331.77872127471056
8  62  221.91425761621289
10  49  298.75985799103131
12  66  182.61952288070754
14  70  278.99346054058663
16  61  336.68905091436028
18  41  367.99999999999989
20  76  192.91390217758172
2  2  18.000000000000007
4  56  82.88356292325895
6  60  142.40184735341685
8  52  235.57675000080411
10  64  207.19370807294004
12  69  159.28478437619802
14  44  429.97699073895956
16  71  256.78831920821398
18  66  219.12772716734088
20  75  220.32616795493789
2  17  139.63986755099697
4  28  267.12565374510217
6  61  141.58061696332669
8  71  103.19871487466165
10  57  281.32682102888344
12  57  267.57661515515593
14  59  156.9800562477613
16  72  256.64331813407489
18  60  256.64205517927593
20  83  174.54459541621924
2  27  96.753218947066344
4  39  193.53212559390485
6  47  233.36569586938251
8  56  195.19251143797825
10  57  178.95311511370528
12  78  164.38576232677056
14  47  388.68301916921149
16  78  197.56884513393061
18  69  202.64373775163523
20  67  247.17011560530847
2  28  94.602687541016621
4  24  194.2274623721128
6  46  209.97300409300391
8  33  252.15034149902218
10  56  268.07427884384987
12  43  278.67811787794227
14  74  203.61527105983512
16  84  162.04181222728147
18  63  276.24241983168986
20  74  256.83072381875104
2  0  100.00000000000003
4  28  241.0
6  29  176.83304026207878
8  74  145.65983820839011
10  90  73.266979732854935
12  80  182.07837510664476
14  75  160.24354325777469
16  67  290.71361063179666
18  66  263.93809976802766
20  80  171.19691243572191
