2  14.0  172.17814203233971
4  34.0  292.48917517854358
6  58.666666666666664  366.17882705917049
8  58.333333333333336  330.30117542809381
10  78.666666666666671  335.16050907683012
12  45.0  530.19149178957821
14  61.666666666666664  577.57350365640696
16  73.333333333333329  423.90757411952245
18  66.333333333333329  678.72635500839885
20  78.666666666666671  467.02971572954533
2  22.333333333333332  104.45734429258469
4  49.0  260.03966570746121
6  55.666666666666664  359.39941487695495
8  50.333333333333336  349.4422245176969
10  69.0  373.51779651232772
12  81.0  315.04494023145401
14  77.333333333333329  445.99460073693302
16  87.0  342.69278087012526
18  79.0  411.49076098980845
20  91.666666666666671  337.07936960125704
