6  44  180.77308828420411
7  71  147.14827294237844
8  79  137.55645352927246
9  100  65.804855559866425
10  70  204.66420566174557
11  48  303.7056855420243
12  91  108.04328737211738
13  77  228.5084287964693
14  100  58.306994206538405
15  57  381.47312657103885
6  84  73.685974463726282
7  20  177.41404080698595
8  41  160.76666277904332
9  78  110.81418845964906
10  92  77.942874908357652
11  93  108.76838567627522
12  93  94.766655100533299
13  92  100.94446518906901
14  44  258.90888506497981
15  59  328.49814633297638
6  89  76.372402507188937
7  54  272.77034507118543
8  46  118.39462867840187
9  71  164.10240374347731
10  60  246.1330484501118
11  63  146.01163687631495
12  57  312.59082315879311
13  79  157.5053327403659
14  66  327.37424066146065
15  99  53.391928831288126
6  84  79.353769819251269
7  76  90.848825556841149
8  77  93.070481967872823
9  67  186.24805395182881
10  63  161.26815870245792
11  90  112.6283631494769
12  75  156.46083048967392
13  49  285.2365985852195
14  75  227.69453813778867
15  83  150.60372951052977
6  31  124.72735504862169
7  39  113.89713905357395
8  92  82.793282685354342
9  39  270.98490756341221
10  67  241.40240447896306
11  97  79.993867766495327
12  77  159.61915533046704
13  77  187.46170419310923
14  58  329.65486646586515
15  97  65.175441717131591
6  100  72.462055767151142
7  85  75.106793883965267
8  97  70.534448167188273
9  75  163.74294926118347
10  71  184.20772310782473
11  100  76.021672007708617
12  89  90.532902866743598
13  90  106.4986787314846
14  97  77.645476027941754
15  93  123.14626849033949
6  71  100.15775962263039
7  78  109.4413053521225
8  56  166.08461075737961
9  65  57.794726019200425
10  55  180.63278347263929
11  75  204.41163285762991
12  78  174.18902271937938
13  59  349.14199520566689
14  95  102.57563971696324
15  70  264.15166556756066
6  90  82.986165569527373
7  44  125.8448010847337
8  54  235.09450538515776
9  46  109.01779838339851
10  63  140.87805327578752
11  99  70.060586016482418
12  77  172.35675006123776
13  96  87.006216488063885
14  86  142.49097854053835
15  90  107.35490523502889
6  38  166.60321517899098
7  63  135.03931029964698
8  55  186.88331325180903
9  74  171.19982840627225
10  78  208.09137101289326
11  63  252.70293431910238
12  85  149.65393993821493
13  93  103.3567443527397
14  80  203.51984284135978
15  97  87.293749288745872
6  70  67.99042446727448
7  80  57.416437023903278
8  81  120.40537086519087
9  79  104.81664359138395
10  43  314.82859590015278
11  81  130.87804806151345
12  65  157.69781014464817
13  79  174.56248130152332
14  91  107.86829357155999
15  78  248.76663020698842
6  55  138.62575268420025
7  34  92.426324615250152
8  71  147.85873350955654
9  75  155.76239599312544
10  92  101.21621697454384
11  84  140.11244986940292
12  71  116.3972569560554
13  75  134.43750257873009
14  72  268.15751554090724
15  100  66.241143946789364
6  44  163.88697009673911
7  53  213.55352184976138
8  84  103.10419041323291
9  60  201.41496284955127
10  90  128.88184357426258
11  77  167.79240465166677
12  87  88.643831793772222
13  82  188.5078006379392
14  78  175.8509607192934
15  95  102.84200099720023
6  47  132.53174006032353
7  81  117.74141283149221
8  87  107.30715835942112
9  81  123.32704558176565
10  78  148.68515305686284
11  92  116.24306813631654
12  88  142.64708670300112
13  98  79.865427659382931
14  91  74.672379426523392
15  84  169.98144257268953
6  23  180.48451141906358
7  74  110.17366154109334
8  42  247.48770602584511
9  51  266.92122641875596
10  56  200.57711458586007
11  84  163.3134419388621
12  66  185.47560226539051
13  88  113.11932432455872
14  92  114.77440891530566
15  85  181.65076331740804
6  44  123.33584210328121
7  39  266.5174154999832
8  55  178.04404234001242
9  70  152.50492850318716
10  74  196.63669944191801
11  100  48.029761186189219
12  79  178.44823173291482
13  86  173.48348174935654
14  100  53.721747477943133
15  89  143.0409786990939
6  61  175.22896349368301
7  77  105.11933489345678
8  86  93.755582991955251
9  76  149.52618429783391
10  46  247.615243899419
11  67  223.11137633483818
12  79  203.85401810752481
13  86  148.32932504262081
14  65  236.91309215472225
15  100  57.600072276132138
6  68  97.886434714046004
7  66  69.75671368741996
8  60  152.17130965181852
9  93  70.057171572909326
10  52  45.564894498680879
11  87  146.63614746513235
12  83  143.64755423755545
13  90  99.208801085782682
14  79  132.71426832656638
15  80  199.13051919330945
6  20  138.35766979688199
7  79  124.35968485676598
8  32  294.82688425544529
9  78  139.55972236984039
10  73  170.91131790317118
11  34  374.13866663654937
12  83  127.40515637517487
13  81  191.53373480132751
14  72  279.56075163892518
15  70  226.22130695714731
6  51  224.57397774858765
7  42  103.77809811107915
8  47  247.39369093734334
9  84  95.157911118745261
10  54  250.12794468434208
11  69  209.97145118145411
12  61  271.16187401634539
13  76  188.15534555317524
14  85  178.80071861548041
15  79  197.48050628142011
6  56  147.67827774368772
7  71  143.42886521563645
8  67  166.389258700688
9  60  217.77339638848363
10  52  227.41735250335262
11  60  181.19853464039861
12  67  245.65559565226937
13  100  54.820797263187863
14  80  191.55375067886277
15  80  208.44556150202015
6  44  200.99416763012132
7  47  144.69065502368059
8  70  221.11723266304941
9  45  162.3699301507381
10  82  164.39421202881059
11  69  196.80638405849027
12  91  84.02090713382745
13  81  187.82735142243706
14  95  105.51445139537154
15  100  32.33335509026714
6  7  145.03541096538083
7  82  81.554662919538785
8  74  138.07064197019125
9  76  159.89460560202011
10  74  179.29016702935877
11  83  171.73845177073466
12  95  80.365183952286174
13  90  144.10445008049481
14  72  245.13466157468275
15  100  66.189809381470127
6  27  145.65989843270276
7  81  123.20368542712997
8  66  182.65816529541516
9  70  151.63673405680177
10  82  139.50154174672369
11  100  49.969071803415162
12  60  188.17873605217119
13  65  270.3375467718634
14  85  172.17456848503554
15  84  142.8580306662414
6  10  135.43232657080335
7  77  89.791344676819136
8  53  202.54763022735068
9  47  269.50506886767471
10  78  119.1011620763891
11  84  145.61310098648227
12  80  160.47092541562219
13  87  141.95144279496211
14  65  330.39726452023143
15  68  252.16277811048772
6  80  108.75171220884341
7  47  162.96622774319678
8  59  187.4678576342497
9  18  175.04641049104686
10  69  162.09632177434713
11  94  83.231404379048357
12  74  198.72514079606711
13  98  73.177847041401577
14  65  280.67792083792432
15  69  274.99436948343237
6  45  166.11864114121181
7  75  143.62665463080589
8  85  118.70594395649812
9  30  382.94899829357752
10  73  109.29488823452617
11  99  46.536951448750898
12  76  215.78107253990396
13  100  59.693155805459625
14  82  166.53223870680796
15  90  115.56627283047062
6  14  145.4170509990212
7  48  178.71231878007382
8  63  179.09306640574786
9  31  154.57543841536284
10  69  140.18235404752284
11  99  77.075518782468777
12  94  92.905954873208756
13  92  115.58189725781193
14  82  196.82861423579817
15  100  66.150003215987738
6  45  144.79838099102585
7  76  104.48160466430322
8  72  116.80872537493319
9  95  81.67013951573928
10  77  169.79024444649355
11  76  136.23208591143526
12  79  212.70288312526964
13  92  101.92907434437801
14  85  160.48684776738293
15  65  238.77097650652217
6  45  227.45392679923305
7  42  226.30897847675504
8  45  193.65726975160283
9  50  258.9561728730888
10  66  209.90115150062465
11  91  89.530101026536244
12  83  160.4145262273957
13  80  165.13804837305995
14  89  98.381581541399214
15  91  132.37736172808954
6  19  240.35425927587772
7  88  74.112065701724475
8  27  195.97837401567614
9  33  155.87320490490205
10  80  161.20139556549532
11  65  307.41930443889453
12  61  246.52342675212859
13  82  133.93692897738592
14  93  109.33304445417735
15  51  280.44601034818834
6  44  133.20045493091811
7  54  179.2652907216239
8  76  161.04658635672476
9  69  124.54304926948603
10  84  139.1594867881285
11  70  216.73354111413954
12  90  128.14769999181183
13  73  201.25619253118606
14  95  94.706406422201511
15  97  81.926137367228421
6  74  115.27804454392563
7  61  135.70977560596671
8  100  55.781137735037113
9  81  151.23248894607724
10  72  177.74547375176633
11  67  246.44122564595162
12  70  201.76018688278359
13  87  129.15232434669181
14  96  76.872083969978178
15  77  192.03179206135152
6  65  133.1353917373591
7  32  227.91693709962428
8  69  154.90835561978434
9  38  252.16098954507203
10  38  361.83584675543528
11  82  169.64113246453749
12  68  198.67463192817235
13  79  182.71445040466756
14  89  148.89679808453135
15  93  103.55214018996233
6  88  77.375271532899987
7  49  129.84673446855402
8  76  133.51937235392813
9  73  185.89957828198268
10  93  87.78212423107567
11  87  126.08772929263895
12  86  133.3203417057189
13  93  92.900702968640985
14  88  120.58052804278871
15  88  139.86681656770116
6  33  179.45878274412635
7  66  180.62726994974994
8  61  222.84899802695006
9  84  99.083134853710959
10  69  180.00664835693129
11  53  167.76651648082213
12  63  351.73910770687024
13  67  237.70568290045892
14  75  245.94313815015238
15  100  65.806438983089265
6  15  71.465313687049616
7  20  354.52256025688064
8  82  152.43865646869685
9  45  240.72982786999361
10  79  120.78546325295476
11  86  153.77586479580981
12  57  243.35684222317991
13  86  156.62698360825996
14  88  123.06279326667553
15  99  71.665001467885972
6  59  119.98305398511756
7  66  125.07944086153907
8  56  230.6077463222868
9  90  112.16246599942707
10  80  157.6105432835235
11  72  194.49739938869865
12  84  152.75445007767138
13  90  118.5772119487003
14  95  67.13331637164066
15  86  152.56056695538317
6  45  87.137718256573265
7  8  187.27787919605669
8  65  193.25585355279588
9  95  88.17308734084628
10  61  187.80335420060331
11  70  148.74761038772843
12  87  123.71176298006957
13  83  150.93553890027232
14  62  227.57352147495018
15  93  131.3830829751289
6  23  224.19322398242659
7  44  201.47325566398584
8  47  189.56635489717419
9  83  124.80831904955807
10  62  182.68626413096084
11  72  171.22547540210525
12  77  169.03364885821455
13  71  226.09676441750781
14  97  78.829343148801115
15  95  92.475809511388874
6  22  243.22886563523423
7  36  211.14531326278313
8  67  190.78206133971358
9  68  219.3282242070043
10  87  112.02075951347842
11  96  75.816154368876283
12  85  141.05165021762224
13  100  17.670894541242298
14  98  70.137714667968496
15  87  155.00233607153919
6  38  204.36771201618077
7  63  195.34511374357717
8  70  174.27751212131344
9  75  155.9935495194683
10  59  139.45035755126926
11  84  129.64985889275184
12  69  261.51953945125183
13  89  152.62666282547116
14  81  195.77758580105083
15  84  177.60770363244976
6  33  222.75101818862962
7  61  110.41857280957804
8  84  98.139104383970547
9  65  190.10244626006522
10  53  242.87539448853741
11  61  266.1932457533585
12  55  247.05327814471156
13  83  148.18464039023564
14  96  85.094209970952903
15  100  49.136863917797271
6  46  143.5711996183162
7  86  114.3220221555582
8  76  146.74081756142951
9  77  134.42190407855597
10  71  165.63613186226931
11  81  129.48196039385121
12  68  265.12517772092713
13  90  137.38959706255244
14  100  47.820249238571741
15  89  130.54194388088493
6  51  134.83390231328525
7  69  188.10211381817078
8  58  187.26497077865804
9  65  147.24460392387238
10  73  127.35143741018011
11  84  125.37681389530674
12  95  82.608402973806975
13  73  169.14592577437506
14  100  43.8518246240099
15  97  91.516859494381322
6  67  132.47065175527536
7  59  111.04908349029132
8  93  87.26260624870163
9  64  145.63357716956767
10  82  122.42009186155242
11  73  126.34579862919638
12  74  248.11671521652536
13  95  61.297497416649364
14  60  301.96494535068695
15  81  197.83245123174072
6  100  75.359500338642192
7  29  147.40309748716692
8  52  130.42537559870797
9  58  204.50824171549897
10  63  130.80667218825553
11  54  201.6317937832151
12  96  79.469412430739553
13  91  116.25620452178167
14  85  147.03905633394317
15  100  66.504207331599417
6  99  66.859512595009804
7  62  159.68220846388567
8  31  307.6950645886684
9  69  186.82619654175539
10  60  194.09402240177457
11  95  78.267003373305243
12  96  73.725283675079282
13  98  75.233190852886935
14  90  137.13181671797923
15  100  66.82170929960634
6  7  142.350197973576
7  88  100.48923766189627
8  35  220.73498991003598
9  79  115.34359883107376
10  83  151.55738716638601
11  82  165.65316903664009
12  68  230.38169714194845
13  68  129.8536234916522
14  83  163.50668812460478
15  97  67.760530995071591
6  35  138.09935336005532
7  73  161.82066791357568
8  68  116.59563243887982
9  53  265.01797092783187
10  77  129.17304110477005
11  80  173.09730906975852
12  64  214.48805727523271
13  95  80.669824931721294
14  81  160.85349493315456
15  89  154.16581748610088
6  51  188.74477221517139
7  60  170.71587060205144
8  74  101.82185977658931
9  51  275.21314788650835
10  69  169.05535865390675
11  80  144.61429157942996
12  89  117.12678639452234
13  78  170.87209747080067
14  96  94.72383260159944
15  75  219.94671725841465
6  30  197.61794467931304
7  55  166.98089421584044
8  72  151.93875166950644
9  42  252.46063604268483
10  57  218.10019304486241
11  67  313.40332489985821
12  81  153.63826446234597
13  80  184.95870980187482
14  85  169.71973901676515
15  80  161.30453281205442
6  60  150.64019169269517
7  28  164.40637621980409
8  64  180.29993570133863
9  42  138.20702968200962
10  85  113.93188664461394
11  95  87.475877483886904
12  82  150.11281175659491
13  93  100.22487797304021
14  79  214.92366966703517
15  90  103.54356858097159
6  53  178.63138680731024
7  72  105.95555997648475
8  98  71.049061114533131
9  100  54.400020906712939
10  67  189.11308036345849
11  98  71.007025104600558
12  100  41.328934582842749
13  100  81.046526534408343
14  81  151.17995087021637
15  94  92.186866663229125
6  42  178.43423839286649
7  46  175.14763296696935
8  80  147.18613517544918
9  55  214.08030324399678
10  96  68.088763412036585
11  66  183.0037041106728
12  83  131.85020063213793
13  98  80.591987599964384
14  93  105.63480229831738
15  65  329.46341511967654
6  48  123.60058339520795
7  29  362.69577800663507
8  67  114.56886479250595
9  65  159.76262665178905
10  59  232.99994387346877
11  61  294.79161256275
12  88  126.58419038237349
13  81  135.24582349605816
14  90  112.06425303602532
15  73  245.65831236437654
6  54  112.40621250578199
7  41  104.688516766655
8  76  160.45873197959617
9  45  250.16367057976311
10  23  217.84625939195521
11  43  266.69227685519377
12  91  118.95305304458563
13  96  75.850274729094053
14  83  170.76328901785129
15  94  82.27826018681921
6  46  112.1400014947869
7  71  123.81776512599605
8  58  50.506206945992076
9  77  164.65668844114902
10  37  229.02826665952225
11  66  248.23320797694393
12  91  92.060700788789077
13  84  157.53806786916283
14  75  207.75269849389827
15  94  94.066004888817844
6  74  144.60317380352657
7  41  246.8968129320165
8  84  92.715789577045513
9  83  103.62679855802463
10  60  168.01200809783202
11  68  200.89823952744749
12  73  255.70574524752541
13  70  271.77103738780852
14  93  103.3350143232062
15  98  71.45725156319692
6  69  96.970452100664247
7  56  121.4672634082355
8  64  133.01929997710863
9  60  183.03760767820242
10  82  142.83882268529732
11  85  134.51177892150591
12  64  249.15438286110077
13  70  142.21044964326981
14  94  90.128611821643844
15  91  123.86818855826787
6  56  86.308874273551552
7  41  181.73227307797785
8  39  224.48288387665954
9  85  80.343572024184581
10  57  237.92010530071539
11  48  444.01367021651839
12  95  83.774367862706114
13  76  210.35741594514536
14  82  151.13943266846863
15  84  161.22789323054107
6  53  217.32796068261197
7  80  125.49673070815764
8  64  159.66773462632619
9  91  89.8215312181446
10  91  88.646602915708968
11  91  111.3200034683489
12  93  99.623850385185051
13  84  153.29595955130969
14  86  104.83674127187047
15  90  104.6486208029477
6  37  136.55008951984564
7  57  132.60484122016371
8  50  250.50727447348473
9  87  128.36724137721495
10  75  199.17401961636585
11  70  226.3439209114236
12  84  116.67328812889811
13  73  227.19498162729658
14  82  144.53267167423655
15  95  100.8912351900035
6  29  124.99999999999999
7  48  189.47137623564893
8  27  304.58956043360109
9  74  167.35105566359096
10  100  50.110098945754146
11  95  80.48966865641701
12  83  120.82358221673104
13  86  60.085856261405397
14  62  272.07708496212808
15  93  99.577050715619251
6  41  141.97375963321394
7  50  177.78615610878359
8  48  162.48486005534255
9  62  194.1771521415601
10  75  185.79162033211068
11  61  227.07688892516435
12  79  160.26300214561712
13  79  179.31946685594943
14  97  61.958278835251257
15  87  135.64493325773691
6  30  218.70324616476429
7  93  67.841691550565614
8  88  67.430310496309232
9  79  153.601619317097
10  38  39.233417896870691
11  48  288.85263489597492
12  61  243.77603023112167
13  64  226.2267921768923
14  100  51.046557178940787
15  71  228.3996133050382
6  44  158.75937683595916
7  27  152.31111240401822
8  81  118.79114236408621
9  70  105.27302209664319
10  71  114.15682466851317
11  77  171.22034641736084
12  100  75.853025413304707
13  67  263.2420577482572
14  70  169.72208484586025
15  84  117.36048347154036
6  80  78.0184285508427
7  61  167.20124727839217
8  60  206.73080494887205
9  67  213.20607599707873
10  51  264.17085526700004
11  82  135.46637980519793
12  98  70.246039841960211
13  85  143.53064570650329
14  98  91.763034307696856
15  65  219.85382471358713
6  41  157.53764998005204
7  28  74.243094657730964
8  89  91.364629698380853
9  42  111.92348306800763
10  65  191.79628911237148
11  67  62.944536739313442
12  63  308.02454986845856
13  70  252.41903643027021
14  83  173.72095575399828
15  100  54.982802687268169
6  66  146.64639323671798
7  60  145.23135314702506
8  61  153.22299479042377
9  71  172.91469473814792
10  90  93.006184944030835
11  75  157.58350639602384
12  85  116.61352946216958
13  65  278.89733947066696
14  92  104.84232087189568
15  92  99.147188128701913
6  39  100.56001660733189
7  97  74.81856383260633
8  29  250.77175687177353
9  88  99.67989766517907
10  88  107.70532250248804
11  71  272.32861290219404
12  79  185.66331728807046
13  94  96.806599697429249
14  87  134.18191228734494
15  95  109.39443407756704
6  59  144.60622623971497
7  22  160.43130601354116
8  55  199.79194531096763
9  29  345.75639232450311
10  76  105.37296287330004
11  91  105.08837912980805
12  85  152.57662264813075
13  99  72.122705038177159
14  54  340.33835129264281
15  96  91.79416704865092
6  44  165.55284120956154
7  22  140.4338410289177
8  85  108.15546094801381
9  86  98.55978024940238
10  45  323.15482528076342
11  76  174.41969344283413
12  85  159.05775748146783
13  84  191.0844516142277
14  100  45.714894145103244
15  89  131.57839995686942
6  61  125.55703267702158
7  67  124.18794060464076
8  73  137.0905040532605
9  33  333.74128136541952
10  73  163.56180188554475
11  68  234.72962024077825
12  78  151.28060847310056
13  59  179.37594411054039
14  92  104.38004219085109
15  73  254.84204754617502
6  34  118.56475861021761
7  78  116.53912781161144
8  71  140.20004118691094
9  60  257.16568945478895
10  87  111.85702964232497
11  89  135.69420467947282
12  80  198.97337122294928
13  90  113.9285333930482
14  75  231.73933066576998
15  97  83.039094475179311
6  36  129.68947950511847
7  62  171.32461021970204
8  59  157.30972165893192
9  74  136.67994799785527
10  63  199.74612315184953
11  82  112.94364082380413
12  85  134.6615193970936
13  57  227.10029653654487
14  85  184.63228452397004
15  77  169.19156331797535
6  35  169.49293457924708
7  50  172.01759957761024
8  66  212.60115755083177
9  91  90.176096514897353
10  71  199.30215420986849
11  84  123.66893808990173
12  66  255.08801735732732
13  83  157.22270718811581
14  95  85.791575377069492
15  99  56.01583022881114
6  5  23.223013947972376
7  80  92.045928230944341
8  27  214.29831251967283
9  40  293.06921177277007
10  79  162.20993257343702
11  90  102.33950636104068
12  60  280.43307279305265
13  98  66.748623168001231
14  78  173.27297954127718
15  96  74.674129564417356
6  23  93.627237585083861
7  46  266.13090373348842
8  42  230.92203318044849
9  66  167.66602128649509
10  62  168.80413051296441
11  86  87.023551057333364
12  78  196.40329401089812
13  79  144.29990186513299
14  91  97.778631336801524
15  71  210.69471193527647
6  64  56.549669613364728
7  54  148.57251723902993
8  54  242.98621573466156
9  49  219.20894022966746
10  76  124.97945411417489
11  83  146.50757419853613
12  88  85.972412376351741
13  94  87.927328576883525
14  94  107.73323217427317
15  89  112.05498848567089
6  56  158.27907168322039
7  33  228.89566067929303
8  95  69.413531584957084
9  43  205.67792863997877
10  100  58.520611593316417
11  76  81.932726369687273
12  77  204.79723213655649
13  67  262.12749428168382
14  86  167.25279147696071
15  99  61.044302955229917
6  93  77.016155863227226
7  79  133.0365759400303
8  97  88.996625840244405
9  59  242.49236751030082
10  64  183.25087604857495
11  72  199.89020611688699
12  91  111.2134803209064
13  76  234.03627198117027
14  89  130.51750966917237
15  70  285.23341700265593
6  67  111.80764042884928
7  20  270.59854238487463
8  66  181.08557548990629
9  87  86.102047792557656
10  57  240.06949971060155
11  66  228.73330134980296
12  92  74.246645384386994
13  73  207.5115263028199
14  80  210.52591036133632
15  93  84.062574915600777
6  31  84.120293319234662
7  50  157.47810926614653
8  73  162.47933415904728
9  86  100.92593094798511
10  97  56.472382751523028
11  78  199.93685287293931
12  100  72.253113259244671
13  78  222.50946263371074
14  73  228.01631391719144
15  71  210.09727221666728
6  76  88.194468326797036
7  55  155.18716856804363
8  58  207.85905935879975
9  73  129.31786431163857
10  46  174.78918671450285
11  50  327.88976198897046
12  83  154.03082979163128
13  94  41.565809418570296
14  84  154.17572885184705
15  98  67.943149231164682
6  46  136.1609995866005
7  72  86.593562549071535
8  100  70.097681463380084
9  87  115.09732954340308
10  69  230.93600953838992
11  56  266.93196238130867
12  59  283.52921575779476
13  69  242.45037548836524
14  71  159.32212893536229
15  95  102.44380402184849
6  80  74.338477495375272
7  33  176.37857623949807
8  53  129.08969591963952
9  60  283.90975945852648
10  52  212.4697445459756
11  81  135.62661041151438
12  91  117.43152096688357
13  90  90.466991440574702
14  86  143.31897299754971
15  95  90.536900655057437
6  39  166.05678465802288
7  44  191.0425530802238
8  89  76.548737523861362
9  47  216.40925402495623
10  91  99.322002006589059
11  60  207.19725046691127
12  89  95.622330205734883
13  84  98.513505004840269
14  90  125.25134599305265
15  82  174.4307178272943
6  64  115.55105253047208
7  27  251.20534963433605
8  43  269.77540526862452
9  67  143.2888398104657
10  58  264.36080194817839
11  89  113.34492550159342
12  100  74.006901121366468
13  96  70.669132345008023
14  72  160.90500666454437
15  80  183.49245269390246
6  29  151.6666920086605
7  69  145.27162185840007
8  77  115.40691975028297
9  70  146.83064470757691
10  63  195.41644810762003
11  86  147.41189796938903
12  73  244.65344957032687
13  71  147.30976515759107
14  82  149.6167676692404
15  82  165.65227180759535
6  38  86.997266243320638
7  33  206.97840411338589
8  90  91.720926541089057
9  50  223.39494118745264
10  87  122.33594405467376
11  76  209.3083428497103
12  96  86.569793543459156
13  75  190.03162633771728
14  100  56.115321732103084
15  100  63.66787437521532
6  48  207.29360855007286
7  50  196.38082359123865
8  79  154.63204445155532
9  80  128.08832468910697
10  87  93.521089017264629
11  70  193.58648356052984
12  97  77.388777784385127
13  77  169.24249201209105
14  86  148.36134205633167
15  88  170.92865146405632
6  18  82.734512500119891
7  28  199.86719018481386
8  49  211.87137060079718
9  74  155.09710020128915
10  75  166.35330958871788
11  64  282.42604639376236
12  68  265.93974683981787
13  86  119.343783878661
14  93  101.82673548544518
15  85  177.06153380081167
6  37  156.37094649405907
7  45  218.18135965910818
8  67  113.31505932449166
9  55  191.51663458326965
10  51  242.49280813679022
11  48  302.53340011455913
12  69  214.23818320317676
13  88  119.74996989595816
14  100  66.471625204092135
15  67  308.17317166602481
6  43  130.70965774273066
7  67  144.27781467376303
8  59  169.17318031061177
9  65  183.90353654578377
10  66  186.76605811575575
11  53  231.98628954738678
12  80  198.66441570150053
13  93  111.02934465188299
14  96  95.30621201507617
15  86  130.16211123548666
6  29  100.89296868818066
7  57  138.9474040629857
8  49  209.71118818939107
9  68  131.87697368360989
10  76  154.14076574338489
11  78  167.71794669854256
12  91  111.22695103391573
13  86  133.82471102312184
14  57  339.37134123718369
15  86  164.7748194809426
6  60  104.80173654786331
7  49  184.95155913015404
8  43  120.67514876018586
9  81  147.71164794335718
10  72  159.87917131541073
11  100  50.777632977825121
12  81  202.37572187747475
13  89  102.21767434369868
14  83  200.76527234045875
15  100  70.192512267652603
6  24  121.51150569044276
7  41  199.3205126514043
8  79  167.22769745288446
9  78  117.26800407994456
10  72  185.9376304718198
11  84  128.95747977624316
12  95  63.52502255201275
13  64  170.32880329115321
14  94  91.973861164265486
15  100  45.639766828099475
6  86  94.019096146295567
7  63  144.01304008988296
8  61  122.20592944338246
9  86  97.032613498741242
10  88  64.945293693742713
11  51  344.79230498011555
12  77  108.34881031592258
13  79  123.51284830079891
14  60  329.16903829321558
15  78  178.83282638772619
6  61  71.277286297661774
7  58  122.11588138011204
8  68  189.63819338346528
9  47  151.77242423628562
10  60  125.11434362616849
11  75  144.69898532707703
12  84  137.69964172473965
13  70  201.29097882287689
14  91  118.972215729217
15  79  196.01132584379641
6  69  75.734603809989622
7  57  210.36566904318241
8  77  122.89039739025438
9  59  209.01243751176244
10  68  220.79043942646942
11  73  166.33280441630686
12  95  97.222459757069444
13  59  283.63669981072411
14  90  129.67258248690129
15  84  178.85644880553392
