2  38  67.981906383892579
4  42  119.67267231448746
6  47  170.36568496585051
8  36  117.28871012462244
10  35  103.730709305334
12  76  135.71382521923908
14  67  188.13570105247095
16  52  223.74963540905981
18  83  119.20612086132286
20  83  130.96407555980679
2  11  27.110100030088276
4  62  61.505200545091533
6  23  61.500346421128583
8  93  77.113936563499806
10  75  127.4100249748615
12  80  121.20003563677551
14  67  153.24469860696041
16  71  172.17802864504901
18  75  151.63463361759179
20  97  67.963297878561505
2  13  47.358810359345185
4  58  72.934971013596837
6  81  95.316088652196427
8  65  134.25173145177973
10  74  99.931588356518517
12  70  110.15974435803156
14  79  134.19892640233817
16  76  168.56025854968254
18  96  65.901267039559059
20  82  110.36743150863083
2  32  76.17424114243191
4  59  80.413606764291387
6  53  115.78037702950868
8  39  120.50253913176313
10  76  108.26116345445276
12  90  120.85005230223587
14  63  172.92115791599545
16  61  215.88757327807312
18  70  132.15379113214189
20  64  206.6710382008209
2  0  9.0000000000000036
4  7  12.999999999999998
6  58  65.323715461764806
8  60  154.07819088206608
10  69  90.973183489577963
12  59  154.47369914689921
14  57  123.74167154668872
16  90  83.96257926489119
18  65  146.35510035651129
20  91  57.794695755024243
2  0  40.000000000000007
4  48  93.978474562480557
6  82  48.087854351002292
8  48  105.61708770785697
10  79  110.64610726120065
12  95  58.213479494967217
14  65  192.46090159498399
16  78  132.19209660663824
18  69  183.67902648484042
20  97  86.906786307383939
2  12  70.54482873809944
4  8  163.0
6  53  137.66355612896484
8  51  74.044951133113003
10  71  109.8177565864796
12  88  128.58962789893579
14  91  88.692153173085984
16  95  69.729911090729658
18  96  71.207180603832683
20  80  125.62658785264152
2  11  55.618247074358969
4  33  98.089060109489736
6  98  61.092318072350189
8  60  109.97463181023333
10  79  112.91262930438411
12  52  134.42562607295582
14  87  110.96109614865688
16  44  198.70063975446806
18  55  149.33438925365897
20  86  104.61573060539813
2  14  24.098539922780656
4  8  77.419861603841468
6  62  98.011058573025608
8  57  92.693155323999207
10  50  100.16536571783035
12  48  192.27909387744762
14  87  88.952519328053654
16  63  58.030469930449115
18  90  102.78687348947278
20  79  139.92821152304191
2  70  53.701534609267604
4  70  90.54584654575234
6  22  133.66894484666736
8  50  121.0662602051209
10  61  153.14109536786509
12  48  73.531943796549385
14  58  138.84454701930878
16  100  63.564047028323373
18  84  127.658272115747
20  85  119.28820581226414
2  12  58.999999999999986
4  27  93.937334279508988
6  29  122.81161092124306
8  60  108.28046189937569
10  37  166.60509592879555
12  76  71.913225095797102
14  77  132.17944869960886
16  70  147.67036919060351
18  82  122.63692385182557
20  87  100.9135503563368
2  25  37.353512277300204
4  58  91.669524670277681
6  51  148.75933511047594
8  11  62.416720812191819
10  34  156.14573695237485
12  48  145.34241103751282
14  95  82.079570690096986
16  81  121.56070404541734
18  95  71.376954348138071
20  76  143.43410386502109
2  20  126.97590169530615
4  18  44.637655584321251
6  53  92.114775989518009
8  55  99.363617177857122
10  63  108.97018312035304
12  62  143.61273377317494
14  55  70.125455555146758
16  77  120.10796210173974
18  65  194.10594967840203
20  65  168.6452846985689
2  28  38.977409741446969
4  48  65.471943867367429
6  57  48.060272787347174
8  31  185.76803294188716
10  62  124.96078079173844
12  69  95.80865288632404
14  79  88.903064802997378
16  96  74.901662169893385
18  77  165.43373030657941
20  90  92.979551573348132
2  62  87.715136916748449
4  55  71.850573997997401
6  24  116.07134142129016
8  41  127.29982761719052
10  29  148.13286022939107
12  58  164.63929957019968
14  62  87.366866487854281
16  79  127.89352095566093
18  70  129.61430719601449
20  79  120.30469605695009
2  32  111.97430945126413
4  45  63.982221551145088
6  68  97.541402060911452
8  78  117.49984795001708
10  100  75.925867398146849
12  76  136.17711509678878
14  69  135.91774000050341
16  67  112.57437762232234
18  78  132.7941875885858
20  97  76.24067347831766
2  19  40.52544370319972
4  14  45.24968838305923
6  45  98.013775663893284
8  59  106.21810742879799
10  95  69.692196636821805
12  76  71.904844597070152
14  100  63.616561664205534
16  70  140.37530955569059
18  74  88.560849601160626
20  82  101.67089318610762
2  29  45.118922380972968
4  54  125.05278189509397
6  40  93.35443616282987
8  84  88.989225645457864
10  89  96.346570337961424
12  57  116.86868178600817
14  81  103.07168211437724
16  79  129.31260512617857
18  54  209.64923165020946
20  66  142.73564840600292
2  26  36.873213845136526
4  25  119.36317848572233
6  76  77.100394745804238
8  41  120.91621460382207
10  86  80.290286134019098
12  51  131.68992213792905
14  59  138.43468520349128
16  77  116.55925668338361
18  86  94.876173335059192
20  60  181.42324066786378
2  28  93.53900703160437
4  27  62.927584562658545
6  68  67.341780022652657
8  47  112.85219325385457
10  69  74.359107436638197
12  52  163.83184044044819
14  68  70.698203142277208
16  60  191.62869282909156
18  85  63.131205208701701
20  100  66.080358045299363
2  23  31.894587691638097
4  0  47.999999999999993
6  14  141.7899517726778
8  66  123.78253373299736
10  61  119.31072283343276
12  71  170.50448232558023
14  79  117.12627574729902
16  87  74.390033223297365
18  69  139.48974125277269
20  56  213.85231380472527
2  27  62.421676437796705
4  13  49.593193312505818
6  33  126.71486591024977
8  48  158.66617645810575
10  65  116.0471659516362
12  34  80.994584856448938
14  84  93.28798773731063
16  92  84.346000005934897
18  82  118.30452874472527
20  87  113.80106782163151
2  21  55.088542641991161
4  40  40.675977894126241
6  100  55.86525531650522
8  98  56.275852682046029
10  40  263.74978226161591
12  15  139.06659162142327
14  83  95.371926110242612
16  65  150.97312272115494
18  54  208.5918709461626
20  97  70.470738528513991
2  13  57.96322506880076
4  42  68.595134704501945
6  78  93.155561101804622
8  39  125.68706006522498
10  46  145.91450466086138
12  79  79.629481176501585
14  86  88.106994977101579
16  76  149.06747654292258
18  76  143.65454914771385
20  88  78.279788114014053
2  29  72.081098087606691
4  73  44.843537925872852
6  0  117.99999999999993
8  40  116.94534976880199
10  72  116.27993964954827
12  47  106.92375872626248
14  73  162.35995355763237
16  72  146.94345402027494
18  89  109.40312067970997
20  87  90.782914596748682
2  27  62.665928818013548
4  16  38.568340698573039
6  66  94.652257415790856
8  68  107.97316274856108
10  87  107.8957942919552
12  65  168.55664136355992
14  65  117.13607939567099
16  62  160.27660719531161
18  74  159.28937050300419
20  46  250.96967151924437
2  0  8.0000000000000124
4  46  54.026516518283771
6  78  72.217986351420961
8  67  117.35569078555127
10  79  108.96155244631079
12  100  63.58123761807849
14  65  156.47218624096507
16  87  88.328484532666536
18  48  242.9322322879589
20  83  120.9144239804135
2  35  41.631596258689171
4  24  105.64282222392079
6  53  159.59336584933547
8  96  76.237702729448316
10  69  94.883222342298822
12  85  101.43990707646172
14  71  97.230735754950402
16  77  134.41950880551389
18  91  85.631310612761794
20  76  132.97011924892246
2  14  42.254571048993263
4  69  73.862536310304066
6  16  113.61511883658477
8  100  69.599167852710792
10  96  68.707155759480571
12  60  153.01168197012819
14  67  115.17796567965726
16  67  136.8193614973558
18  37  216.8784278592241
20  60  163.43933296319074
2  0  37.000000000000007
4  70  106.20322496209188
6  39  124.82354384534875
8  49  84.116200422369062
10  74  123.22113728917579
12  66  112.13083858055494
14  73  165.35598798666862
16  46  203.4081710555507
18  91  93.86214485909808
20  74  170.22171281863987
2  32  76.336749618880404
4  71  85.036667200269221
6  41  74.68746175592986
8  79  97.603807065352839
10  63  93.199593910500511
12  89  91.724423171182565
14  82  104.63574415206698
16  64  100.31704621118195
18  67  162.81407389528255
20  87  109.0216405549825
2  15  48.538828571834934
4  5  137.00000000000006
6  62  82.995438671704846
8  13  131.16254171583273
10  72  99.291479300384978
12  84  88.035265545898724
14  62  147.88070073139932
16  61  102.14745942345564
18  93  86.427727690268284
20  55  91.196970661661055
2  49  33.778279944288542
4  74  71.368781754205116
6  48  114.96028951798155
8  63  130.94103937653875
10  68  118.73493262725127
12  73  107.22578311771446
14  61  75.747269306456019
16  86  104.04919038877752
18  80  119.57173426283674
20  93  94.262001443504474
2  30  75.977989373201609
4  10  59.150041950421453
6  85  108.10590185552215
8  82  107.32479424389977
10  60  164.71204296940377
12  59  159.83243477895678
14  73  159.17017483479071
16  96  63.484449794035889
18  66  140.99862742378517
20  75  135.3391864567765
2  0  9.9999999999999982
4  19  49.465690625429517
6  46  62.937007867942
8  56  102.81779347205961
10  77  100.26318185850145
12  46  130.7406119378841
14  66  144.69260291164201
16  69  160.05399380843537
18  86  104.20024468737169
20  92  81.074582184708916
2  4  25.260580891372079
4  9  61.000000000000036
6  28  74.338141493950332
8  45  151.6816009891935
10  61  165.47195835017476
12  75  115.19158433815647
14  86  96.494517542550781
16  84  112.21562970600334
18  80  124.0148381151178
20  61  161.40836012636896
2  0  18.999999999999947
4  46  88.966043597878965
6  55  58.013403875012933
8  95  79.592786972632311
10  81  110.70044928828652
12  82  104.9658467196392
14  80  121.20540676703837
16  72  105.22902451372181
18  84  119.61162345684676
20  78  116.25793752533079
2  45  64.985219219422362
4  18  45.138269015853204
6  39  112.2830685727139
8  65  100.79321458211017
10  72  90.236397693085777
12  96  57.41746363359578
14  78  110.64283382750024
16  100  53.611370383500152
18  87  119.04855021522445
20  59  159.66281086152705
2  27  35.873884500866325
4  34  59.023627333603514
6  53  145.65615955551922
8  28  103.66115066332955
10  63  101.91339232031535
12  56  168.3992095645369
14  54  152.96322903955368
16  89  96.089382728126907
18  73  141.56245751431101
20  97  72.457441771128771
2  9  43.000000000000014
4  10  92.679627078126643
6  64  126.88649779578869
8  38  81.654933294447318
10  58  150.97970084214873
12  78  64.639729994686235
14  72  136.09182974154993
16  70  151.72359340971764
18  58  186.50892918475532
20  91  97.827842703772347
2  0  8.9999999999999876
4  74  52.99049619646776
6  54  109.42893079207104
8  55  103.42402890237081
10  55  137.18133048689575
12  84  127.63938265104976
14  84  122.80657450339592
16  100  61.8356276237228
18  78  87.236488407857877
20  92  74.914377171733364
2  18  10.188143928649925
4  5  40.163862207060944
6  93  71.854824530825468
8  55  96.172761055695986
10  52  141.40895696424158
12  50  166.38239837622407
14  50  226.04651887616046
16  82  127.28372166589619
18  74  125.38646603450532
20  99  51.804758812539426
2  43  48.633119387724292
4  65  47.704920787099958
6  40  31.471952069581718
8  82  72.156157938439861
10  59  129.93137015198988
12  48  132.09076393078945
14  64  107.72722560398611
16  99  41.696354818640486
18  100  64.127427257622983
20  88  114.42470982953608
2  17  73.339383894408456
4  62  63.08302738322503
6  72  102.08547272388684
8  50  74.633172096853215
10  42  171.70548720791743
12  73  117.66045963531778
14  50  193.80605637755144
16  76  140.00629825691607
18  67  134.32005506109817
20  79  120.66816198654546
2  0  0.0
4  68  84.301154530854632
6  47  123.11007396805871
8  89  81.716240412036683
10  51  165.16425531489929
12  84  122.13886316331421
14  61  197.73777369926037
16  67  134.72070311944924
18  89  105.37743474717381
20  76  152.22169027816437
2  36  73.171141622602661
4  42  115.4681224469407
6  17  182.78027846904902
8  77  109.91609941140383
10  66  97.113006481492675
12  70  154.15327237744378
14  90  90.328758968594911
16  64  187.55080809239479
18  89  100.48602127191533
20  92  74.756920989898958
2  25  87.842463218448216
4  0  35.000000000000007
6  47  95.230856398147978
8  74  84.83241495123778
10  38  144.00496172811455
12  75  120.1212814958574
14  92  73.412554969921999
16  77  145.25216947776411
18  83  121.96667526495972
20  93  102.44137578984261
2  60  49.525279673382343
4  55  63.635198437963325
6  65  76.185894184403978
8  50  145.92839804758302
10  48  139.2527377116858
12  43  118.23745183514771
14  46  189.60067067418672
16  53  169.48095764218539
18  68  169.62244622318445
20  94  76.767109830254796
2  2  77.000000000000014
4  19  68.894250706565202
6  55  99.305128451883746
8  0  154.00000000000003
10  80  74.319511482675026
12  76  117.12819094504745
14  61  159.02773727366133
16  85  53.212327846967497
18  91  78.826775082546376
20  76  147.31531376449414
2  50  73.463443736086887
4  0  11.999999999999995
6  40  66.638687129646115
8  83  109.91122451532878
10  63  148.20678532063823
12  91  87.888995346413068
14  83  104.94297928361375
16  100  69.671364167043194
18  64  191.82976653766789
20  73  150.59811884802275
2  23  55.658290312078528
4  46  56.969505583436238
6  20  70.653418539051515
8  86  103.77507962397954
10  73  115.18559419057387
12  80  127.86968380226986
14  83  96.542036191474963
16  90  91.067893375169987
18  79  115.62456801518387
20  89  98.92370301967577
2  29  60.870349927901216
4  33  110.56294502290125
6  57  137.83295247379107
8  74  111.91148476597679
10  48  160.00604648498174
12  43  194.96051329544841
14  84  94.756727261600744
16  57  90.582818135016694
18  56  137.83045862729833
20  78  114.93560172670243
2  28  42.739401817569707
4  9  84.999999999999986
6  12  10.99780777352923
8  62  139.58795871135169
10  77  90.872214816702268
12  64  115.7904920860005
14  64  153.93328957455245
16  65  174.06125759871449
18  77  131.9903087833755
20  67  157.26921078250137
2  5  45.314061575254911
4  0  52.000000000000021
6  19  127.15037897977638
8  51  149.15019692843154
10  77  73.384826284450568
12  75  143.6948092800144
14  68  128.86862352695888
16  95  78.150588279512021
18  47  213.20730489194693
20  85  113.99379040269149
2  10  17.51183104682816
4  22  93.703355302633625
6  85  75.836739073610659
8  46  67.163802129807763
10  45  139.77162978855867
12  35  189.75369223921882
14  43  186.17618220368007
16  53  163.28661350627195
18  75  130.67548205212304
20  41  158.12846214463062
2  40  59.899268449676754
4  19  66.682580950724557
6  75  83.09599604298792
8  55  73.741256037626457
10  57  121.4630931623293
12  57  163.4358814243561
14  74  115.02209340562786
16  100  49.231005047395769
18  91  87.313509773879801
20  46  128.17658646712687
2  20  86.003588520218216
4  39  123.38098328693422
6  84  97.460662564739522
8  35  128.80726082755666
10  65  98.900772593043882
12  43  186.8707161820827
14  69  145.96599628581873
16  84  120.23862036745128
18  84  86.805558299917351
20  56  202.19266053350597
2  47  46.855950621734983
4  31  36.06812928205909
6  18  77.000000000000014
8  41  106.77495725609451
10  79  58.602180189764766
12  74  108.73810768225918
14  63  80.889360587984896
16  100  71.953849901019041
18  93  95.805229145422743
20  60  198.1686820007175
2  5  26.999999999999982
4  23  113.60601549520726
6  19  115.81698431587981
8  69  104.09921847325862
10  57  127.75319555081391
12  98  65.894043129442863
14  86  94.662766991066718
16  54  228.47399344950489
18  100  57.560495482252385
20  64  165.89715631229723
2  0  0.0
4  22  55.009957912853238
6  44  70.94353911911513
8  61  89.420193323191938
10  69  137.55809343425551
12  71  137.54613240778295
14  74  141.76037385878658
16  74  132.37402302202065
18  43  287.79853316805617
20  62  211.60090748062333
2  0  49.000000000000021
4  77  45.464190451349822
6  45  105.98069486377484
8  18  182.49068915970761
10  53  107.01935033341748
12  69  84.498194359590727
14  88  108.9619448337944
16  82  137.93357841430696
18  71  121.60995530529961
20  91  82.570876035502323
2  0  35.00000000000005
4  29  91.841699536158629
6  24  59.770922084215741
8  36  136.66563403574409
10  60  144.62174788029006
12  65  136.86231265434807
14  89  109.79464124868869
16  68  175.08542667459318
18  98  64.75735117521927
20  89  92.876157516250359
2  23  16.731540796876178
4  54  58.003667250994731
6  58  131.37171627206394
8  50  145.04881213664626
10  84  100.3507928304123
12  84  104.67830111985143
14  41  149.99654967545018
16  90  102.21402708056196
18  93  61.441734372108378
20  94  83.897845592747643
2  7  69.523608569981874
4  26  100.95358637375256
6  91  63.687845653931518
8  57  94.224344709966076
10  61  85.546555563141951
12  78  99.518189722671039
14  66  157.8496676861989
16  57  159.47270331093725
18  72  113.89395611324962
20  100  44.798245997892195
2  7  25.867242297973039
4  51  99.110105176711812
6  52  82.636846325827563
8  59  106.21292938611228
10  45  155.57023809425806
12  79  125.97532777113607
14  55  186.29851067907316
16  64  157.98470699774637
18  91  118.86268219325761
20  74  159.16324951006024
2  36  50.999275583794137
4  68  89.929070022388501
6  96  70.210669355256442
8  51  58.49628082498419
10  61  103.23953659554111
12  87  75.127622700804082
14  89  100.68651615319368
16  94  74.531833233619594
18  61  176.36761063639264
20  59  121.1189205628998
2  0  63.999999999999986
4  45  69.068130015858486
6  63  100.57042698444717
8  73  144.75709975598352
10  68  130.50779052474468
12  87  66.206327043589155
14  77  119.3908689688911
16  73  141.75981629478821
18  51  203.51367907754488
20  89  121.61430703758252
2  43  59.612513679999246
4  0  9.9999999999999947
6  20  53.870994943170963
8  78  111.93743653687149
10  73  134.7589949261876
12  80  116.5916147056962
14  91  89.254933450709643
16  43  217.5358048609138
18  97  65.491254148285705
20  99  70.680925608141351
2  1  89.999999999999915
4  19  44.113262339829525
6  0  74.0
8  91  51.662702486415398
10  70  101.84962431400027
12  75  146.64964766164127
14  64  174.52971030553016
16  39  156.17372420920998
18  63  203.19379704983348
20  87  101.40918485184525
2  0  49.0
4  32  47.70046745732045
6  54  86.055659073730595
8  81  76.947393045170941
10  57  94.674057735496518
12  88  94.887050460748526
14  96  74.620353140106076
16  83  130.57831890431481
18  69  65.075697063288118
20  74  140.11490446957842
2  35  31.71110177022512
4  66  99.524468295776273
6  41  64.351901108775905
8  38  110.97426461944315
10  87  95.871368699094589
12  89  85.193404554858759
14  82  103.66841459184405
16  63  130.69525797978341
18  89  103.42889311000555
20  65  179.18052815506186
2  0  21.000000000000011
4  35  92.006033354988588
6  41  150.54553295673338
8  21  75.261542106953698
10  80  106.47491618074352
12  62  164.08156744904937
14  79  115.72395432674749
16  62  169.14349246556125
18  79  115.08904445574072
20  71  161.81546319823661
2  0  12.999999999999996
4  31  138.50330326592785
6  50  107.38533249455574
8  90  53.849918650967339
10  69  143.539216415493
12  65  168.09254735570227
14  53  192.74279877711763
16  80  95.077377974016926
18  72  180.47807672536956
20  88  93.807183908590915
2  22  51.665791830979749
4  39  72.546160337116689
6  75  83.387238879209377
8  18  73.000000000000057
10  64  90.795697306384923
12  70  122.22111098408219
14  65  163.24545580227218
16  74  139.30890661333962
18  86  103.1749425687854
20  71  151.39640180180393
2  19  48.088533170887956
4  62  82.833058748225412
6  25  118.19131250959566
8  42  179.06463344234257
10  86  87.197972532804613
12  94  59.528276360740307
14  34  211.90138091528013
16  85  117.00055487954963
18  55  194.80806416273424
20  48  251.78705534636762
2  0  14.999999999999989
4  40  102.65344197509206
6  59  96.762376363657097
8  50  91.041382371492091
10  94  76.267294704171618
12  77  85.625153313033309
14  87  81.216816445616715
16  70  174.23790202295032
18  61  92.906646270581092
20  80  117.99956901016404
2  13  59.083856580775283
4  28  109.37157077340078
6  51  87.890833710811549
8  85  83.542935389486431
10  89  78.346928103161218
12  71  142.94914166596624
14  57  235.61464791797079
16  86  77.322413373375227
18  79  164.86800634449816
20  79  138.15866321938566
2  28  73.728726369938002
4  42  126.41184208298222
6  67  70.260364554368437
8  57  96.901119059813936
10  55  174.68938517541054
12  79  148.60185788050381
14  60  130.88014926846822
16  60  153.0887956380692
18  86  96.741483509345201
20  96  78.496555703222171
2  6  24.428559040653376
4  66  100.78864290828483
6  28  85.228465155023599
8  15  106.95238893212338
10  43  177.28645965307467
12  83  86.725489633975059
14  83  83.965658846894627
16  88  95.06624863120831
18  60  212.42826308832483
20  73  126.9514052863555
2  3  28.000000000000021
4  39  58.843475437293783
6  62  106.15607970741102
8  55  122.57322793833335
10  55  186.32546635382391
12  57  108.07107639965568
14  58  158.19394417891954
16  80  108.41077040379322
18  74  154.82244845945942
20  71  146.4613904506046
2  10  26.32139440470641
4  26  89.538483437409155
6  49  110.27207338803511
8  57  119.07420958357258
10  79  106.76039948656204
12  97  69.741698446371359
14  72  145.85441184319023
16  66  163.40398487800684
18  71  147.08654799715092
20  61  173.62555707675307
2  32  73.754618064422473
4  46  102.81197932351043
6  40  118.22353901666982
8  73  126.33205102951705
10  51  166.89893422715915
12  70  116.84277720736772
14  78  137.03236787413238
16  44  159.37986362567477
18  86  104.72492624965005
20  68  164.34536745954776
2  22  49.895685283791494
4  26  99.341006613617537
6  61  145.54705413917156
8  84  81.711450708520289
10  72  127.63417602044279
12  77  77.174254902548796
14  82  111.37544628180321
16  78  86.57920349520225
18  82  118.18761699177227
20  80  117.89898033613436
2  22  69.14369661593885
4  21  102.48747745394635
6  77  80.612890308770389
8  45  179.42275404590345
10  41  164.99723484452105
12  34  173.57054236650472
14  44  192.51732600893226
16  73  151.32511329416189
18  100  53.385463714642093
20  88  101.57047797047896
2  0  0.0
4  32  41.85597258042354
6  63  73.150373754632938
8  37  121.88750369186783
10  61  145.32175088519631
12  76  66.180504748841798
14  70  155.82001956738446
16  72  167.53652535552362
18  71  153.16079220088858
20  84  117.45366765618553
2  8  15.102067563118183
4  26  108.26412204575503
6  60  63.245770177153624
8  69  122.04224972644515
10  43  118.92513077092256
12  61  167.93487492536835
14  59  183.06474942603606
16  62  143.35940659626132
18  66  190.85966185095617
20  74  128.80141077960855
2  7  16.218838370523649
4  18  81.950224095164288
6  55  113.98188850411215
8  61  140.50518876057095
10  62  103.05094255800081
12  41  164.48722060824593
14  67  164.004076297144
16  58  137.62566792606225
18  42  175.27196401595441
20  83  108.2326600741623
2  11  23.120730132579141
4  27  87.405935909456289
6  22  75.279266373715757
8  29  174.06622520096326
10  99  66.273640256556348
12  70  140.07258161220133
14  68  93.922366297981412
16  68  141.8947114264615
18  92  90.236006167917921
20  67  56.772600240693038
2  34  99.063135103781605
4  0  33.000000000000036
6  29  75.049656594408006
8  43  123.48286720306126
10  72  129.88437888756502
12  80  69.914332036613004
14  48  212.42892895771485
16  80  120.06388724956737
18  80  108.7759494865994
20  99  65.183070507435446
2  15  76.292177498781541
4  69  96.307658058369981
6  22  94.420329092351778
8  53  70.97688723184406
10  52  237.16739120031085
12  60  153.09933296720135
14  98  72.085685622559069
16  43  197.06074490609817
18  59  175.59944247014249
20  80  110.69479261971655
2  0  0.0
4  19  54.188267623947603
6  50  90.651175938689661
8  76  62.303957377425995
10  84  121.71006919973775
12  90  68.387471087416017
14  59  167.13291765569841
16  67  179.96946320245527
18  71  161.26352417548151
20  89  103.42897534391689
2  47  59.415642527436397
4  73  56.775108874281401
6  35  123.3836128211893
8  13  122.35563737724365
10  69  120.53146210162136
12  36  217.79850806128312
14  43  172.48907902716985
16  69  168.03232906460522
18  74  170.90109531080222
20  75  115.87807007485651
2  38  30.620193394207377
4  28  83.244451416934638
6  67  98.073641067200626
8  56  143.41918353618667
10  73  152.93048988481394
12  91  83.840667025381791
14  74  127.91221159259773
16  56  228.03897787685224
18  83  116.07216976877831
20  85  91.943157342100321
2  33  38.362563266984971
4  67  65.278593578049865
6  30  144.91520002816156
8  23  165.40140055987641
10  43  144.76505566538074
12  73  100.23082445835794
14  63  159.76126737346033
16  88  106.37368396238924
18  66  176.66913155768424
20  64  184.98210294671381
2  0  15.999999999999982
4  40  88.628753095404804
6  29  70.582013926767289
8  54  71.285066819211551
10  71  130.6092225604732
12  59  123.10314295601999
14  59  173.19523818791853
16  82  81.272468058448212
18  69  143.86745732032287
20  83  137.42855776223712
2  28  49.568340788581736
4  73  67.772907383601535
6  46  65.163418522618244
8  50  111.28412296571611
10  63  135.22088923401438
12  75  150.84759272633809
14  72  137.12788378737608
16  90  87.764541588961109
18  67  113.59836170419683
20  70  144.99185983637477
2  30  49.044808620227165
4  28  71.607426288614647
6  95  67.863022873072694
8  53  150.76694253442076
10  59  172.3090550070269
12  41  171.98959848853448
14  22  166.86194546168466
16  87  113.8508357129858
18  53  203.80876124201788
20  75  138.29509031634589
2  37  57.19171893248096
4  36  32.667584565377268
6  41  128.32929261686422
8  70  101.15911418218084
10  62  112.61968126279307
12  71  115.35424013891972
14  77  91.531779947198402
16  77  89.789860117341277
18  67  102.26422535199738
20  71  162.28959040567111
2  15  42.581582232508069
4  23  132.13536862433114
6  18  113.60968614996452
8  59  70.725812535119189
10  40  135.39539719133663
12  100  46.697452848545744
14  87  96.588463527766208
16  81  94.597530724484429
18  74  132.35672470855963
20  60  184.80760919656089
2  14  44.559789190998721
4  44  60.588674768670074
6  63  97.240194088090519
8  39  126.81659477102291
10  89  102.01102016601521
12  47  112.64542352154916
14  61  152.15249188202114
16  79  117.82135564710985
18  71  160.03713043325067
20  87  117.38368978145876
