0.1  66.666666666666671  408.07492595685807
0.2  69.666666666666671  366.63993895829145
0.3  59.333333333333336  508.61572091781068
0.4  57.0  398.29676995493867
0.5  71.0  367.42949051957538
0.6  65.666666666666671  360.0218252372772
0.7  76.333333333333329  385.17133333878587
0.8  62.666666666666664  408.52776317581117
0.9  68.0  428.56670449609254
1.0  60.0  467.30854163050253
1.1  69.0  409.57122614504209
1.2  68.0  403.08069775215296
1.3  82.0  346.86129059036267
1.4  66.0  388.28202055885487
1.5  73.333333333333329  375.3293925115542
1.6  77.666666666666671  359.03055036018702
1.7  60.0  443.53978846660902
1.8  78.333333333333329  302.42178583966046
1.9  67.0  484.82044590293003
2.0  78.333333333333329  303.14018188979895
0.1  67.0  307.99909593544425
0.2  71.0  347.16972607151041
0.3  68.0  369.9363368514633
0.4  71.333333333333329  404.62846979587147
0.5  84.666666666666671  272.4239653417502
0.6  62.0  413.02504272584423
0.7  57.666666666666664  383.821791584408
0.8  64.333333333333329  345.27424143223965
0.9  45.666666666666664  595.22386305999567
1.0  83.333333333333329  314.74220577792494
1.1  62.666666666666664  467.39014370749095
1.2  61.333333333333336  453.67872209653285
1.3  69.333333333333329  415.71446262006037
1.4  64.0  486.73258014803241
1.5  77.0  339.17334795167477
1.6  66.0  465.34642733805146
1.7  78.666666666666671  370.30902072755691
1.8  63.0  423.47558936533318
1.9  84.0  290.07845747373244
2.0  84.333333333333329  310.19987602894656
0.1  62.333333333333336  467.73878987718979
0.2  82.666666666666671  303.62841598690761
0.3  70.666666666666671  406.06251743561148
0.4  65.333333333333329  372.04696084805744
0.5  71.666666666666671  327.7370219103808
0.6  58.666666666666664  377.09426750667683
0.7  57.0  506.98163203924065
0.8  75.666666666666671  387.76381183787532
0.9  80.666666666666671  325.82100305101267
1.0  64.333333333333329  264.48131437513626
1.1  59.333333333333336  432.50006949927644
1.2  64.333333333333329  424.44205200662782
1.3  71.666666666666671  440.0248264261362
1.4  48.666666666666664  544.25737907622829
1.5  73.333333333333329  391.22299053563194
1.6  72.0  359.07715007842114
1.7  55.333333333333336  483.66039919044016
1.8  67.0  433.67893890047969
1.9  83.0  341.06921966216362
2.0  67.333333333333329  417.97806872490781
0.1  72.0  347.13011075976885
0.2  65.333333333333329  382.03469322430806
0.3  76.666666666666671  347.35908097166589
0.4  61.0  391.11838269728855
0.5  63.0  431.85738728205769
0.6  62.0  424.53887325147173
0.7  69.666666666666671  420.85489008341722
0.8  68.333333333333329  378.17122673526615
0.9  69.0  367.88773524706778
1.0  66.333333333333329  470.41036930977168
1.1  74.666666666666671  428.27660052055063
1.2  68.333333333333329  402.6167127443951
1.3  90.0  263.01183414352556
1.4  67.0  424.88098022402374
1.5  48.333333333333336  337.07581041593733
1.6  68.333333333333329  383.50102135379956
1.7  58.666666666666664  506.67418953351961
1.8  67.666666666666671  453.83731233701474
1.9  56.666666666666664  498.06784497789505
2.0  65.333333333333329  405.23446362520656
0.1  61.666666666666664  372.5379608095368
0.2  68.0  449.17430502024621
0.3  49.666666666666664  540.44551151483654
0.4  63.666666666666664  437.31413185938885
0.5  75.666666666666671  326.2876008101544
0.6  68.0  363.97767786325812
0.7  58.0  465.41089881658064
0.8  60.666666666666664  437.9469499511485
0.9  56.666666666666664  391.43575846107228
1.0  78.666666666666671  357.36495623816677
1.1  86.0  234.97395160706594
1.2  56.333333333333336  454.20992633472878
1.3  90.333333333333329  264.86975675230178
1.4  71.0  408.13758630502082
1.5  67.666666666666671  471.4522298211993
1.6  65.0  442.45014861399079
1.7  62.333333333333336  440.1638286457748
1.8  53.666666666666664  521.08913104432645
1.9  51.0  467.76713729729551
2.0  60.333333333333336  307.68522922787548
0.1  65.333333333333329  394.04782711910104
0.2  51.333333333333336  529.93844514730881
0.3  76.0  376.24697733338343
0.4  79.333333333333329  338.75221803554035
0.5  68.333333333333329  349.30776176903282
0.6  61.0  452.61887517800716
0.7  71.666666666666671  403.46108137744665
0.8  73.666666666666671  320.35729945697199
0.9  76.333333333333329  377.21347212645901
1.0  63.333333333333336  401.94425822462466
1.1  71.0  372.22106000298464
1.2  71.333333333333329  434.82920450869796
1.3  68.666666666666671  375.89177382754281
1.4  76.666666666666671  343.22933080801477
1.5  81.333333333333329  377.31899118365874
1.6  65.666666666666671  395.01523565027242
1.7  76.333333333333329  359.67687434822011
1.8  82.0  289.3524310023198
1.9  70.0  358.33975745475396
2.0  73.333333333333329  444.36068673939803
0.1  52.0  539.3542074767862
0.2  79.333333333333329  320.42120222594201
0.3  77.666666666666671  367.24639498900092
0.4  68.666666666666671  317.32819757037993
0.5  76.0  332.58384963770408
0.6  88.333333333333329  290.9715883906959
0.7  81.0  359.5523586878154
0.8  84.333333333333329  309.78951178559748
0.9  73.333333333333329  336.91980039119028
1.0  78.0  315.82044266970894
1.1  61.666666666666664  472.27470299017642
1.2  68.0  442.00411035952669
1.3  58.0  473.85736932854945
1.4  76.333333333333329  385.92607911963978
1.5  75.666666666666671  324.02425415563442
1.6  76.666666666666671  355.91038730846623
1.7  58.0  427.71526669056243
1.8  64.666666666666671  463.07681334973825
1.9  62.333333333333336  461.24397996770671
2.0  62.666666666666664  490.95447116239154
0.1  75.0  316.03128787419968
0.2  68.666666666666671  365.54630811913955
0.3  80.0  261.37943800717483
0.4  71.0  364.35517725165755
0.5  57.666666666666664  483.83618494372962
0.6  50.333333333333336  468.59341456273035
0.7  64.333333333333329  426.43949907978754
0.8  69.333333333333329  383.26974224131641
0.9  56.0  483.20511278156437
1.0  82.0  303.30794548429679
1.1  72.666666666666671  389.91638270508201
1.2  65.666666666666671  462.54863403924634
1.3  71.333333333333329  336.85060320913101
1.4  58.0  489.50126722690072
1.5  70.0  420.15613239537254
1.6  76.333333333333329  367.67162014174107
1.7  55.0  394.27248485393028
1.8  82.0  279.08935407344001
1.9  63.666666666666664  386.97619906695292
2.0  66.666666666666671  478.61510073539506
0.1  52.333333333333336  482.18074289279537
0.2  70.666666666666671  343.18429101638407
0.3  59.333333333333336  371.59545580839836
0.4  52.666666666666664  448.40992022994863
0.5  64.666666666666671  410.44971110465593
0.6  59.0  375.57507758984724
0.7  70.666666666666671  384.51889726106941
0.8  66.333333333333329  467.95585380664312
0.9  56.666666666666664  462.14936072641694
1.0  76.666666666666671  319.32823853968489
1.1  81.333333333333329  316.8217825340551
1.2  77.333333333333329  327.95202457544417
1.3  55.333333333333336  461.15112231872513
1.4  67.666666666666671  409.50035448116938
1.5  72.0  383.82032797477797
1.6  85.0  340.87895642649499
1.7  42.333333333333336  600.26272873392782
1.8  63.0  390.62140760593627
1.9  54.333333333333336  453.45471983758756
2.0  69.666666666666671  359.70918249157023
0.1  65.333333333333329  362.47801572387414
0.2  48.0  447.19524284819278
0.3  64.333333333333329  367.91357555308036
0.4  73.666666666666671  366.35610717052077
0.5  64.666666666666671  453.76846802918828
0.6  79.0  395.23490537881105
0.7  68.333333333333329  437.96142793248697
0.8  80.333333333333329  356.96318152142453
0.9  65.0  432.96116675003225
1.0  91.333333333333329  257.69769717627946
1.1  68.666666666666671  371.60781332242692
1.2  68.666666666666671  420.37824948471183
1.3  70.666666666666671  367.91807416063034
1.4  75.666666666666671  375.67824388742588
1.5  72.666666666666671  395.00630768894871
1.6  76.333333333333329  403.44056660518174
1.7  59.666666666666664  498.08380321639379
1.8  74.666666666666671  329.42395502174986
1.9  73.666666666666671  374.07039342151774
2.0  68.0  427.65805277298097
0.1  69.0  421.25593238650413
0.2  84.0  293.11417948384576
0.3  59.0  447.58966643419791
0.4  74.333333333333329  364.05559061299942
0.5  65.0  366.1199184990283
0.6  73.0  384.95305498800093
0.7  64.333333333333329  436.49733682023481
0.8  66.666666666666671  364.69857728263014
0.9  68.333333333333329  442.12249113972831
1.0  71.0  441.95011093701333
1.1  61.333333333333336  480.76376485382104
1.2  93.0  285.96299169155776
1.3  71.666666666666671  418.976376617825
1.4  66.333333333333329  321.9454828329246
1.5  73.333333333333329  349.66119384658271
1.6  70.666666666666671  374.04701421544206
1.7  88.0  292.66472234762699
1.8  68.666666666666671  468.18581503055208
1.9  81.0  325.67160095448349
2.0  64.0  456.16259707221963
0.1  64.333333333333329  328.53491483634321
0.2  64.333333333333329  415.44867764733283
0.3  62.0  387.57751024354116
0.4  79.333333333333329  363.53887184325987
0.5  78.666666666666671  336.05338103879029
0.6  77.0  327.73768598600532
0.7  66.333333333333329  363.38309712938042
0.8  73.666666666666671  379.03646156623773
0.9  64.666666666666671  489.10117787794775
1.0  71.666666666666671  354.44207481877015
1.1  63.0  444.83331027223022
1.2  67.0  390.62570163719516
1.3  64.333333333333329  475.2772537468984
1.4  72.333333333333329  336.89702498639809
1.5  57.333333333333336  372.06073435051968
1.6  80.333333333333329  331.81111397386366
1.7  70.333333333333329  393.67961348953804
1.8  71.333333333333329  333.69855785906833
1.9  81.666666666666671  344.95042296233385
2.0  68.666666666666671  366.88468355287881
0.1  67.333333333333329  355.22976683001519
0.2  53.666666666666664  339.81946866105369
0.3  62.666666666666664  362.11946461239035
0.4  47.0  587.57922081934123
0.5  75.0  285.04988939454574
0.6  67.0  378.92289409306915
0.7  64.666666666666671  478.09660360077726
0.8  69.0  363.518973329262
0.9  74.666666666666671  371.87596206741961
1.0  70.666666666666671  370.39483223476577
1.1  61.333333333333336  473.23237736833084
1.2  77.666666666666671  328.15525986007282
1.3  58.666666666666664  404.06638045415093
1.4  75.333333333333329  402.12347919348997
1.5  70.666666666666671  392.40990566817095
1.6  58.0  391.27188961875726
1.7  68.0  380.90555698375033
1.8  48.0  527.88711863579454
1.9  72.333333333333329  404.7400747238645
2.0  69.0  433.04506542730843
0.1  48.666666666666664  517.2043400797661
0.2  79.666666666666671  360.53799439838428
0.3  70.666666666666671  446.75024544641758
0.4  76.666666666666671  353.32684693445776
0.5  56.333333333333336  459.58764387108579
0.6  75.0  322.60500680622505
0.7  76.0  315.09993055110999
0.8  73.333333333333329  394.33289576724229
0.9  75.0  382.8255532465667
1.0  72.0  363.42960123936831
1.1  92.666666666666671  258.40359236802823
1.2  74.666666666666671  369.49553252149735
1.3  69.666666666666671  391.6786615083106
1.4  64.666666666666671  368.0756439578829
1.5  84.333333333333329  278.72683704929455
1.6  86.333333333333329  286.93697885031492
1.7  80.333333333333329  337.54517090047926
1.8  54.666666666666664  456.59673606084164
1.9  68.0  473.3180916203309
2.0  79.666666666666671  314.1455668793256
0.1  82.666666666666671  317.20506491704424
0.2  72.666666666666671  351.17287504151517
0.3  62.0  448.51768701874875
0.4  75.0  382.11861525777391
0.5  56.0  439.33323936544542
0.6  70.0  321.93019438827014
0.7  75.0  402.35751286830777
0.8  71.333333333333329  369.73894696720345
0.9  54.333333333333336  393.53514663990592
1.0  71.333333333333329  420.55567924501082
1.1  49.0  428.50697880725352
1.2  75.333333333333329  386.71406444231593
1.3  66.666666666666671  436.99082642528617
1.4  62.333333333333336  439.89281796213459
1.5  57.333333333333336  471.58090841772514
1.6  73.0  368.97160430580499
1.7  51.333333333333336  501.41880299088672
1.8  48.666666666666664  592.02789556148639
1.9  55.333333333333336  410.8570114308676
2.0  87.333333333333329  285.1851945335402
0.1  64.0  358.27057603103134
0.2  80.333333333333329  343.77510841957275
0.3  72.0  361.49861305034608
0.4  66.666666666666671  451.70186963090487
0.5  66.0  498.35209079476687
0.6  79.0  343.96692896014196
0.7  55.666666666666664  498.07993234579493
0.8  76.666666666666671  391.49095329365173
0.9  82.333333333333329  321.28392155059572
1.0  74.666666666666671  342.60781394435014
1.1  63.333333333333336  372.34641370104816
1.2  68.333333333333329  408.37428447824203
1.3  61.666666666666664  505.13098136763909
1.4  74.666666666666671  311.64321071867107
1.5  64.666666666666671  405.34158124488715
1.6  59.333333333333336  471.80432679384626
1.7  65.333333333333329  448.59282394404318
1.8  79.0  384.70633439024056
1.9  81.666666666666671  324.16948329676359
2.0  74.333333333333329  361.38333528506831
0.1  59.666666666666664  471.56318438102318
0.2  64.666666666666671  463.21354386039792
0.3  77.666666666666671  339.35426128322865
0.4  64.666666666666671  401.48625681353838
0.5  77.666666666666671  355.9353482493168
0.6  76.0  306.43035333716796
0.7  57.0  475.94157586703665
0.8  66.333333333333329  444.80863087491957
0.9  66.333333333333329  444.14466615675445
1.0  67.333333333333329  443.40390152782305
1.1  71.0  425.62706561250764
1.2  76.333333333333329  358.16994213959356
1.3  58.666666666666664  410.77106137963528
1.4  78.0  327.31811813749846
1.5  69.666666666666671  334.86998191727349
1.6  70.333333333333329  364.51543158191254
1.7  83.666666666666671  288.83011528343269
1.8  71.333333333333329  346.98188800639434
1.9  62.0  380.64174433925814
2.0  57.333333333333336  448.96112345177721
0.1  44.666666666666664  503.50064744932871
0.2  71.666666666666671  306.14748512343181
0.3  57.0  501.93413916452681
0.4  74.333333333333329  332.84133023114839
0.5  63.666666666666664  413.30549759330779
0.6  73.333333333333329  351.62932795719217
0.7  60.666666666666664  374.84733272804669
0.8  76.0  322.53660661206834
0.9  77.666666666666671  360.40376058178987
1.0  61.0  482.89887849255257
1.1  86.333333333333329  324.45283978623542
1.2  68.0  418.25510787273345
1.3  77.666666666666671  377.95853094426576
1.4  69.0  272.21499481669446
1.5  76.333333333333329  286.68025945791686
1.6  66.0  413.64519332249876
1.7  60.666666666666664  380.45171333370206
1.8  65.0  351.58158250714735
1.9  70.666666666666671  472.6585943087905
2.0  72.666666666666671  359.3619503948326
0.1  47.666666666666664  484.43316526114131
0.2  78.0  311.47189176511051
0.3  79.666666666666671  347.48765706473574
0.4  79.333333333333329  272.64591131991216
0.5  89.0  313.2758972321642
0.6  67.666666666666671  382.66974796479985
0.7  63.333333333333336  464.89767728117022
0.8  78.0  373.88491354325447
0.9  63.0  429.76336008096246
1.0  62.666666666666664  369.84471994605428
1.1  76.333333333333329  323.04772371432335
1.2  70.0  402.16962426990187
1.3  71.666666666666671  357.98851536146242
1.4  73.333333333333329  364.9135811640806
1.5  89.666666666666671  261.99198843897972
1.6  59.666666666666664  462.0911195103792
1.7  79.666666666666671  346.8485867849439
1.8  66.333333333333329  442.80502452798652
1.9  65.666666666666671  446.74555100375466
2.0  72.333333333333329  354.03560757017596
0.1  67.333333333333329  331.83243446099777
0.2  59.666666666666664  525.36578874678924
0.3  65.0  355.82114105824638
0.4  66.0  434.48995127703449
0.5  60.333333333333336  410.01913575016511
0.6  76.0  384.83485304534861
0.7  60.0  464.52708632272942
0.8  72.666666666666671  371.52968905141483
0.9  58.666666666666664  443.97223618234256
1.0  67.333333333333329  405.58160573087844
1.1  67.0  402.5759219648919
1.2  74.666666666666671  398.69037443628969
1.3  59.0  383.12317619656267
1.4  74.666666666666671  380.22523253104657
1.5  63.666666666666664  401.57093008091476
1.6  65.333333333333329  464.88936193555463
1.7  61.333333333333336  386.44027482355085
1.8  64.333333333333329  422.29851524199273
1.9  41.333333333333336  581.57334866342853
2.0  73.0  353.77248034964396
0.1  79.666666666666671  354.70852526425944
0.2  77.333333333333329  277.80091678932149
0.3  50.0  535.88564336286686
0.4  77.666666666666671  363.60312177966807
0.5  70.666666666666671  328.29634795224217
0.6  57.0  434.21870956370174
0.7  54.0  467.3386321596015
0.8  81.666666666666671  302.01235584857915
0.9  72.666666666666671  271.69668831722964
1.0  74.333333333333329  355.78799907190592
1.1  56.666666666666664  539.80859438574828
1.2  75.333333333333329  305.49623131275519
1.3  52.333333333333336  532.14817922554641
1.4  79.666666666666671  343.44198327103794
1.5  62.0  486.31979165195963
1.6  60.666666666666664  444.37388792437127
1.7  79.666666666666671  361.2455473435532
1.8  66.666666666666671  409.99063036035653
1.9  64.0  432.70382870636081
2.0  60.666666666666664  398.37744534628143
0.1  49.666666666666664  479.81253754017774
0.2  54.333333333333336  592.28549777949843
0.3  84.333333333333329  303.31062843567679
0.4  62.666666666666664  426.17993951472408
0.5  66.666666666666671  359.80189236173368
0.6  65.333333333333329  372.44223843196204
0.7  74.666666666666671  332.80623182913916
0.8  72.333333333333329  384.22262850511265
0.9  61.333333333333336  467.26609447556496
1.0  71.666666666666671  335.07375326940684
1.1  55.0  556.95718165209462
1.2  76.0  362.44250855111665
1.3  66.666666666666671  401.245172443782
1.4  81.0  324.736722487382
1.5  77.666666666666671  382.22641919295978
1.6  62.333333333333336  475.45084856048243
1.7  77.0  376.00712466229027
1.8  72.0  323.98387952358058
1.9  68.0  403.19534646507765
2.0  64.333333333333329  464.16708902436841
0.1  72.0  414.21081612296132
0.2  62.333333333333336  430.2077171992691
0.3  69.0  372.10213041744436
0.4  71.0  456.51515212907998
0.5  48.333333333333336  564.71846098827189
0.6  70.0  408.17170172879298
0.7  76.333333333333329  360.98916289738281
0.8  77.0  355.07693643629409
0.9  72.666666666666671  419.58467410110893
1.0  50.666666666666664  460.40687021749346
1.1  70.0  343.27998976298636
1.2  59.666666666666664  454.73260932798308
1.3  66.333333333333329  430.8436766157194
1.4  84.666666666666671  339.94045978300682
1.5  78.0  342.23230790805343
1.6  76.0  309.9830432896357
1.7  61.666666666666664  445.93893589607598
1.8  52.666666666666664  470.85338042479833
1.9  64.666666666666671  359.4254211722
2.0  72.333333333333329  362.3272198048258
0.1  74.0  396.36441855612418
0.2  63.0  440.32366649861387
0.3  80.666666666666671  297.90008850205157
0.4  52.0  505.60978641055078
0.5  74.0  364.07388068129427
0.6  63.0  424.63400856978211
0.7  66.666666666666671  434.27313152677033
0.8  68.333333333333329  407.8114502798598
0.9  71.0  403.4928971168174
1.0  68.0  435.09543926425863
1.1  81.333333333333329  329.58209645534652
1.2  84.0  305.00629744983434
1.3  73.333333333333329  344.2138058084937
1.4  77.0  382.48135774666093
1.5  78.333333333333329  339.63319605315257
1.6  82.666666666666671  349.164569567505
1.7  73.333333333333329  353.40957829071141
1.8  86.333333333333329  277.97860350210044
1.9  74.666666666666671  347.97496884840245
2.0  36.666666666666664  646.19264956766995
0.1  80.0  256.41532003847954
0.2  74.333333333333329  330.16398601704464
0.3  60.666666666666664  466.61433457227304
0.4  70.0  434.46287947243138
0.5  83.0  289.29841748763636
0.6  70.333333333333329  434.79747031277088
0.7  74.333333333333329  354.67043670339808
0.8  58.666666666666664  452.95590760665863
0.9  64.0  483.40640644363674
1.0  63.0  450.32185680949738
1.1  47.666666666666664  430.09824054322337
1.2  72.0  373.61576410999248
1.3  77.0  328.25180117578901
1.4  78.0  353.81526003125026
1.5  70.666666666666671  404.5083178872527
1.6  90.666666666666671  277.80443915747162
1.7  75.666666666666671  371.46650034314973
1.8  60.333333333333336  403.28835214898965
1.9  71.333333333333329  394.18661211660293
2.0  68.333333333333329  357.25604435396724
0.1  49.666666666666664  367.26027703616285
0.2  61.0  528.82875681009864
0.3  61.0  406.7288779821389
0.4  79.666666666666671  313.14638170799446
0.5  62.666666666666664  439.72608695138314
0.6  82.0  257.56308678272688
0.7  73.333333333333329  362.12885632363583
0.8  43.666666666666664  475.61791674541388
0.9  70.666666666666671  411.10590504491853
1.0  46.333333333333336  298.65139564435469
1.1  60.666666666666664  506.06081649764576
1.2  72.0  385.70456040978428
1.3  73.666666666666671  362.82622881838046
1.4  57.666666666666664  475.89472810620532
1.5  63.666666666666664  410.69301554544546
1.6  65.666666666666671  414.80261104908448
1.7  85.0  305.30058033476826
1.8  59.333333333333336  480.00175652121789
1.9  85.666666666666671  339.55610838071914
2.0  77.333333333333329  366.72581226949973
0.1  71.333333333333329  400.84344814937242
0.2  72.333333333333329  354.13202591960044
0.3  63.333333333333336  373.60570145617606
0.4  66.333333333333329  339.26029902464819
0.5  69.0  329.36007915765487
0.6  57.333333333333336  509.33840068654087
0.7  49.666666666666664  508.61212835774137
0.8  66.0  372.82759111513127
0.9  56.333333333333336  440.82863824187376
1.0  71.666666666666671  345.93454817682851
1.1  66.333333333333329  438.2665785489973
1.2  83.0  313.19480643675001
1.3  75.0  369.68751498728028
1.4  58.0  454.83747069804065
1.5  81.333333333333329  347.10798876347746
1.6  42.0  486.04018280677769
1.7  75.666666666666671  280.48875601032228
1.8  82.333333333333329  305.93020287110164
1.9  64.333333333333329  406.2127962039828
2.0  66.333333333333329  409.17223557142569
0.1  72.333333333333329  413.4639304306329
0.2  61.666666666666664  478.76672313501183
0.3  81.0  279.48014423848662
0.4  65.666666666666671  457.93404501770561
0.5  64.666666666666671  382.13817168947162
0.6  58.0  478.22839342886931
0.7  62.333333333333336  456.19061275136778
0.8  61.0  467.69697315012399
0.9  58.333333333333336  470.1768686954706
1.0  80.0  291.95951681702951
1.1  75.666666666666671  287.25697675195096
1.2  87.333333333333329  271.00719923570261
1.3  66.333333333333329  408.23332035455024
1.4  65.333333333333329  427.17480739582601
1.5  70.0  420.34908292777834
1.6  72.0  389.3813630795425
1.7  73.0  374.79379300021765
1.8  63.333333333333336  416.52007670647902
1.9  62.0  340.84702163176019
2.0  67.0  411.77011828975606
0.1  71.333333333333329  256.4139461072208
0.2  73.333333333333329  361.09434053670975
0.3  70.0  388.83258895209059
0.4  73.666666666666671  369.44587460618129
0.5  80.0  334.51677539669924
0.6  75.0  384.94185816405053
0.7  59.666666666666664  443.22969056624521
0.8  70.0  367.00736115277539
0.9  74.666666666666671  313.06680368161881
1.0  78.666666666666671  435.61727261659604
1.1  80.666666666666671  321.77020867842953
1.2  72.0  385.04584811191808
1.3  86.333333333333329  302.14952197482876
1.4  62.0  391.03360297001734
1.5  51.666666666666664  574.6722511144219
1.6  66.666666666666671  478.71139962292153
1.7  55.333333333333336  430.86932627526346
1.8  73.666666666666671  321.33411840256912
1.9  46.666666666666664  361.57368798769272
2.0  76.333333333333329  282.99321533471675
0.1  75.666666666666671  302.81953146658975
0.2  69.333333333333329  346.78973820662986
0.3  63.0  300.39760765551154
0.4  60.333333333333336  435.82070985966146
0.5  74.666666666666671  436.19037517913097
0.6  88.666666666666671  324.40023525368809
0.7  74.0  386.99130164695725
0.8  54.666666666666664  458.62084115710047
0.9  73.333333333333329  333.96104148444442
1.0  68.666666666666671  370.32265187078838
1.1  90.0  251.34337206591491
1.2  48.666666666666664  620.2862977968108
1.3  81.666666666666671  344.65235650332943
1.4  67.666666666666671  374.63909851078068
1.5  74.333333333333329  329.79369676552955
1.6  79.666666666666671  297.42621075758592
1.7  71.666666666666671  372.7554611366063
1.8  56.666666666666664  428.10569387817168
1.9  67.666666666666671  434.33194707679871
2.0  51.333333333333336  571.94606949083425
0.1  46.333333333333336  402.66758969750754
0.2  73.0  514.22475571416749
0.3  71.666666666666671  301.53677520134659
0.4  72.666666666666671  338.17837343652798
0.5  78.0  345.38613376411126
0.6  45.333333333333336  406.50891332228264
0.7  42.666666666666664  585.86254527504491
0.8  58.333333333333336  503.15940043790101
0.9  77.333333333333329  337.35704740730586
1.0  60.333333333333336  341.66738408183653
1.1  67.666666666666671  417.3108135303911
1.2  67.0  428.90840576204181
1.3  72.666666666666671  362.18219952596155
1.4  68.666666666666671  354.98224910022736
1.5  83.333333333333329  345.32819530039058
1.6  64.333333333333329  426.41815703454228
1.7  78.333333333333329  339.30741214369499
1.8  83.0  319.88269195266008
1.9  58.666666666666664  478.71301524297854
2.0  73.333333333333329  376.59647026062771
0.1  67.666666666666671  395.15130113208045
0.2  67.666666666666671  413.56510365648626
0.3  84.666666666666671  279.66338704157232
0.4  72.333333333333329  301.58757840735694
0.5  49.333333333333336  319.95650999190906
0.6  69.666666666666671  360.64104713084879
0.7  76.0  368.20201514880387
0.8  58.333333333333336  407.93843458214053
0.9  72.0  328.41825361322623
1.0  84.666666666666671  348.70626246043389
1.1  47.333333333333336  445.67791897864333
1.2  80.0  363.79159062934178
1.3  69.666666666666671  380.28417351329631
1.4  69.333333333333329  410.47533360405788
1.5  64.666666666666671  399.32078863021366
1.6  59.666666666666664  370.62979395881462
1.7  74.0  373.09881964672343
1.8  66.0  398.68123364495352
1.9  59.666666666666664  372.71383855726839
2.0  69.0  434.54997395017381
0.1  78.333333333333329  348.13689457086394
0.2  61.0  339.33941233901049
0.3  69.666666666666671  393.91161088838305
0.4  54.666666666666664  479.92956076300482
0.5  74.666666666666671  403.54337015674088
0.6  72.333333333333329  406.22016010954394
0.7  63.333333333333336  473.45940918089303
0.8  53.0  472.48139628863316
0.9  72.0  362.4435259214531
1.0  59.333333333333336  407.19340397811095
1.1  65.666666666666671  367.12367682189415
1.2  72.666666666666671  401.49039955119713
1.3  72.666666666666671  371.17076849818363
1.4  62.666666666666664  523.88130249674464
1.5  74.666666666666671  366.1025928759675
1.6  82.0  296.44761819452617
1.7  82.333333333333329  333.29018476936034
1.8  69.666666666666671  308.32910370530999
1.9  58.666666666666664  487.26290838919851
2.0  66.0  443.74895746392559
0.1  67.666666666666671  485.8556077075508
0.2  69.333333333333329  450.87160584850352
0.3  39.333333333333336  517.71943562388662
0.4  60.666666666666664  390.3255785081181
0.5  62.333333333333336  462.06632157739506
0.6  62.333333333333336  406.76666562724853
0.7  60.666666666666664  495.83004690345814
0.8  65.333333333333329  375.8922622729699
0.9  85.666666666666671  256.2589527213666
1.0  51.666666666666664  470.8809916173754
1.1  76.333333333333329  334.40699158931392
1.2  81.0  272.35330187475807
1.3  78.666666666666671  365.96371665591812
1.4  72.666666666666671  360.98649072333455
1.5  70.666666666666671  446.44689789612045
1.6  67.666666666666671  415.11991843681017
1.7  71.333333333333329  388.14278259900635
1.8  91.333333333333329  261.80369885635855
1.9  78.0  327.82574627133801
2.0  48.333333333333336  319.84991347942611
0.1  60.666666666666664  437.72365610147097
0.2  72.0  343.7742409249376
0.3  72.333333333333329  354.17846833392048
0.4  53.666666666666664  561.04163458399717
0.5  47.666666666666664  534.69409324147637
0.6  58.666666666666664  479.11155636684771
0.7  67.333333333333329  412.48669825494369
0.8  65.333333333333329  470.35442385973431
0.9  71.666666666666671  327.15007125303919
1.0  70.333333333333329  426.89926188627578
1.1  76.0  371.98727839906587
1.2  70.333333333333329  389.48696823625988
1.3  58.666666666666664  494.88546645748499
1.4  70.0  371.47633675992716
1.5  71.0  397.34989799238895
1.6  73.666666666666671  401.64149137048673
1.7  82.666666666666671  316.48848740362467
1.8  63.666666666666664  395.93844565145423
1.9  51.333333333333336  447.68585188102054
2.0  69.0  437.46463122821109
0.1  40.0  518.87642905866301
0.2  83.666666666666671  301.91131862280849
0.3  79.333333333333329  290.54503802672406
0.4  82.333333333333329  273.97530109279518
0.5  57.333333333333336  499.52330481433444
0.6  70.666666666666671  385.05012254914254
0.7  72.0  390.78275635499824
0.8  63.666666666666664  511.87522764704755
0.9  73.333333333333329  377.6906909176958
1.0  73.666666666666671  382.80939516745195
1.1  75.0  395.14193667050318
1.2  61.0  314.78501870417074
1.3  73.0  362.01949550775157
1.4  62.333333333333336  513.31775748991117
1.5  77.666666666666671  334.00458325702675
1.6  60.333333333333336  443.74126346800296
1.7  52.333333333333336  553.34673109619348
1.8  56.0  386.63715279818473
1.9  72.666666666666671  356.24668298698947
2.0  79.333333333333329  344.61834417296262
0.1  65.333333333333329  338.30548280033872
0.2  58.666666666666664  387.49583634724809
0.3  73.0  360.83931891122137
0.4  76.0  329.93732393228368
0.5  80.333333333333329  334.57410630961687
0.6  69.0  429.23336363875177
0.7  58.333333333333336  455.5864425995872
0.8  57.666666666666664  489.18563596309843
0.9  70.0  363.60677477426918
1.0  54.666666666666664  422.72006754745132
1.1  69.333333333333329  424.51507896306498
1.2  66.666666666666671  415.9305083103244
1.3  80.666666666666671  358.56663284024211
1.4  69.333333333333329  466.58225505773925
1.5  79.333333333333329  352.02076869364549
1.6  72.333333333333329  387.98625194571542
1.7  60.666666666666664  415.30265642803363
1.8  71.0  394.94276073788126
1.9  66.0  306.78489387595056
2.0  85.666666666666671  289.45928200017522
0.1  82.0  274.15314835262052
0.2  62.333333333333336  437.35451719155719
0.3  96.333333333333329  223.99620210676284
0.4  74.0  448.0924438699704
0.5  70.0  439.70928508816735
0.6  68.333333333333329  326.56643370462007
0.7  76.0  364.11387473567618
0.8  79.333333333333329  354.0878110276584
0.9  64.333333333333329  425.67462943917326
1.0  85.333333333333329  295.54385027058328
1.1  69.666666666666671  385.2326054793171
1.2  74.666666666666671  388.42319345155994
1.3  74.0  406.28041033510516
1.4  67.333333333333329  402.07210529166866
1.5  59.0  409.39957319719014
1.6  66.0  362.44119635751179
1.7  83.333333333333329  257.86279221076256
1.8  65.333333333333329  333.35867462071235
1.9  67.333333333333329  381.04893954258125
2.0  73.333333333333329  316.39596872612952
0.1  73.0  478.23834472982497
0.2  75.333333333333329  278.70713744464433
0.3  60.666666666666664  458.98689716122504
0.4  75.666666666666671  404.30902994433325
0.5  73.666666666666671  317.32060203246192
0.6  87.333333333333329  325.83270425384057
0.7  63.333333333333336  386.04342052214901
0.8  64.333333333333329  436.69010913346887
0.9  67.333333333333329  347.65902567039291
1.0  57.0  515.00399398181253
1.1  73.666666666666671  330.22029380437147
1.2  72.666666666666671  367.75395748151288
1.3  70.0  375.21430096193592
1.4  71.666666666666671  381.45175313226054
1.5  62.333333333333336  393.8191605379223
1.6  66.333333333333329  415.56340229541752
1.7  62.333333333333336  433.31661589684887
1.8  68.0  351.04391658731129
1.9  68.333333333333329  432.49107125095929
2.0  66.666666666666671  476.32901349912919
0.1  79.666666666666671  297.68985339372347
0.2  62.0  415.19816044156863
0.3  57.333333333333336  429.97100538054184
0.4  54.666666666666664  474.31622138534749
0.5  57.666666666666664  477.53863011790514
0.6  57.0  517.97789908364405
0.7  73.333333333333329  407.80101261947715
0.8  83.0  349.28739337754041
0.9  68.0  387.79448477116057
1.0  71.333333333333329  356.16348263679339
1.1  77.666666666666671  318.94298092657056
1.2  72.0  354.74861871721572
1.3  83.0  302.64209431035351
1.4  68.666666666666671  351.23016116082266
1.5  78.333333333333329  302.32058126923067
1.6  69.666666666666671  402.93336014525011
1.7  73.0  403.21839892427306
1.8  56.666666666666664  454.86278039534807
1.9  88.333333333333329  288.65295359871482
2.0  45.333333333333336  526.54403290202038
