6  15  119.05372138053805
7  19  434.41088161719188
8  47  209.44881710536899
9  44  191.49700430831001
10  54  168.52474164769978
11  48  256.25894711836094
12  65  218.31312037167012
13  85  162.33050710434043
14  80  159.20228980769386
15  66  293.56620878731508
6  35  198.10582129004035
7  60  140.18688946038239
8  44  260.84625339111454
9  43  266.1249056846014
10  78  89.462530190094043
11  80  104.20190687485329
12  85  137.23800264979505
13  86  104.36972423572151
14  78  127.67233127503647
15  65  319.92352130242381
6  41  157.61723479643564
7  48  206.60881224752018
8  28  386.84984368596201
9  54  288.51202898091083
10  69  157.35664555541041
11  81  97.778396219830412
12  49  316.40361333401648
13  53  389.85440710357693
14  66  159.26342976000475
15  82  142.53714491986619
6  52  192.67105874388318
7  44  130.9427421401806
8  72  105.85097424002554
9  54  300.93098201194107
10  49  258.32103988396932
11  74  146.22913773725671
12  59  205.11805965619459
13  70  217.89970923000445
14  84  137.04150503377684
15  32  512.74541313912971
6  31  182.95920466280754
7  42  216.24048630709839
8  46  199.05694756614761
9  60  136.10798715517208
10  47  210.23067946030676
11  81  131.53962417097722
12  68  214.02475191977371
13  43  383.53685040414734
14  81  187.84763895648004
15  73  210.45413278892511
6  48  151.53115795152956
7  66  144.14820584674123
8  28  405.4265608695377
9  56  272.1192272895762
10  55  190.29433769844329
11  71  210.37291883877197
12  66  264.3440190349707
13  80  176.01056817389087
14  48  477.0889454702525
15  71  227.16061162208331
6  35  141.34274344484231
7  24  379.79639625903161
8  34  177.10849011242451
9  24  248.22736072258516
10  39  271.53947532512177
11  72  139.10344062045391
12  65  188.63021582990186
13  54  344.74671417686801
14  88  79.10472882114253
15  77  194.01943472006744
6  26  358.29529246498379
7  34  284.72373208131631
8  84  70.437759872278818
9  54  236.15979307073562
10  72  170.16632811724108
11  61  263.98185036701813
12  57  83.477920557483785
13  62  232.2911761244788
14  93  52.492579318596391
15  84  144.30637216799829
6  31  239.64318661305558
7  56  178.59670807915043
8  39  347.75724067693289
9  45  338.85911025779984
10  52  296.65878864277767
11  52  263.48746069845754
12  63  286.04600382493015
13  73  229.61961792241635
14  85  126.04401076543573
15  93  56.966536679749744
6  48  229.26070760921016
7  66  131.07997258876384
8  53  216.93472978255184
9  41  342.47836335927508
10  45  128.40830437458663
11  59  282.53681515337405
12  77  164.62851970535908
13  73  135.15798756601731
14  73  176.41420436662671
15  63  298.78864048896372
6  34  184.91480917178239
7  37  203.97071655019343
8  55  285.43839278424014
9  80  105.73897742506583
10  67  274.48547656690448
11  41  326.88921238130621
12  68  143.49075167972723
13  56  231.38133988530754
14  83  117.94947325773963
15  90  86.14788050763417
6  44  143.39673690049995
7  42  214.06012811068229
8  64  147.12609662469072
9  66  195.03433922704426
10  44  310.92829504105219
11  56  241.52168410977211
12  75  146.07762771964289
13  78  199.90228739947801
14  77  131.2172976836236
15  93  44.95759359841454
6  18  331.84847421231871
7  57  154.31981800661674
8  34  341.59884112964397
9  49  285.85437743122765
10  74  219.60598180826423
11  52  397.72674058329852
12  84  115.09634807723442
13  68  286.63523996372851
14  84  97.854504400620243
15  51  485.85758139482084
6  47  134.90432525786591
7  58  207.12551072750827
8  27  232.84809824466933
9  47  241.45817235781001
10  53  173.16004707476989
11  80  139.09333397898243
12  58  241.34836510228581
13  68  195.56510587473724
14  67  260.1090547759805
15  83  132.68806516902353
6  10  223.6554151814718
7  66  99.653884382342596
8  37  258.93564688045103
9  39  268.33036702791054
10  54  208.13521560512248
11  71  154.40478964054142
12  73  263.59938823344203
13  55  356.43899920166388
14  42  398.13522906284499
15  81  111.52045828994586
6  49  130.59994363501434
7  50  165.68434243849458
8  49  328.20363602685984
9  59  167.00760859427345
10  90  56.071887383753698
11  74  181.78061574054021
12  57  288.30069706262651
13  59  354.30130596101236
14  61  307.94836654448073
15  75  204.75519085764518
6  21  350.84619190858621
7  60  160.13134651939291
8  39  169.09572197414343
9  55  269.86809462291473
10  71  153.87496030722815
11  56  235.60730391659493
12  65  329.57585460089609
13  85  106.0388368873637
14  60  292.28323980989995
15  82  123.59358591912226
6  39  180.66845049476532
7  18  416.38510522721936
8  33  373.97810323948568
9  41  434.35555660171002
10  44  349.55387097319186
11  60  259.10803064150917
12  48  357.34779799441174
13  68  257.50647932570001
14  53  354.56248829019012
15  69  195.48264121801307
6  28  196.23314238254247
7  29  237.77581966711185
8  43  192.70836467244007
9  66  161.69810977992447
10  37  229.98509591144392
11  44  415.88084806040962
12  75  106.50808224105484
13  67  254.48588486156751
14  60  352.60867790544336
15  95  51.732181055595078
6  16  326.26204025141749
7  50  210.259991425539
8  32  270.46697493226225
9  65  102.36499463162357
10  71  152.22895849013463
11  37  425.7454288879124
12  53  165.46943031476383
13  77  198.18572041390294
14  83  136.68352303401329
15  88  115.61185661774421
6  24  430.29948985486146
7  48  173.5555000846993
8  59  185.43864103934513
9  42  353.84517901118267
10  53  176.09997816196216
11  76  129.72866491226856
12  78  137.03105413855957
13  82  138.46829930578255
14  62  309.01707257996952
15  70  265.85439270656116
6  56  136.87654047491989
7  43  309.34171385075797
8  51  189.6223935082364
9  77  129.5055102790505
10  54  249.56078630739381
11  59  265.06470948141055
12  83  137.80640798421533
13  70  249.55523896529186
14  84  99.36222054693215
15  74  220.45845075483416
6  44  209.41360581146057
7  40  198.41222002484378
8  47  296.95832890540527
9  57  295.20065653249281
10  63  237.60593398017841
11  71  200.50710896468726
12  66  228.20698701110447
13  78  174.24349593935258
14  91  61.340683624700084
15  74  179.41595812779241
6  35  180.94376830254961
7  45  238.30318191733784
8  67  151.27965485795548
9  69  140.59475163765637
10  68  176.35687109715107
11  72  122.5969318360459
12  42  256.21471056395808
13  58  290.87544188325347
14  65  215.12030194981585
15  87  107.25891292715771
6  39  148.83138901345268
7  46  320.06459634851916
8  46  141.43280511904635
9  36  440.58132050318687
10  31  551.78217530007635
11  55  427.42829410674477
12  75  143.24436138981287
13  70  217.10995760340793
14  57  295.56933257004732
15  65  288.4612138358612
6  29  135.97489533530378
7  76  76.442827100510556
8  33  267.90059532718118
9  59  109.28418296945567
10  64  271.2851934602013
11  56  270.96920257662822
12  72  228.38152423176822
13  70  193.32458799533759
14  93  53.880219456419375
15  55  383.10032715305181
6  21  150.8409316567122
7  43  208.63190486777273
8  48  220.42054577676569
9  60  206.33936492502787
10  70  182.14685609976465
11  58  232.50270846665362
12  65  240.43693365502889
13  65  250.65440754004283
14  69  184.19592580483223
15  90  73.233881788243352
6  55  155.77178719350857
7  37  301.3118011625649
8  51  206.33375202335861
9  18  651.64931305859329
10  61  227.09237154823938
11  82  93.682418605268282
12  87  149.35878863896551
13  69  302.16980421639795
14  66  239.88918153649436
15  47  494.77744556254021
6  48  174.62045545263911
7  39  299.90826534247429
8  68  157.7069938261611
9  52  268.12954184902492
10  56  299.88175193792466
11  60  240.31640453298331
12  55  279.76301720115964
13  62  300.20327686193264
14  79  156.40718561878563
15  89  77.703837236599853
6  22  231.36022399498407
7  43  229.38047894489964
8  30  296.09011210950177
9  54  237.11436264056718
10  47  194.0045559261404
11  55  193.59976105738752
12  61  136.31201320734604
13  73  196.89502386303803
14  74  206.74157321387312
15  73  230.3990610929703
6  40  136.53855121462033
7  38  229.66864530719641
8  62  133.25983957970357
9  53  282.55282349668084
10  91  64.212652865089979
11  66  229.66952884577904
12  62  227.60433637696553
13  54  197.20462351730578
14  69  239.92727777827949
15  79  186.13399449910497
6  61  128.16335388186937
7  54  104.44679902977582
8  37  154.73526531159516
9  51  207.86972857647763
10  49  252.19811371329035
11  64  176.29215520553217
12  60  349.11336317110607
13  72  230.77749389967909
14  94  46.134956932445832
15  90  80.157668434942934
6  34  256.46171814336839
7  46  145.39930831577954
8  40  298.59238574829834
9  34  415.43238190537619
10  69  127.36466079964703
11  61  340.44442525004968
12  68  191.96747587126046
13  91  50.357688415500888
14  63  300.97842497399262
15  58  264.10145633265779
6  27  30.131779302968777
7  45  128.59815371764418
8  30  285.97298295490168
9  55  223.08152856465182
10  24  124.99003311553213
11  71  112.61870941243376
12  68  176.34113821020753
13  62  197.58131279123589
14  68  214.03768013462377
15  74  194.5186976590937
6  34  150.6322423377799
7  32  338.25751047096338
8  29  523.57285720203788
9  66  291.17717623508543
10  56  277.89814977313915
11  74  158.09592734416339
12  65  247.46690376454046
13  68  186.58314889600433
14  67  205.0286958175202
15  76  184.83195804452114
6  39  260.58718260062409
7  45  164.4284657210878
8  37  205.89734424650794
9  37  343.30231189995226
10  73  140.0845719674638
11  51  312.48184408491556
12  73  181.11691791276957
13  52  318.52414756773584
14  73  219.92290483774812
15  72  150.6811302556645
6  40  179.92547937353905
7  42  303.13379055759322
8  58  133.62279010967671
9  66  105.85672181389819
10  24  346.69109824772119
11  46  259.15768388483025
12  58  252.16774209139601
13  59  330.26959351072395
14  57  378.20412089283042
15  77  134.38548059491163
6  31  217.41567157823761
7  57  236.10676694618178
8  41  280.72131105696326
9  59  244.67898923662074
10  64  144.69074146010294
11  47  323.16826851041719
12  67  221.62494736219071
13  77  132.60699669172357
14  56  286.60304949525857
15  66  230.62907175881287
6  42  180.96210852645928
7  28  165.44910367746229
8  59  130.96127374976106
9  21  307.60121091256184
10  73  168.69283389947893
11  75  191.94561400643909
12  76  189.46502017420462
13  78  133.41549661708692
14  54  344.10550915409021
15  95  26.212801257495762
6  21  294.01431593582652
7  25  210.24239073566829
8  50  366.59655957093361
9  42  389.77325210153509
10  70  191.93140320142984
11  76  89.212619099742099
12  68  188.58653223662478
13  75  169.84638018188048
14  41  571.66818732290665
15  63  206.86576348479178
6  29  260.76965876290325
7  60  131.71084646828862
8  72  118.18518676435937
9  38  325.30394651873871
10  64  159.12417110167434
11  62  266.28936137811235
12  83  109.17689197779146
13  38  331.13146387616291
14  49  416.64251392340134
15  76  185.84384508582031
6  41  200.33119258798615
7  27  121.84986697566231
8  37  222.29171038487499
9  33  407.1620906783578
10  39  251.4280523090427
11  59  338.01485896724603
12  63  153.67960429624097
13  98  19.518077422425399
14  85  170.06042255258396
15  79  201.55768771430979
6  32  159.38639388159356
7  56  149.97167754000671
8  29  394.33996610919661
9  58  138.74485973410819
10  49  238.56704336599279
11  21  310.16259055306892
12  49  306.70469816959979
13  78  154.49066767781204
14  58  329.37743432384065
15  92  66.408650767580838
6  36  261.03623014482827
7  41  167.16346296971648
8  38  252.71706356289454
9  25  482.29255109159914
10  49  185.21186073924486
11  74  226.34959823908531
12  61  184.02066079479403
13  79  163.36611808598821
14  86  102.6051630777103
15  67  278.05474901818553
6  54  197.80744096525416
7  19  425.81326378207069
8  48  235.5146702396722
9  65  349.56218209787238
10  72  112.47415932338444
11  58  318.63341265972753
12  69  227.30347926319632
13  70  214.1907135382915
14  81  82.410089359169405
15  64  316.38673730332118
6  45  148.40580421547725
7  43  261.33094955990111
8  36  283.17752784615777
9  59  119.23741148130836
10  50  271.2337200179839
11  78  107.48981869770404
12  58  279.03610097453264
13  50  312.37991980976739
14  81  148.30193079081843
15  90  88.480701766865593
6  54  199.5667030486845
7  24  406.70475600530045
8  26  341.91350667109771
9  28  105.87243745166822
10  60  248.27586266068295
11  73  165.14047682384972
12  66  273.2153362638735
13  72  170.71825028251428
14  76  167.6706485629326
15  54  438.21592180938194
6  23  229.82102537568218
7  54  146.26079489734869
8  29  268.04062627822168
9  60  283.82265345743167
10  73  191.33206297515207
11  59  262.48757276991989
12  58  302.38501739906269
13  47  361.68884179348441
14  84  127.46890718740397
15  89  104.20865741447577
6  32  251.98770425493825
7  56  212.88389594833038
8  32  330.00578498282869
9  68  157.00374366325505
10  74  65.470494016840476
11  64  254.62516749909398
12  58  286.87251323994599
13  81  134.98693798974358
14  77  205.6979762094839
15  79  148.95755370792941
6  41  235.25650078372524
7  34  344.20273635591047
8  35  278.66710527336528
9  35  375.14970947074335
10  50  252.5681439173556
11  54  190.86618693091887
12  60  312.40546775925878
13  51  375.04226185496822
14  83  152.16912249933645
15  99  7.4414233522794682
6  24  160.01269405270338
7  30  64.168015483424981
8  44  271.98051802745948
9  69  203.25447261347406
10  47  264.65516540295027
11  51  313.22207495130135
12  59  341.04803471144589
13  71  173.79192158874474
14  79  183.53839845478959
15  75  165.90098682536851
6  48  118.8721124431286
7  44  247.45472421609026
8  32  382.24441943188458
9  70  172.74926177921043
10  60  132.4064683728601
11  60  250.27905717535668
12  57  351.79968569474454
13  54  311.49137777733171
14  69  218.81346186261999
15  86  136.41687051298874
6  20  183.89168790178121
7  17  353.79824226715198
8  67  148.14101411559207
9  58  217.80829820261769
10  48  333.37955692509684
11  47  377.02604398549823
12  77  147.91853447567473
13  73  138.53255225751403
14  72  227.22574761112645
15  77  184.93967464617427
6  47  226.72455566641028
7  38  213.55284074990251
8  36  283.32313127008319
9  23  409.01963917148146
10  64  227.69118797086992
11  66  232.87264714127079
12  40  488.12334367343959
13  79  152.11863136220859
14  72  197.10334153672551
15  90  88.836739204527845
6  39  212.43665789042041
7  43  265.1366605289565
8  26  407.01242306488751
9  65  181.51207545991659
10  74  201.32895938665064
11  67  186.43887040739398
12  38  257.35952846535605
13  79  174.26059339810931
14  74  151.55893439664968
15  47  345.03114552684673
6  31  64.157666350708936
7  30  401.0483112477599
8  47  103.16676157717598
9  49  294.7149932135149
10  65  167.54967571794981
11  52  249.61248941625672
12  55  397.99241694597492
13  74  184.16821514754304
14  83  164.06861221435065
15  58  411.34385217069922
6  21  353.38438586568856
7  48  226.71616158156564
8  51  217.57140945732391
9  52  240.26770227060751
10  56  281.32070116201402
11  81  149.25333455450158
12  75  246.33449895162818
13  58  374.66934534924189
14  55  272.44915436260175
15  67  319.51715122193718
6  40  129.62654782829415
7  42  185.14545502751301
8  47  227.16514320971481
9  53  158.72427506184511
10  59  296.0933153241325
11  43  403.01576563395429
12  48  407.54917470242123
13  71  204.95206313301196
14  70  213.62363181231967
15  85  131.8369187513949
6  52  211.75330083747824
7  14  173.36275786580893
8  46  316.85942555861533
9  60  181.95008373317827
10  63  197.66016527313238
11  70  177.70873214044042
12  70  240.91004599856339
13  37  374.88266428118567
14  74  197.38551966314475
15  85  126.05268490218698
6  40  294.39654250886332
7  38  179.24210243751486
8  56  77.223429335141589
9  71  242.64175751852565
10  52  160.82123391122684
11  54  361.53567165096746
12  67  285.13305539367889
13  60  318.36893196170564
14  84  127.74448725517259
15  72  399.39230547931203
6  59  129.56604465401139
7  42  198.22764144993343
8  73  103.82209826142197
9  21  366.89661863191515
10  72  119.57535086334983
11  30  437.10600049539971
12  76  152.40049947408301
13  69  198.44770970496728
14  91  76.476980907643465
15  65  214.3992678920992
6  49  164.79973990564028
7  74  109.55336846966233
8  40  397.66866183201762
9  61  203.04691825504531
10  39  305.72194142959353
11  71  169.81386378875681
12  45  487.45722553907285
13  72  206.68753230378366
14  60  280.44829852136616
15  74  191.00612801991474
6  31  118.23605631992751
7  19  140.81955335767677
8  58  38.363814614260924
9  35  394.2528432034091
10  63  182.12028566325372
11  65  177.86115165367391
12  53  361.12877854757267
13  75  126.80300067291023
14  67  219.82095211799083
15  78  141.36819959497811
6  19  338.55259924215915
7  43  159.24843281264751
8  51  230.50499111122113
9  32  290.63906237792355
10  55  367.9933190177
11  49  286.38528840777894
12  80  112.95550442861068
13  68  252.87957383650098
14  66  349.91726849553083
15  81  123.5789887640878
6  27  254.53398251938472
7  41  171.87069889542184
8  68  165.11745203810264
9  63  198.86575718737529
10  36  601.85589832783842
11  40  435.7607899025956
12  70  159.66740184015907
13  64  301.05266875321036
14  80  163.50682254903779
15  71  242.48897496285417
6  29  263.07759963437542
7  36  232.45545559862717
8  16  275.09928900359267
9  53  230.18284627793969
10  50  371.55941386693166
11  50  180.36963766503754
12  69  213.23759780311863
13  85  85.035011697652635
14  76  202.82200553668855
15  64  298.74014440841029
6  69  92.802251267693578
7  59  154.78081299525763
8  45  214.94098981871679
9  33  163.89785672879239
10  53  354.55738638578737
11  78  136.79187028511427
12  46  250.21477550949007
13  43  448.76341407301214
14  71  236.59147087475239
15  63  299.99624143760326
6  40  230.46962001612104
7  31  238.34517458608855
8  45  204.69899192409275
9  58  195.28803331353188
10  61  173.75867587247984
11  81  144.65521745353982
12  61  329.01528883159415
13  84  157.40009669805821
14  45  458.11095021177698
15  57  286.12577697963741
6  57  145.44344295458447
7  26  254.35000922914523
8  63  223.75127311943075
9  37  349.4776814495645
10  62  89.828030830057145
11  47  325.48171195408236
12  72  167.77215557287491
13  93  54.563038141540027
14  84  156.54503588935603
15  86  128.0180579829705
6  33  290.40183955206771
7  29  270.91183086897161
8  43  274.15456687086498
9  48  279.48804048780283
10  34  303.54596134416721
11  84  107.36616216972809
12  71  156.18690093960498
13  66  275.75333410237215
14  43  320.80692669323508
15  43  498.5329413163189
6  20  277.74611480683063
7  43  289.05639827160013
8  44  445.90508362099939
9  74  110.5232548068108
10  43  329.22398257904928
11  52  252.62968132003579
12  37  466.71118726435577
13  43  356.2262874613038
14  83  101.29730034046209
15  55  345.52022406425783
6  22  117.47156378152968
7  49  288.8344778053015
8  47  219.7612143557125
9  59  249.47490311851746
10  52  325.02166929769083
11  47  308.12013366111353
12  47  311.26560079237731
13  69  199.8855462358726
14  74  232.04151066568627
15  82  151.29445834647024
6  39  259.88999761578782
7  66  190.32730069801582
8  58  150.24617907714531
9  65  150.59098727397176
10  40  258.39545279002948
11  79  156.89360106092474
12  62  253.83565664191144
13  68  187.6508267518449
14  88  97.579844678685589
15  81  165.5350509458863
6  24  353.93288435289531
7  27  249.59843796645845
8  35  225.24991810127514
9  46  295.97564918554184
10  72  253.06688879388912
11  53  186.09439306246475
12  66  214.79915953259453
13  74  206.05216043968611
14  61  339.07629054544964
15  79  179.89527644629229
6  26  124.64080071339963
7  43  225.05153891010906
8  24  449.85714568500509
9  67  171.37901329457313
10  81  81.960331800100661
11  73  139.00450823635109
12  79  142.26360682452403
13  53  491.16501003399117
14  45  312.77251898015601
15  64  221.87950322615583
6  31  230.35004694025744
7  24  295.07579626674448
8  50  214.81728416898724
9  43  344.32210815953164
10  65  121.42175907227369
11  53  263.38451242050326
12  59  291.00946135255987
13  69  281.71000998961745
14  69  199.34126164797189
15  85  115.94465845055983
6  39  139.85785147374494
7  62  151.61031632712729
8  51  64.192103863425586
9  79  104.73314797257551
10  84  76.789641988742659
11  20  540.5823395770052
12  72  190.38773133294183
13  76  162.86593921453868
14  91  67.65896046171116
15  66  267.74918550967999
6  35  153.22403342749593
7  38  202.50061451704113
8  35  375.41106362181694
9  71  83.895349492872228
10  65  215.93041011294349
11  69  225.92577286631564
12  74  179.51260706387959
13  42  385.57519345684682
14  80  118.68301481979752
15  80  155.64110860730318
6  47  89.316873513597926
7  44  214.59726389913783
8  50  178.82297916749965
9  51  263.68708351182732
10  46  404.9939790553974
11  52  260.4679753876735
12  54  258.20120186397043
13  66  184.25008029851375
14  90  80.70955420131726
15  81  180.88850608270462
6  31  203.27021035252901
7  44  167.35990610493988
8  37  370.88555172093641
9  72  205.04636794023835
10  39  574.43688081064795
11  61  216.62478943121477
12  84  84.502126361278286
13  79  154.38829482880772
14  78  195.37727564758856
15  92  57.195309253671127
6  29  257.07800351714576
7  34  177.01525201396797
8  11  154.28560948314026
9  41  323.05487477641265
10  63  180.88289049907567
11  50  383.57688783700951
12  21  369.03209339893624
13  55  325.83633929470216
14  92  36.943593209975965
15  67  146.13475715671254
6  52  131.33242875116161
7  54  161.97604827413559
8  45  308.90598244822837
9  66  151.24310875466179
10  66  347.1002530038254
11  37  361.10451725371934
12  72  141.92204656259554
13  73  199.38829682566782
14  77  185.5025210458968
15  81  158.00000000000006
6  35  168.85137763892664
7  57  194.29766770855898
8  41  218.1004155022155
9  75  144.40284216761177
10  62  161.69193798525865
11  65  167.59111357357548
12  59  289.26430823461243
13  43  360.35421718704532
14  69  288.53324661051005
15  49  470.62147156407383
6  24  232.43155628615577
7  31  116.3793149367537
8  67  142.13309842246656
9  46  250.74580834788998
10  37  480.84887959844707
11  22  457.7089116679698
12  58  341.47628635384535
13  78  190.51179320452212
14  81  186.08684583805316
15  91  82.128099101142823
6  32  278.00984724739612
7  34  376.58125884096091
8  40  301.40979859510554
9  45  410.5687928400601
10  74  166.66624960551454
11  36  327.27464961008081
12  76  119.69559411480442
13  48  329.18247563756751
14  84  117.19298240687503
15  97  26.920451553565393
6  37  269.02144054954636
7  46  219.48107011059261
8  41  254.7190291956716
9  45  198.86938210067399
10  53  220.28269997075506
11  82  147.4675493787644
12  65  235.86276420975665
13  56  334.39941306349755
14  73  233.64804733213083
15  75  236.44350978600008
6  47  165.753350162804
7  27  356.39542944831942
8  24  303.86798026853785
9  71  131.90102296170068
10  41  160.46868151842691
11  71  216.91045013831675
12  76  127.89041940605149
13  77  181.88443283591138
14  49  480.19521251070063
15  77  149.18660085336182
6  47  218.5558396949574
7  26  176.09543641829308
8  59  198.17848462799199
9  46  177.35435892645626
10  64  176.1357057306011
11  76  125.85177855871186
12  61  238.2594437283355
13  49  272.56326221906153
14  69  213.07818691279147
15  62  305.33534005402731
6  48  181.4121476477568
7  9  300.1497243845958
8  74  119.05753317363298
9  42  255.45809514755425
10  34  386.79158705707897
11  46  169.40547454588099
12  77  128.26385285294936
13  82  129.38207660130729
14  86  116.53173725070064
15  76  131.12651762508688
6  26  233.87007680367873
7  57  231.47047795387152
8  43  423.84277049879319
9  70  144.0818905553954
10  52  276.78543990351727
11  43  347.40210182190418
12  67  136.22535800431353
13  84  130.06378743834571
14  76  65.806404943067605
15  93  55.427089160178724
6  28  182.86795925834343
7  28  236.97238661814495
8  47  172.86203967989306
9  75  172.70224693930689
10  50  296.24197595579699
11  60  206.00743926528492
12  48  404.80168117869488
13  88  84.993180834827641
14  86  156.13536301699779
15  79  194.14497014399885
6  45  84.959267576470268
7  30  214.33847690951336
8  55  156.15674426113378
9  62  304.67962900134603
10  54  272.08238505209778
11  46  244.02053400292593
12  78  142.76601530728624
13  63  327.29836207045298
14  68  173.30498424632498
15  81  166.2057101431335
6  29  205.42649958774871
7  36  155.5845448976533
8  24  269.31440508738746
9  33  283.77611757767693
10  52  210.19440443514335
11  74  101.4246431009514
12  43  489.38687306112473
13  71  197.65636404007327
14  85  113.62989605307369
15  89  97.98756930725996
6  65  190.4895811509279
7  46  222.71397734541293
8  26  381.10571749079389
9  35  389.1578569931051
10  67  157.52273967815432
11  58  188.88779080094352
12  51  248.51475937438909
13  74  241.94699130753702
14  71  231.42955484790684
15  96  41.326591546430173
6  32  244.29408671490299
7  38  242.94327936289599
8  39  307.23660123904347
9  54  284.9912097111706
10  72  175.89846660334038
11  44  302.92686701391574
12  47  326.39208740230879
13  64  282.85877702701663
14  97  20.959341933937125
15  59  354.61325311458467
6  31  337.24507847810673
7  64  144.0742468994828
8  51  207.65385689126762
9  64  205.07768647840714
10  51  406.40356823484819
11  55  384.43659435495732
12  79  127.92212900015444
13  59  374.66909472364193
14  85  103.42795707278698
15  91  105.04291528680017
6  27  289.31721895882487
7  24  458.84864223409886
8  32  292.44563977924827
9  62  179.85206749636302
10  73  138.93273663482796
11  46  434.03979138663271
12  59  203.8862173147389
13  67  179.64686790246853
14  78  158.12932010293372
15  82  161.45806439285653
6  21  222.69448207668734
7  11  355.63462925614806
8  56  177.15195672620635
9  44  201.33439504714269
10  75  159.36086077608815
11  69  230.15065626815655
12  78  142.05320535270809
13  32  233.47375661092858
14  71  224.81942764344808
15  81  190.47626111198602
6  21  374.70373564303861
7  14  175.77415913056549
8  35  167.32038478799936
9  43  260.88078712323033
10  68  397.38316864745406
11  74  155.02801092496338
12  60  273.4989119881223
13  82  126.91411601667956
14  87  94.664562823116569
15  73  230.85659437071365
6  10  333.53063926232022
7  16  405.40935514968305
8  42  209.47989502561845
9  40  297.73644988905659
10  34  299.52124745827791
11  87  77.824705239220847
12  65  237.75750979045534
13  74  174.71236995986888
14  80  148.28176268647599
15  88  103.31297355769451
