2  4  53.999999999999986
4  57  61.019660302123533
6  72  74.757334639548887
8  71  134.2060371521747
10  65  129.78903605101431
12  73  135.52130026660649
14  92  69.472689329794022
16  54  129.37407751575995
18  89  103.08005819612583
20  91  71.389712877239006
2  4  54.173415595748146
4  14  55.000000000000071
6  81  59.1841372641763
8  64  69.529341122778931
10  75  87.131905360624458
12  76  166.57003328775843
14  70  173.99232207019989
16  91  79.591700648655589
18  86  112.30706405466364
20  77  165.1104557816337
2  16  12.168281864423379
4  20  108.15283096967028
6  13  131.90199806026897
8  89  86.110541243215081
10  74  73.463129494260642
12  49  146.52667132853071
14  57  187.19990818877633
16  70  170.14535848539421
18  74  143.5084498088643
20  64  174.87407471402398
2  15  65.832614570120299
4  53  94.54861984202789
6  37  95.498747427400332
8  32  99.182458183642751
10  78  105.71072229031581
12  87  110.54825964651855
14  74  155.35090111876045
16  55  213.17959791360553
18  83  101.92220709467907
20  91  85.386908145746801
2  54  53.870188385694213
4  0  0.0
6  44  82.646060706936026
8  47  65.345781795606158
10  40  121.20228635381562
12  48  166.42160221592724
14  86  99.178304208537071
16  99  77.097127070796006
18  52  203.50244243711163
20  93  79.161673344421317
2  0  34.999999999999993
4  16  88.646109641168465
6  29  81.121331994514833
8  54  131.17190056583163
10  83  122.10942903027312
12  91  94.242396860730281
14  71  158.43979453454773
16  91  96.188302875413811
18  57  153.29223108651482
20  87  93.610055379672858
2  15  39.8890595660326
4  46  54.912948330137134
6  65  126.46631209174859
8  64  109.73797074967473
10  75  99.938470234922789
12  50  150.44735127587316
14  72  149.19009864329044
16  84  110.48432826188434
18  70  162.02509460153527
20  56  145.94534963963574
2  68  92.148585193915793
4  90  61.626744849848485
6  35  146.36356730229016
8  56  121.21498163928342
10  71  130.27544711519383
12  57  186.94671328202125
14  71  136.08695692919369
16  84  105.26598308371187
18  95  80.543659231186865
20  79  150.15632474304172
2  0  56.999999999999972
4  56  73.446058965086777
6  75  98.05383432133975
8  20  98.807622350561402
10  62  113.25399170982497
12  68  120.88540381838099
14  71  136.5336431622033
16  85  104.45768789153385
18  70  167.8836278595104
20  53  174.47066191138029
2  67  57.832379468847279
4  15  38.765107523215576
6  28  78.46886610147466
8  62  81.256211992113876
10  89  82.67721940237962
12  58  109.6457518657769
14  83  126.05432787762631
16  74  136.12146989085463
18  70  114.80829873761266
20  81  130.91751166552521
2  0  55.000000000000028
4  84  68.297608756129719
6  56  63.510141221600044
8  81  103.13321796445572
10  100  69.515487845134842
12  76  104.69258997689171
14  70  127.04362889851467
16  80  143.73023484890351
18  71  165.74502046603473
20  77  156.0352488988452
2  20  29.717854235927259
4  39  82.177542602209769
6  23  80.939703936417288
8  57  114.82674453233319
10  55  149.63265004920072
12  53  145.49353379457301
14  53  239.00116897368744
16  78  98.357471078893767
18  67  165.85309765334836
20  79  137.31339644039468
2  9  60.300505578614292
4  18  104.28764092355388
6  24  181.96321758674571
8  53  113.98392243221403
10  67  100.42543097201273
12  87  92.070625803528046
14  56  174.89314653941463
16  91  97.838404852315151
18  60  149.37100237388773
20  87  91.62766310107466
2  67  70.192753457503869
4  55  49.849720681323774
6  54  153.91018846812199
8  78  71.219504057301691
10  53  54.778251953596403
12  94  72.091448122121733
14  85  112.38871689531258
16  100  38.644217776436392
18  89  108.05411433553547
20  70  167.87963864583938
2  9  36.193937834278159
4  74  54.127442869520252
6  29  100.11062854295872
8  37  100.10047367993786
10  82  103.82777893366338
12  82  86.355518164633551
14  86  109.21027102111496
16  91  81.132014487228943
18  98  83.686091404018924
20  62  183.19083880022893
2  0  7.0
4  37  112.03920214406432
6  74  71.826764093749972
8  65  131.74457539655901
10  78  70.418635477011307
12  61  150.3525632064574
14  73  116.27985872796
16  85  116.26007972131046
18  80  136.76596727834425
20  77  133.83521117794137
2  7  117.83730230676103
4  0  60.000000000000014
6  69  120.81212747588168
8  66  117.41844593035931
10  24  63.579604600877353
12  75  118.87622391265464
14  44  155.68721083366646
16  48  48.342382006899051
18  85  104.36854094098764
20  100  46.78944875485022
2  44  88.834049639277936
4  37  75.101117061841961
6  62  117.30313126452538
8  59  86.956708081564017
10  45  128.57612802707808
12  43  233.15283543224007
14  98  73.685008114677146
16  34  234.58986628093774
18  64  207.23764409701857
20  60  134.9092954880754
2  11  47.460329727079191
4  57  106.59516193016951
6  45  99.096132663293105
8  10  33.447016258231365
10  59  191.97088202346842
12  78  138.59969278840248
14  78  66.283446085828785
16  61  159.15831780176464
18  68  168.29296997118215
20  78  125.79279254701639
2  0  44.99999999999995
4  38  84.350978758227257
6  38  99.288176377541049
8  54  158.67282117422766
10  87  88.134129114778347
12  87  89.624723140390202
14  76  91.426879055020038
16  89  86.919469825943196
18  67  170.96518194679533
20  90  97.212018893456943
2  0  0.0
4  30  75.832177762274185
6  56  59.773453486140887
8  35  170.16657465820066
10  80  112.10975589167811
12  94  85.811050236488825
14  83  118.35409529958343
16  100  60.932351869973012
18  44  233.45846217087291
20  51  220.67349062501893
2  18  43.845307122641962
4  33  122.18995910929584
6  23  127.35112124236126
8  97  72.373194682739168
10  46  143.06621096706405
12  41  58.959773824173496
14  70  75.611649488843895
16  59  181.88637775168652
18  55  202.85164031550963
20  83  99.940193929499912
2  9  57.625080275708264
4  29  82.796974712449355
6  45  73.73361802174162
8  48  157.12489532611866
10  60  89.374366425826409
12  65  133.7895388213247
14  52  187.54725280122349
16  62  166.3349418856877
18  50  244.80757183244981
20  94  75.908571855551941
2  14  80.212532215614075
4  55  106.39992916199022
6  86  72.822287443898119
8  72  80.341470634727258
10  27  116.14241613837092
12  51  186.37117644360433
14  77  133.06984294715332
16  74  152.87693105177991
18  80  117.29435164709854
20  87  117.74472429428809
2  45  56.27822776254078
4  27  89.26596739653418
6  61  90.160548403943892
8  41  118.83768631221025
10  51  127.07331995284515
12  27  180.33843806149716
14  78  120.86598070396703
16  52  135.8418442584701
18  72  152.37901997927179
20  79  132.72141768875503
2  40  41.851752388802403
4  48  98.328960186185199
6  82  102.81411595403169
8  42  167.21294081658462
10  93  65.610568052901613
12  46  153.33274496037438
14  85  95.011670335454511
16  57  171.2592166562905
18  76  163.75530260267402
20  64  189.66805727096283
2  0  23.0
4  15  51.440938056344038
6  64  104.36494188499893
8  82  81.033478604109391
10  64  68.478496018425602
12  47  176.15891720063308
14  90  123.88581942201681
16  77  135.03261437140881
18  84  126.51084546793989
20  88  99.445674012267958
2  10  53.000000000000007
4  16  87.099426667879555
6  61  51.943143034417851
8  45  104.57932620517812
10  74  86.522915116347036
12  56  138.52132207212003
14  47  215.64087364843201
16  76  151.83780308402677
18  63  225.2310720743464
20  82  99.834358535212928
2  4  56.4778883590132
4  60  94.72154065643393
6  81  95.2122514934279
8  55  177.72917415703361
10  56  157.67599580104954
12  55  157.71472061274267
14  65  143.44787201587184
16  66  130.70038493992632
18  70  161.3407208799392
20  64  194.68194109078343
2  3  39.999999999999972
4  27  70.036885793672454
6  80  93.743909093709931
8  81  87.912276516355973
10  83  76.571027510288687
12  70  104.73132180827994
14  70  157.11901355638557
16  62  135.28656633624752
18  74  163.52210101316069
20  85  92.707143984222313
2  45  75.529932795265708
4  51  71.025192233253918
6  0  32.000000000000021
8  44  110.41994387049527
10  47  104.08530515096791
12  87  81.593728739453482
14  67  163.99799973108153
16  69  164.4062496945333
18  67  177.99369471472247
20  61  153.55289833741907
2  44  50.701340913403364
4  41  97.676103810513993
6  26  124.5166145392886
8  62  143.08803678574449
10  75  88.602436796164525
12  80  125.34766763601385
14  60  130.04732215833695
16  83  125.93929099298779
18  62  144.74317275076001
20  98  66.741419941714895
2  13  53.200399354354012
4  43  46.129686714694202
6  62  89.527009955817135
8  79  95.921410581525251
10  96  62.567214104554331
12  59  159.9419843517027
14  93  78.817419587354678
16  70  145.55368120863687
18  86  121.37994919286839
20  95  89.665941306206747
2  43  49.753580181294936
4  60  90.873470393660654
6  36  83.681679106992931
8  70  105.80013889004032
10  47  194.92540706794318
12  60  80.992660132012887
14  63  132.79592811890407
16  66  150.87004939328824
18  68  164.4154578474365
20  88  95.48395195551052
2  11  78.559629603809896
4  28  33.209450247004256
6  63  60.643757348483383
8  67  138.10672602371221
10  74  91.541732155508058
12  91  81.795122755608304
14  78  134.44043107680642
16  71  161.93906922365386
18  73  145.48927487217668
20  98  59.729618148326011
2  18  16.457214768977348
4  72  63.589425866824691
6  29  121.3194152081802
8  62  103.74533087226051
10  42  140.02486171025706
12  89  75.212549283228753
14  79  135.52841510957808
16  71  153.13625032787664
18  67  190.69829502055734
20  90  99.882851687700224
2  21  26.388327436978496
4  34  38.310761129224829
6  16  47.647469126907012
8  43  154.38807096379
10  53  114.34602355938503
12  84  105.93804337167458
14  85  127.89188250525731
16  89  78.786682445560103
18  75  120.6810205666162
20  100  65.837068469432566
2  26  79.224988402328151
4  42  68.689517374385545
6  52  79.896469108856991
8  82  90.881036708202771
10  47  109.71907596450464
12  37  61.732086452554846
14  75  98.777622514618656
16  49  243.56904021396599
18  75  139.94023790390716
20  96  67.435403004142756
2  0  0.0
4  25  82.219866584700696
6  8  73.098393647755003
8  83  93.958358165708745
10  71  122.29695197651512
12  91  59.705953277436869
14  63  92.887699569714684
16  48  244.84280827821215
18  93  86.119320895048361
20  85  99.663718506209662
2  76  64.285844027307803
4  71  80.080182284928526
6  52  135.10958408518317
8  27  103.78594565182428
10  51  130.05900084227414
12  45  235.60681449551635
14  65  103.84672310493907
16  66  145.71781807147278
18  61  151.93734986162625
20  84  116.23515560922067
2  0  26.0
4  36  74.037958647122764
6  69  50.482653491974979
8  46  141.0386220003146
10  80  120.93616627515993
12  31  136.94072779548151
14  80  135.46947778210898
16  45  191.49314052580115
18  92  87.074307388591848
20  90  99.371562571157554
2  46  45.019497480741428
4  30  88.939411688185615
6  53  80.468804824866524
8  78  71.21622995059225
10  80  107.54566279325438
12  83  116.8859509527458
14  76  128.82232444531903
16  73  132.07530339883482
18  55  220.10757629689968
20  93  80.626872261339727
2  0  27.000000000000018
4  28  94.44944785798647
6  42  56.631302749083069
8  55  117.26614066552349
10  60  165.68516930272338
12  100  62.243072650409211
14  49  181.47004458730942
16  91  85.286811434558146
18  63  197.33031251402195
20  99  66.060174020962435
2  7  49.161156002193657
4  36  65.706172528946013
6  19  47.255853473933868
8  79  104.58314161840288
10  36  121.82179823620331
12  55  151.30051966673108
14  84  114.25702847327493
16  64  174.36479046000011
18  87  91.651263067131978
20  78  118.07975487745037
2  5  32.999999999999993
4  31  52.38681236974984
6  53  136.95987449286213
8  51  119.27775718595643
10  30  141.60707887336241
12  92  95.04836020880667
14  80  118.77415105375471
16  76  144.58463118143715
18  94  66.2470104740122
20  76  145.27415485086948
2  0  0.0
4  0  47.999999999999936
6  88  75.243211023265232
8  65  78.478234286841939
10  73  148.6684155146377
12  47  131.47477237778233
14  87  109.84487948589839
16  79  117.56446372831275
18  80  130.86875640204391
20  79  147.54038418318854
2  26  19.946208711373544
4  36  61.920046866906326
6  58  41.340191032562174
8  13  67.0
10  40  229.66999035692652
12  91  91.168178161389946
14  72  106.20141811422619
16  69  174.86145829575804
18  71  171.58531018365383
20  84  140.98208418265634
2  38  47.061233674040004
4  48  61.134465717288244
6  3  47.000000000000007
8  56  147.21888941540385
10  76  89.95949725922091
12  89  101.01038261401096
14  75  109.46046965980157
16  52  213.3161060251025
18  98  68.431592224237349
20  92  70.047731120545379
2  10  39.784018280255388
4  6  83.000000000000028
6  79  68.917483817607675
8  67  103.63593300711433
10  33  128.02173048445445
12  78  92.495181011144254
14  67  141.59791546866541
16  19  136.47138318993214
18  88  84.734066235265928
20  91  103.73476660321872
2  0  16.999999999999996
4  28  75.245128365787352
6  52  111.98879366111021
8  80  91.83508080656037
10  54  175.65792140782156
12  75  108.54847167318498
14  93  80.692540586809869
16  83  97.670592434753814
18  73  148.84277266556322
20  81  139.13319736188851
2  0  61.999999999999986
4  21  119.93492369031659
6  44  97.596408779965031
8  53  156.74804819736633
10  71  126.78867333523937
12  34  178.15413091113246
14  79  114.79280238194663
16  51  166.74405869552311
18  87  115.17331893293412
20  62  125.59329457094337
2  3  26.000000000000004
4  13  96.91149095313564
6  61  123.21813225117124
8  47  137.30996880298272
10  80  129.1479401015286
12  47  161.88481402295054
14  83  105.22168345340147
16  90  82.684671188095592
18  91  86.150893539667436
20  59  207.07919188096511
2  0  7.9999999999999947
4  28  96.08835958072595
6  16  70.208978220279548
8  61  119.23446799457862
10  78  80.165850097572843
12  55  75.094980414632104
14  94  78.974656141084083
16  71  127.25349249574677
18  84  96.93132416549247
20  62  181.91275073099806
2  35  68.945977254513267
4  61  146.24920665614954
6  31  42.666197531148292
8  25  175.52418597824231
10  31  162.0133151462118
12  54  136.03178176525364
14  100  55.531395988933411
16  89  78.253130454437922
18  49  249.68338302823224
20  88  105.38155347040981
2  0  0.0
4  32  100.72138624688463
6  74  99.449447550020594
8  64  127.57474217595335
10  58  146.31806778638247
12  95  68.026733376740353
14  86  101.16502993191168
16  64  204.07579439755847
18  85  95.370300403556328
20  60  134.23221302901683
2  25  41.928915278137524
4  49  69.973074471426102
6  53  89.870563877403086
8  53  170.21490447780411
10  40  36.985724330729965
12  75  163.64342547795908
14  83  118.09803284706804
16  90  113.40691922392872
18  61  212.69955429486137
20  93  90.718108163628472
2  58  78.017463458186128
4  86  67.902462018221414
6  27  69.747941148056626
8  55  186.08190304946839
10  50  122.84560955630099
12  94  63.003068956280082
14  67  155.91275064372519
16  91  86.085301966289236
18  62  192.62851892771951
20  82  124.48172777024854
2  60  40.293202232002749
4  4  63.146852709389897
6  28  63.4603351975164
8  51  88.586282867342092
10  72  92.44887261674107
12  71  113.2600674255081
14  77  122.67532897961256
16  86  83.798812083429354
18  83  121.52709133043591
20  95  74.983860800359068
2  0  28.000000000000064
4  21  52.680437815717482
6  68  118.36447851673466
8  59  76.033238289514117
10  64  93.761307075412972
12  62  131.52143218191284
14  71  162.70117945701463
16  75  119.78908951314757
18  69  164.19977708748314
20  69  181.78628714232033
2  17  51.748398840555637
4  76  51.810414635257544
6  40  70.750194092581367
8  22  102.4465897704027
10  55  121.72733383604395
12  84  99.867583613866188
14  99  73.927794222425163
16  51  78.012879104039428
18  100  59.807022873931082
20  66  145.84407092689059
2  22  44.392909412977957
4  49  80.417348007594015
6  44  74.398594224232042
8  45  158.60726582603613
10  0  196.99999999999989
12  64  117.29549340105467
14  85  128.48680303726132
16  76  163.92017648924545
18  74  139.31004322471713
20  74  123.44528534306163
2  37  30.675334608120892
4  44  71.658813725103826
6  52  113.4420148402704
8  97  68.917313440025652
10  33  74.616198119086675
12  59  66.025899975479248
14  95  65.384265202372802
16  54  189.82827248333732
18  91  61.498200282151537
20  58  169.0426588753111
2  27  78.498345742150505
4  21  67.463152659813417
6  52  155.87098709815839
8  67  141.68669191476602
10  81  87.427002051788619
12  60  145.56632090909622
14  63  161.37785061446763
16  85  119.80952112157424
18  81  109.7029678474799
20  68  132.94258074830006
2  0  40.000000000000007
4  20  100.39085679661245
6  80  133.00550774841355
8  23  79.798068258479319
10  71  88.733163060511913
12  59  186.47409148085575
14  60  148.29114227061581
16  66  163.21442624003805
18  83  134.8862062859036
20  73  108.77714120820737
2  0  0.0
4  87  90.545914119875718
6  9  71.999999999999929
8  71  103.39339566857201
10  95  83.821312291393994
12  78  110.39428965354195
14  96  73.648175447916785
16  54  179.38206432871266
18  88  65.490580232295287
20  61  200.42402888102987
2  0  13.000000000000005
4  67  117.04452379905983
6  41  115.81434939291384
8  86  81.207554813498845
10  75  99.125370173975128
12  75  88.035039356606916
14  57  153.99847151515439
16  79  138.43547066844977
18  78  133.41572893947205
20  84  112.05499243405238
2  27  44.344710084762049
4  22  93.720726990044597
6  0  57.000000000000036
8  50  96.028215874162385
10  71  109.80519636498396
12  46  156.10841400971606
14  69  179.63583487785692
16  57  111.73150651043994
18  64  150.18076415041929
20  45  215.22779981272771
2  32  50.481194181348563
4  30  60.196668705721024
6  53  91.957017138602936
8  79  93.577090362686548
10  59  96.970868246152918
12  84  107.33613169004946
14  98  56.469936337772403
16  77  167.74193213007644
18  69  157.80714188619379
20  79  149.17636243169841
2  0  9.0
4  8  56.879711691539953
6  24  165.39799695144396
8  53  143.63309121900411
10  82  104.71399002891319
12  41  119.73230339653124
14  81  104.99467316040572
16  83  124.07594367140544
18  68  169.77206427519079
20  73  116.5760925886899
2  19  64.567393089502829
4  31  84.495077500703388
6  47  73.349201733098127
8  66  112.72005762243943
10  80  87.981191111826234
12  60  102.25766726797538
14  94  103.46447058983682
16  75  103.48352201823225
18  78  157.00861286056755
20  92  82.757702585016602
2  0  43.999999999999986
4  7  69.712899446466935
6  37  168.10569494267543
8  53  138.38360021105538
10  54  130.48782475019112
12  75  88.052482131599604
14  65  162.69633631744225
16  59  188.12003643216167
18  92  71.086144241705426
20  98  58.498297864820003
2  35  50.311348037352438
4  40  72.724719858688502
6  60  83.176027025546787
8  70  76.973307153191783
10  77  123.77965296422801
12  72  133.65913667823514
14  69  167.12599575307362
16  88  99.417998918434861
18  57  190.20631910173611
20  80  137.94900934741639
2  39  69.831591508668453
4  16  62.579567025740353
6  56  93.768945407062645
8  36  147.94553515590943
10  57  165.71068965588955
12  51  146.30945881234629
14  84  81.945976732655623
16  77  149.48050868037657
18  97  63.509624866998735
20  97  77.865091351719215
2  31  71.934576039641854
4  0  38.999999999999979
6  48  82.664855282641113
8  84  82.469808345411536
10  25  188.19017081472387
12  22  151.08178455947592
14  87  83.458247587633181
16  86  106.43422278672315
18  76  146.17367271128177
20  69  168.1894661329421
2  44  80.194662797134342
4  18  50.053625803126359
6  5  47.284960107545004
8  12  105.7960046787682
10  88  90.584628598892778
12  77  107.15146552525884
14  64  103.2372642543679
16  52  143.67122632924242
18  100  62.610955428791051
20  61  179.76284533443385
2  63  92.336100739082994
4  33  44.0143858333388
6  52  75.977950498617432
8  53  115.79892947409947
10  54  121.32039358145413
12  62  127.59284745016824
14  92  74.689272747148365
16  42  190.14302284724528
18  58  86.130696207072717
20  66  169.51749533040143
2  3  38.832261068325558
4  31  73.329644669674977
6  52  94.836184485403862
8  87  87.574469011873589
10  81  115.4953602641888
12  96  73.411017693337683
14  67  159.09046590102852
16  76  124.58933340013441
18  79  138.78280086658586
20  69  133.28843289499619
2  41  52.37495584661761
4  38  105.12863332958777
6  75  75.101853437001182
8  96  59.833223390564939
10  58  128.74756673201094
12  72  114.84687404453339
14  53  145.77111373557744
16  79  118.32978027341601
18  88  98.771692615788169
20  80  136.31511733185314
2  13  115.45729665531452
4  35  39.200486595933874
6  28  61.603761118524488
8  41  154.59927828172013
10  59  146.9633858119561
12  67  107.46055513618958
14  60  121.54176647528435
16  88  103.74983018981138
18  45  39.564384747741769
20  98  71.923971667667288
2  66  57.086779980999552
4  76  64.449941135846316
6  67  112.611596631222
8  77  121.3847856220568
10  78  83.093636957260301
12  50  153.25259712932353
14  39  164.03670115658764
16  98  68.324371884778301
18  60  232.62631711720326
20  86  109.66216624813532
2  5  59.000000000000036
4  31  89.851056913778805
6  45  119.70468887017647
8  47  128.30444052415245
10  0  75.999999999999986
12  60  171.00059574867456
14  80  82.652258712696479
16  69  141.10743682428395
18  73  132.80640439954607
20  93  62.799670248246578
2  0  8.9999999999999982
4  47  102.80972457008929
6  21  33.979195449610593
8  73  112.55913771254886
10  72  131.59752404809569
12  40  93.590450960904363
14  67  133.81524183052636
16  75  159.22921451285103
18  76  133.78138372083751
20  74  145.64852249999876
2  26  50.999999999999957
4  75  87.156065778360201
6  14  74.971918039447758
8  72  173.48767834296106
10  75  98.193918586813481
12  79  98.832651676109592
14  89  92.36683878300461
16  77  130.65737066218404
18  63  200.41635672352882
20  99  60.666775462573021
2  0  32.999999999999957
4  24  69.451797221326359
6  36  66.464346225339284
8  46  111.92334083079309
10  73  120.29873493800147
12  77  84.266711850328278
14  94  68.896591227857925
16  84  118.76078076692013
18  73  130.44583111422767
20  78  139.86912000165839
2  10  31.205205554169126
4  49  37.968622415640169
6  14  110.59857257562099
8  68  128.08442039793454
10  43  120.89833179993862
12  88  85.428880187884644
14  59  123.66185319560601
16  84  103.41606485063829
18  82  89.037941600858119
20  92  79.8791259701607
2  10  61.610607477487022
4  76  83.169583510223163
6  19  99.402571635170347
8  75  111.61372049971993
10  73  114.00963857165186
12  25  142.25544964827452
14  96  85.482426962015609
16  60  162.14230418830687
18  68  180.02896045917711
20  65  138.54918284540327
2  0  15.000000000000002
4  31  85.903375862110991
6  43  159.56662712570855
8  61  129.01697445443176
10  76  99.936187902527564
12  80  78.189327805172482
14  52  180.2032989319124
16  73  132.55043854775437
18  70  69.86530922851783
20  64  176.54334339596082
2  0  67.999999999999986
4  34  85.541818292327306
6  39  47.062147032485242
8  58  96.148209866983379
10  59  145.15705889692484
12  86  93.961336113965544
14  77  81.459202747876375
16  100  63.187508361739049
18  91  78.038385846528143
20  91  71.89883844475203
2  1  54.99999999999995
4  38  46.380660789180489
6  28  73.004057208257009
8  77  100.13746626723432
10  26  164.11366384973272
12  37  127.27322760350572
14  80  121.88679653264739
16  69  124.7915229813546
18  95  79.756351879565557
20  83  123.74066002298946
2  34  8.6357573972616031
4  24  117.81883999725457
6  58  82.03681365109243
8  66  128.10343767448586
10  41  122.97935973394506
12  43  177.71086102878044
14  57  111.50151344517624
16  86  84.899246361291532
18  99  50.599517765831116
20  84  119.68971824627808
2  35  58.52587270835847
4  42  99.650960082181328
6  46  139.67512520827216
8  61  148.25059123051619
10  66  146.48699530787636
12  38  158.29367228028596
14  71  159.25519728894488
16  80  100.82480400834822
18  95  85.118115980766774
20  92  102.67282477791788
2  32  125.01610787491406
4  48  80.539064291136782
6  28  157.51885817513644
8  66  105.1713050154887
10  70  82.941832970010125
12  55  133.93227142814021
14  51  205.28792923744132
16  77  137.47582812686795
18  91  75.943464541136677
20  62  124.70123532307171
2  67  87.480715305904369
4  54  91.498184187887801
6  85  66.230991121662868
8  59  113.74474424552989
10  54  131.17226823857118
12  69  160.16978110450313
14  79  116.26103369442779
16  79  121.4793418259637
18  68  213.82632021490585
20  80  122.63513320321896
2  7  40.999999999999979
4  28  75.13594941350695
6  72  81.415795742694058
8  50  123.30467821736437
10  68  186.4433716539277
12  56  139.5615220270829
14  68  144.99740073936135
16  70  168.84642156586307
18  64  129.58232931535991
20  82  93.386764254177578
2  8  35.251870585858931
4  48  49.294863768821429
6  79  115.26510468069608
8  54  88.516992008470908
10  58  44.253450392111944
12  100  43.144690424224194
14  78  141.9596832477103
16  83  120.7035051337302
18  71  133.94138687490249
20  67  224.74555020428303
2  0  5.0000000000000018
4  26  102.43369664886964
6  15  64.551226735449006
8  71  99.814368440247634
10  68  161.66095374692063
12  46  154.79459295947828
14  86  101.56545707285802
16  86  86.533173900824295
18  64  161.55877613381725
20  89  108.12500793866036
2  42  35.324336823384833
4  46  89.005663104790443
6  63  101.54037977453461
8  41  100.09249618117717
10  75  106.33825196863292
12  53  148.99643871883021
14  81  97.605127304041488
16  80  132.11889942946064
18  64  133.32373953535136
20  82  118.3678116361551
2  30  48.979494402520487
4  45  98.866956490229796
6  71  90.527863825066547
8  14  83.531148424277305
10  50  131.74519027789316
12  72  89.907128692613853
14  69  120.70352491652487
16  88  91.587306472946949
18  64  162.5083364919372
20  85  101.85229911804709
2  0  45.000000000000099
4  70  74.041409859654209
6  42  40.076697063161298
8  40  158.20262282846528
10  34  132.91171407137992
12  65  205.43635358078546
14  75  106.406111655953
16  94  79.983071614300783
18  51  171.8691734386928
20  70  145.79523985415324
2  27  125.6250131316926
4  24  63.466616712402754
6  41  102.64387137890098
8  48  103.24134128795569
10  39  232.07624179800951
12  70  101.8635232730602
14  84  105.52608003251149
16  60  118.74051843618039
18  81  132.45417172575023
20  78  140.21132831814185
