10  60.333333333333336  458.29932660616231
15  69.0  525.1344126239743
20  85.333333333333329  410.87454411602226
25  91.333333333333329  338.25651627281684
30  90.0  398.4199587135422
35  90.0  392.03283111585853
40  89.666666666666671  438.24545362958685
45  97.0  271.8220052048477
50  86.333333333333329  518.09645842565271
10  47.666666666666664  543.70167021878331
15  73.666666666666671  443.6605196846715
20  84.666666666666671  371.03296780922153
25  86.666666666666671  433.36976885127149
30  85.666666666666671  450.439318463826
35  89.0  416.52957968368241
40  98.333333333333329  251.22700356659894
45  98.666666666666671  241.03943898189524
50  97.666666666666671  257.56475014822479
10  74.333333333333329  371.77382027270926
15  84.666666666666671  379.38778752646658
20  81.666666666666671  423.17507619539555
25  85.666666666666671  371.18732624529662
30  91.0  411.39028393974922
35  90.333333333333329  374.22346945925727
40  96.0  264.1939012783904
45  93.666666666666671  351.85083590394561
50  95.666666666666671  290.2346843492403
10  62.0  444.60942889629877
15  78.666666666666671  420.76478159160234
20  94.0  265.21938832146293
25  81.0  523.25536961595833
30  92.666666666666671  357.03637803500339
35  88.333333333333329  480.58391365727897
40  95.0  322.19901805116791
45  94.333333333333329  350.52218677522529
50  96.0  289.61940069929358
10  64.0  472.34856503395088
15  74.333333333333329  487.17124850504007
20  73.333333333333329  432.8649907928841
25  81.666666666666671  547.08033031620914
30  80.333333333333329  647.09564445779438
35  87.333333333333329  461.40351573106074
40  91.666666666666671  400.86735269110653
45  91.333333333333329  395.08779744719254
50  92.333333333333329  364.31140633277778
10  76.333333333333329  333.61451852476938
15  80.666666666666671  379.38294893337752
20  83.333333333333329  413.73616249934253
25  92.0  301.1275521150996
30  94.333333333333329  310.24886152835865
35  90.666666666666671  400.71495882988427
40  97.0  282.40121668427008
45  95.0  318.11018114299463
50  98.0  251.69653093135807
10  68.333333333333329  396.50997545904801
15  79.0  407.51281026356548
20  92.666666666666671  286.98354961051291
25  91.0  320.25392960800343
30  85.0  490.98996882427377
35  87.666666666666671  451.02872394541009
40  90.666666666666671  415.28142806980622
45  89.666666666666671  429.53770661919174
50  94.333333333333329  317.77478258450554
10  66.666666666666671  431.29341050584685
15  82.666666666666671  327.26933386855768
20  80.666666666666671  454.23286314869341
25  94.0  315.34746675889573
30  93.0  332.43476463918824
35  89.666666666666671  440.86650777618598
40  91.666666666666671  387.54803907178848
45  91.333333333333329  401.94670777589238
50  96.666666666666671  270.87371851341868
10  63.0  379.99057862361548
15  81.0  410.84234448204654
20  82.666666666666671  410.66234443960224
25  94.0  317.57129933109343
30  89.0  407.94584759626088
35  90.0  431.01751930935831
40  93.666666666666671  330.57014489531127
45  88.333333333333329  491.85838245034461
50  96.333333333333329  290.11126077678284
10  70.333333333333329  367.08948609836034
15  77.333333333333329  348.56485272361289
20  77.666666666666671  512.27589517322576
25  80.666666666666671  532.95716999780211
30  97.333333333333329  296.57436052926755
35  88.666666666666671  431.85511332327786
40  94.666666666666671  294.69746051555978
45  97.666666666666671  271.64123384410533
50  94.333333333333329  311.64132430253039
10  81.0  326.56101513471845
15  84.333333333333329  388.19982871214404
20  89.0  371.25331642315172
25  79.0  511.68190138442293
30  84.333333333333329  480.55141911408839
35  93.0  349.73524618361193
40  82.666666666666671  607.1721064116681
45  99.0  187.67319021416836
50  88.0  483.61856459300179
10  62.0  464.63583490678587
15  87.0  362.43219357874074
20  91.333333333333329  332.5039621341021
25  88.0  391.29272475251042
30  97.0  228.093425022491
35  87.0  483.00865549490243
40  82.333333333333329  648.05548628868701
45  90.333333333333329  430.44737507423196
50  97.0  285.84941422098217
10  68.0  399.10259213820183
15  72.0  505.69839587250277
20  85.333333333333329  361.52033127058837
25  89.666666666666671  343.89544031342274
30  84.333333333333329  518.28571609308335
35  92.666666666666671  388.18135772467025
40  95.333333333333329  280.07951223652049
45  93.0  375.77649637337743
50  95.333333333333329  302.73450608593538
10  64.333333333333329  367.93754471008629
15  82.333333333333329  375.88565660379658
20  66.666666666666671  653.23089112279433
25  84.333333333333329  468.32868592538472
30  90.0  421.16364803341401
35  93.333333333333329  348.7900212658127
40  92.666666666666671  353.60637514749726
45  90.333333333333329  432.8582813690374
50  93.333333333333329  339.30181334248192
10  84.0  298.95402460839745
15  67.333333333333329  491.90929305431217
20  88.333333333333329  361.82859186249794
25  84.333333333333329  473.47273636456799
30  92.0  386.83795479875727
35  88.666666666666671  425.00975082849084
40  92.0  331.6026842177057
45  88.666666666666671  473.21999631502371
50  91.666666666666671  358.86747388423129
10  51.0  468.99495532395633
15  66.666666666666671  510.41405012650301
20  89.666666666666671  296.99603378201573
25  76.666666666666671  587.22896353105205
30  86.0  493.39804883963797
35  92.0  359.33796856920975
40  94.0  306.25335425429301
45  94.0  340.735283629592
50  96.333333333333329  243.02152107721864
10  72.0  386.55569262303209
15  82.0  419.23233891489838
20  83.333333333333329  425.32411899040545
25  91.666666666666671  365.24735901547081
30  81.0  480.76398289284782
35  82.666666666666671  583.15754476068548
40  88.333333333333329  450.7681379915054
45  95.333333333333329  274.2885665860934
50  94.666666666666671  342.76629341698236
10  76.666666666666671  362.38544737324258
15  77.333333333333329  435.36102774568172
20  93.666666666666671  292.93189464040114
25  92.333333333333329  339.64071660367313
30  97.333333333333329  268.23611278425767
35  93.666666666666671  345.10084353542379
40  87.333333333333329  465.5014171989223
45  96.666666666666671  285.01579336064674
50  93.666666666666671  353.28054928495027
10  57.666666666666664  428.68819479913134
15  65.0  496.92068347534547
20  76.0  582.13050043715396
25  88.666666666666671  371.3881111404225
30  88.0  450.75531138046011
35  90.333333333333329  421.26929210932559
40  98.0  274.2339640569657
45  90.333333333333329  423.29355638523219
50  97.0  245.58644947617822
10  76.0  342.27655988645614
15  85.333333333333329  416.33834201948082
20  70.333333333333329  522.42241586647856
25  86.0  394.68387534296983
30  93.0  343.63921862569191
35  94.0  346.14062569855201
40  95.666666666666671  279.86451859084161
45  87.666666666666671  487.06688277909257
50  92.666666666666671  382.6668438024297
10  67.0  450.52852729265805
15  80.333333333333329  438.57711342743238
20  87.0  367.94396109492305
25  84.666666666666671  462.3789890391501
30  87.333333333333329  502.97317447439804
35  95.666666666666671  298.89664033821197
40  98.333333333333329  237.70717203541787
45  92.666666666666671  346.28016625888625
50  97.0  279.82148490070369
10  72.333333333333329  363.2504110391601
15  81.666666666666671  406.58841674889192
20  80.0  528.50671323488109
25  92.666666666666671  308.69183541193325
30  88.0  433.71365726051289
35  85.0  571.89855840310656
40  93.333333333333329  324.74743037937822
45  91.333333333333329  402.62745393472738
50  93.333333333333329  362.70572908889017
10  69.333333333333329  394.90093545853415
15  68.0  579.06185405729832
20  95.0  252.62622258927343
25  89.333333333333329  408.96732794055572
30  94.666666666666671  270.16375483786067
35  97.333333333333329  250.49552526732697
40  92.666666666666671  363.63562462211445
45  89.333333333333329  432.96079825384066
50  92.0  355.22121358423374
10  69.0  417.60091479819761
15  75.333333333333329  425.68032004731685
20  88.0  357.58551112891854
25  84.333333333333329  448.67048195905363
30  93.333333333333329  342.84663753842682
35  97.333333333333329  255.23903461419445
40  86.0  517.02259990574055
45  92.333333333333329  379.10267298014224
50  94.333333333333329  329.22655086235807
10  69.333333333333329  339.10780909542643
15  82.333333333333329  373.5350073141359
20  84.666666666666671  412.79180356089751
25  79.666666666666671  569.55893220986229
30  85.333333333333329  469.10695480370168
35  90.666666666666671  402.30918394213768
40  97.666666666666671  240.17920693650922
45  94.333333333333329  320.2818778185154
50  97.666666666666671  244.24149322972309
10  68.333333333333329  361.18719619141598
15  86.0  361.7369362146494
20  75.333333333333329  491.40838274009184
25  83.666666666666671  469.40783930281003
30  83.0  515.94971403997954
35  91.333333333333329  402.58728755183364
40  91.666666666666671  414.95637424635783
45  91.0  421.31652137960208
50  93.333333333333329  339.10503540992858
10  72.0  369.40085342963158
15  73.333333333333329  457.27956424265835
20  71.666666666666671  473.69879743440248
25  92.0  338.7162882482815
30  89.0  451.66033348852801
35  88.0  389.05390764858714
40  92.333333333333329  417.33481057105053
45  99.333333333333329  218.05954699798869
50  94.333333333333329  314.59170070403547
10  76.333333333333329  385.9290820194496
15  94.666666666666671  251.75715069499827
20  84.333333333333329  407.24541079527131
25  95.333333333333329  280.29936155476111
30  98.333333333333329  254.27609242674259
35  95.666666666666671  304.38953096152358
40  88.0  448.27752258762592
45  95.0  319.88201454370773
50  97.666666666666671  256.39714862704199
10  81.0  360.07703144026851
15  80.666666666666671  344.04600420837556
20  75.0  603.7273166656131
25  82.333333333333329  563.32329682532702
30  90.333333333333329  412.18699834097384
35  89.0  386.08151248020221
40  91.0  359.28411415318209
45  95.0  293.25963085718439
50  97.666666666666671  241.85206533667562
10  76.0  340.09765099043159
15  80.333333333333329  385.38452250679143
20  87.0  348.26929141523027
25  86.333333333333329  419.45241021892105
30  87.666666666666671  472.76841248469958
35  93.666666666666671  340.55421484935408
40  93.0  346.97806878969192
45  86.333333333333329  483.10279820633997
50  93.666666666666671  334.9141028630022
10  71.333333333333329  361.41853925596286
15  65.0  571.30301727524522
20  88.666666666666671  403.66518573628269
25  94.0  321.75683403115585
30  86.0  477.89593586847047
35  90.666666666666671  362.67180245898459
40  96.666666666666671  260.73396944494471
45  90.0  434.34970818277856
50  92.333333333333329  342.32205883457016
10  76.0  345.92305027572053
15  88.0  302.01463117286266
20  78.0  438.93176283817428
25  94.333333333333329  318.1909050148127
30  92.0  337.60644207702069
35  99.333333333333329  195.62045429224798
40  87.333333333333329  464.58692215316711
45  93.333333333333329  378.67853216059507
50  96.0  284.00424992508982
10  64.333333333333329  483.59823049618052
15  86.0  347.2091289197129
20  82.666666666666671  415.61655728295676
25  88.333333333333329  407.04504944025416
30  85.0  472.3195448695904
35  89.0  433.46211592542642
40  93.333333333333329  315.43625521368665
45  90.333333333333329  459.29135636016355
50  92.0  368.88309258187854
10  57.333333333333336  468.40491747796403
15  86.666666666666671  323.28094999706644
20  82.0  494.10070418403137
25  84.666666666666671  439.63093605907079
30  91.333333333333329  371.96220293059309
35  93.333333333333329  348.06805467852291
40  96.0  284.23300502566968
45  93.0  352.13070535400846
50  95.0  297.51431478427492
10  51.333333333333336  503.4479881231884
15  85.666666666666671  372.01756981298712
20  82.333333333333329  434.44093775990257
25  83.0  426.89554542285111
30  86.0  505.05177618039676
35  89.333333333333329  441.37671796423359
40  92.666666666666671  368.93007304327097
45  91.333333333333329  380.51553596195606
50  91.333333333333329  364.34351494879456
10  64.666666666666671  398.10737857643574
15  74.333333333333329  469.70118292550632
20  78.333333333333329  505.81652940893298
25  86.0  458.81687091676878
30  84.333333333333329  573.06530264704611
35  95.666666666666671  301.2018013286451
40  95.0  319.17931425972353
45  94.333333333333329  317.70491356755105
50  97.666666666666671  264.87107410238502
10  62.0  453.87705732356159
15  84.0  399.05163684200932
20  80.0  468.56743357437585
25  82.666666666666671  526.50383486673843
30  93.0  320.55923061751929
35  98.0  231.35459069098405
40  93.666666666666671  315.1693622890308
45  94.666666666666671  322.24818523712923
50  95.666666666666671  281.2497981875012
10  72.0  356.70335699047172
15  71.0  550.99845628274625
20  71.666666666666671  543.11112946464345
25  85.666666666666671  428.34243649094469
30  87.666666666666671  446.63049966153574
35  89.333333333333329  429.71735420642398
40  99.333333333333329  194.9160360709717
45  98.0  199.84276844790665
50  91.0  416.26023190990242
10  72.333333333333329  371.90876866291001
15  88.0  299.26383423097832
20  80.0  485.10195450133529
25  92.0  344.87879061753898
30  93.333333333333329  366.04435445692252
35  97.0  276.07221910308931
40  92.666666666666671  391.07599354395416
45  97.666666666666671  239.47845499473479
50  97.0  266.42157001287416
10  62.333333333333336  463.5121651274244
15  87.666666666666671  325.36796848960716
20  87.333333333333329  399.17931436266065
25  90.0  349.22290122469354
30  89.333333333333329  418.86574261592625
35  87.0  439.2608902521556
40  85.333333333333329  548.12536535018432
45  92.666666666666671  361.79688886995353
50  91.666666666666671  378.76292852299554
10  58.333333333333336  544.94611557060489
15  81.666666666666671  413.01438250337594
20  77.333333333333329  483.55565767960724
25  85.0  468.92346812504815
30  78.333333333333329  511.1686744246349
35  94.666666666666671  332.84861629912217
40  92.666666666666671  372.78458315044838
45  97.333333333333329  237.77519765924325
50  94.666666666666671  332.12491412991261
10  76.333333333333329  344.04969227004784
15  75.0  426.78980348335119
20  83.666666666666671  393.68021913652314
25  96.0  268.9850261291196
30  91.0  410.44581644138668
35  91.0  418.2645516973127
40  89.0  396.49309565108223
45  90.333333333333329  459.08822205924236
50  95.333333333333329  298.78461812560619
10  67.333333333333329  417.77330859860376
15  78.666666666666671  433.81995985471707
20  79.0  476.17907126258109
25  93.0  296.62303496277815
30  88.666666666666671  485.67105623015539
35  87.0  511.99745291719904
40  93.0  353.04836213638259
45  97.666666666666671  276.51816975138968
50  97.333333333333329  266.11712545348138
10  63.666666666666664  424.42225616513161
15  81.0  393.31845893162529
20  77.0  443.94493014917481
25  81.0  526.63656728521062
30  80.666666666666671  585.04188510267022
35  95.333333333333329  306.7592920560607
40  92.333333333333329  380.20803458060664
45  91.666666666666671  396.70577181877002
50  91.666666666666671  384.21410316677111
10  61.333333333333336  423.66891914489162
15  64.333333333333329  605.45337851952718
20  85.333333333333329  416.09038699701853
25  95.0  303.78013127897606
30  85.666666666666671  487.41788287563691
35  96.333333333333329  250.10435710575123
40  93.333333333333329  330.65947682028082
45  94.0  332.31302999401544
50  96.333333333333329  273.18569487817416
10  63.0  421.80907644313061
15  78.0  313.59955909490702
20  78.0  485.09154171009379
25  87.666666666666671  425.47781394142254
30  88.333333333333329  428.98064215751492
35  92.0  349.29930308788744
40  87.333333333333329  467.2732537509645
45  92.666666666666671  352.46976944704602
50  96.666666666666671  270.36520261073383
10  62.333333333333336  481.97890648554733
15  86.333333333333329  367.24112354715749
20  80.666666666666671  487.5174018413465
25  86.666666666666671  507.742203865173
30  93.0  380.57316509275915
35  89.666666666666671  440.45319162536458
40  86.0  545.01115573215304
45  91.666666666666671  383.31413523817196
50  97.0  261.34321700644455
10  80.0  342.26406908398218
15  72.333333333333329  464.42527295872048
20  88.333333333333329  331.08767178688004
25  79.666666666666671  609.60412063637659
30  84.333333333333329  572.43808683305406
35  93.333333333333329  353.76238573289669
40  94.0  361.55215735975099
45  91.0  433.90274537739691
50  91.666666666666671  391.1133583202519
10  86.333333333333329  322.32676942035789
15  71.666666666666671  544.75241355711751
20  94.0  306.18413142747113
25  79.0  589.93972896802086
30  83.0  543.82324884211846
35  89.333333333333329  412.71255571414781
40  86.0  541.03354433666539
45  94.0  352.04063957966127
50  99.666666666666671  192.72973804963149
10  52.666666666666664  539.98923845011939
15  82.0  374.37306541289718
20  88.333333333333329  369.40227866382332
25  86.333333333333329  415.39366286703938
30  79.0  607.6770000266572
35  92.333333333333329  360.47206267795224
40  94.666666666666671  294.6185046072257
45  93.333333333333329  336.10885378941015
50  91.666666666666671  392.31058145229008
10  81.666666666666671  370.85333334217756
15  76.0  488.01596955255388
20  93.0  319.14164172211764
25  87.666666666666671  340.93503131898632
30  82.666666666666671  496.19414271745734
35  88.666666666666671  409.17400041895183
40  97.333333333333329  256.94242948251241
45  91.0  424.43217882584622
50  94.666666666666671  329.7183095498209
10  64.0  444.08781265460783
15  86.333333333333329  326.55015303511237
20  74.333333333333329  561.99620078281441
25  84.0  501.71065050347386
30  94.0  318.77866826395797
35  89.0  461.94165259385954
40  91.0  408.91882995437345
45  94.666666666666671  294.53485106108485
50  91.333333333333329  383.69790859989087
10  65.333333333333329  406.34999106574855
15  75.0  447.7088026862013
20  70.333333333333329  597.44398474050251
25  94.333333333333329  323.85999733073783
30  94.666666666666671  338.80842316919399
35  81.666666666666671  605.35745328834287
40  97.0  265.80517208050452
45  94.0  326.77059223252809
50  89.333333333333329  464.0853932544494
10  68.666666666666671  354.48505147310874
15  74.666666666666671  492.31880991774682
20  90.666666666666671  337.03010087014559
25  86.666666666666671  426.1193103565713
30  87.0  443.6100288137481
35  89.666666666666671  441.14282244851364
40  86.666666666666671  470.34341818609556
45  94.666666666666671  325.82040601898723
50  95.0  304.74713540513335
10  68.666666666666671  399.85860090676209
15  84.0  377.36302118589128
20  91.0  311.67576667936311
25  87.333333333333329  451.54947847904123
30  90.0  386.47459368001444
35  91.666666666666671  370.16514786404343
40  95.0  310.79417946765466
45  93.0  345.71011617016711
50  91.0  397.17828230491352
10  74.333333333333329  371.82132329961337
15  86.666666666666671  377.44524288484757
20  67.333333333333329  652.29210642610485
25  89.333333333333329  350.37700949381184
30  88.333333333333329  404.4171905987879
35  87.666666666666671  468.35430854754367
40  95.666666666666671  292.14814145968393
45  96.0  286.0907509095818
50  83.666666666666671  586.41737741998145
10  52.0  494.41576508664389
15  91.0  289.77604373199836
20  73.0  525.90826479886209
25  87.333333333333329  394.63019056150711
30  87.666666666666671  441.91663515650595
35  92.0  341.94849038784406
40  93.333333333333329  286.65816064610556
45  95.333333333333329  328.43334760560475
50  94.333333333333329  327.33452100707035
10  82.0  314.68213390913769
15  74.0  430.73977665686346
20  80.0  490.84487639583728
25  77.0  552.23532730750856
30  93.666666666666671  349.28742667097799
35  82.0  614.67355613285019
40  82.333333333333329  584.47405214272135
45  96.0  271.69406993171674
50  99.333333333333329  206.31498886325477
10  63.333333333333336  421.86776428261555
15  77.0  362.05637075947811
20  73.333333333333329  540.80484198864497
25  91.666666666666671  346.96268351162502
30  87.666666666666671  428.67873442719105
35  98.666666666666671  205.7796280550603
40  88.333333333333329  455.59006506704867
45  95.666666666666671  268.09143361136557
50  96.333333333333329  267.20093469485766
10  85.666666666666671  231.16640155307081
15  80.0  439.83341174555181
20  66.666666666666671  556.77033903204267
25  84.666666666666671  400.74026728787777
30  89.0  403.56999550150562
35  92.0  346.52935279484177
40  93.333333333333329  359.12065322111573
45  87.333333333333329  542.68542943811258
50  95.666666666666671  272.22546016981113
10  73.333333333333329  389.54034152478266
15  89.666666666666671  284.50080007888016
20  78.666666666666671  467.95616276184131
25  79.666666666666671  465.26886373504914
30  86.666666666666671  506.30996235508621
35  95.0  297.49613531653068
40  87.0  472.98501022080512
45  97.666666666666671  227.08440875565924
50  92.666666666666671  378.98840163509141
10  77.0  323.46872385567838
15  76.0  367.88340390718611
20  81.333333333333329  458.4624437829616
25  90.333333333333329  357.50619898999958
30  84.333333333333329  539.73207239821784
35  93.333333333333329  364.87133326816235
40  92.0  376.43210023496727
45  93.666666666666671  351.08622064537576
50  93.333333333333329  292.31163884285115
10  58.666666666666664  410.32269422120856
15  71.666666666666671  533.890161815429
20  86.333333333333329  343.29665839001825
25  89.0  372.1733408047009
30  95.333333333333329  305.53857614655732
35  96.666666666666671  271.09025373652184
40  90.333333333333329  424.11899018404642
45  98.0  253.72695675051736
50  94.0  321.82040718618947
10  72.333333333333329  408.70359550681258
15  79.666666666666671  402.11038440683313
20  71.333333333333329  577.86578316007649
25  95.666666666666671  227.76691819684976
30  93.333333333333329  306.42727779969312
35  100.0  205.94776091121824
40  93.333333333333329  376.54390770578522
45  86.666666666666671  468.01975575738305
50  90.333333333333329  414.39898323410517
10  74.333333333333329  383.28009486898651
15  73.666666666666671  482.30116005432046
20  87.0  360.58797440013569
25  86.0  431.36399273494618
30  87.333333333333329  518.64762701352254
35  93.666666666666671  323.53971390310392
40  91.333333333333329  346.69632777864302
45  90.333333333333329  427.38803397511759
50  87.333333333333329  475.76058108596106
10  56.333333333333336  464.33543106059165
15  76.0  408.2147034760489
20  97.0  227.97537932886351
25  92.0  315.84141867763293
30  85.333333333333329  477.46278797847532
35  94.0  318.45080924539934
40  96.0  299.63283050642326
45  83.666666666666671  625.42356672448329
50  96.333333333333329  248.59424566646754
10  85.666666666666671  289.8522690629465
15  80.666666666666671  368.4688712693611
20  88.666666666666671  364.17688370755343
25  87.333333333333329  396.12216298113577
30  80.0  594.18058899538221
35  96.0  264.40051566841333
40  92.666666666666671  336.19429373286761
45  93.0  343.83161943651623
50  92.333333333333329  376.87704199443613
10  68.333333333333329  389.69764893521057
15  76.0  461.93634170946098
20  93.333333333333329  313.39018186356276
25  79.333333333333329  558.4772515151775
30  90.666666666666671  362.45883912676123
35  91.333333333333329  352.98960866896027
40  93.333333333333329  369.56406522566874
45  95.666666666666671  293.9521805355148
50  95.333333333333329  307.82544301754075
10  78.666666666666671  324.29233183148904
15  71.666666666666671  447.3182426818226
20  75.0  551.47621559458094
25  74.666666666666671  624.49111106862529
30  95.0  286.01931237302875
35  94.333333333333329  304.75567524070408
40  89.666666666666671  418.16919846880984
45  91.666666666666671  404.31683026215836
50  92.666666666666671  390.49077626195884
10  57.666666666666664  459.83618501518686
15  71.0  478.78424760064109
20  89.333333333333329  367.14720634410929
25  90.0  356.58463702683486
30  90.666666666666671  363.19524959279175
35  94.333333333333329  333.09336850993265
40  88.333333333333329  497.77932047192974
45  96.333333333333329  313.23645618911939
50  92.0  366.87412942017312
10  68.0  400.31519148891118
15  93.333333333333329  245.18455602350011
20  74.666666666666671  557.97009087447191
25  92.333333333333329  308.57378830101487
30  94.666666666666671  312.3074260832725
35  88.0  470.89872045739219
40  87.333333333333329  472.80083966328669
45  94.666666666666671  314.73220420282701
50  94.0  349.76850158181742
10  44.333333333333336  560.13427325237603
15  69.333333333333329  530.37580312597902
20  76.666666666666671  516.72465817962109
25  87.0  463.2647767055708
30  96.666666666666671  254.41772215093741
35  89.0  431.30162550425331
40  98.0  214.68148610200322
45  93.333333333333329  363.99242388942304
50  91.666666666666671  387.65653370494755
10  43.0  497.30745415086665
15  70.333333333333329  432.40950966034484
20  85.666666666666671  380.19522718205747
25  85.666666666666671  430.23838004960294
30  86.333333333333329  421.7546016947739
35  90.666666666666671  419.86283356753177
40  94.333333333333329  335.73581365615337
45  95.333333333333329  283.27578457898386
50  93.333333333333329  329.51672775768213
10  66.0  409.93856908123496
15  76.666666666666671  408.16406384058831
20  74.0  532.19369343374217
25  88.666666666666671  379.81696243150486
30  87.333333333333329  462.83216893254422
35  91.333333333333329  377.77025106744952
40  98.0  234.3845237981451
45  97.333333333333329  250.69155154612614
50  93.0  344.72988151982423
10  71.0  417.73347655827507
15  81.666666666666671  392.04928695124062
20  80.666666666666671  461.90884405087195
25  87.666666666666671  413.64392523542654
30  89.0  437.02846193517701
35  72.333333333333329  818.41056473893821
40  100.0  199.47375128302727
45  98.666666666666671  212.9781766259843
50  94.666666666666671  347.39933082653829
10  58.333333333333336  432.63337201167332
15  82.333333333333329  403.924282484044
20  76.333333333333329  516.3122648226605
25  94.0  329.20106963838862
30  82.666666666666671  577.48756796386101
35  89.666666666666671  422.63501786878157
40  92.0  386.41338554344861
45  92.666666666666671  347.50617717651352
50  96.0  293.86683144539847
10  65.333333333333329  390.47437602367637
15  81.333333333333329  436.07007680123309
20  77.333333333333329  483.35431913355467
25  88.333333333333329  394.95050306570602
30  85.666666666666671  442.22156790836164
35  87.333333333333329  465.95411319279475
40  98.0  223.80798263744879
45  99.0  211.11705892801965
50  92.333333333333329  349.69321359068181
10  77.333333333333329  326.55638397428442
15  78.0  436.80091751179458
20  84.666666666666671  359.94598378718547
25  85.0  415.62035757573165
30  96.333333333333329  308.20103238987195
35  90.0  407.94579084014254
40  91.666666666666671  401.68177265640321
45  92.666666666666671  395.00730771905
50  95.0  294.89875150058612
10  74.0  395.05930096617942
15  88.333333333333329  313.65695094905107
20  87.666666666666671  374.10512177171609
25  90.666666666666671  357.24277279378725
30  94.0  314.60709621659817
35  90.333333333333329  395.06795620726223
40  94.666666666666671  327.30439360908474
45  87.0  519.5212896128977
50  94.0  342.2638557288858
10  63.666666666666664  435.72403146518371
15  72.0  426.9386435571455
20  75.666666666666671  567.99425323601736
25  91.333333333333329  352.06140921902124
30  85.666666666666671  497.96033124507335
35  94.0  331.8164040487307
40  98.0  226.25776041209261
45  92.666666666666671  340.19997593258648
50  92.666666666666671  358.63103861649165
10  70.666666666666671  337.80626525597972
15  69.0  579.2731904804009
20  84.0  416.42655142605372
25  87.666666666666671  378.22950519609856
30  86.666666666666671  412.01973908691542
35  91.0  376.12936527107775
40  93.0  341.17265132695371
45  96.333333333333329  293.10280501121036
50  98.0  242.6342924332267
10  80.0  353.48174648383127
15  84.666666666666671  337.47370903969306
20  82.0  432.06175225835119
25  97.0  258.88926188898972
30  84.333333333333329  534.45515168900272
35  92.333333333333329  383.70772053269798
40  95.0  303.24441821340889
45  94.666666666666671  333.89896063446258
50  92.666666666666671  383.77928815074165
10  73.333333333333329  386.19605278020765
15  77.0  448.02562212807493
20  89.0  344.14161428144638
25  86.0  401.11896705222301
30  87.0  488.79593198003391
35  87.0  496.44488372966538
40  90.666666666666671  380.46004891890232
45  95.666666666666671  258.99698856747028
50  93.333333333333329  353.4718281137753
10  79.0  319.04897203001258
15  80.333333333333329  402.98016968404761
20  85.666666666666671  415.36643719705739
25  83.0  410.8615639270426
30  83.0  472.95128722548947
35  91.666666666666671  385.54761351943557
40  91.0  422.89208738296355
45  92.0  361.67466857155563
50  96.0  282.10370676137916
10  64.666666666666671  454.96611692180801
15  78.333333333333329  475.29079117568244
20  88.0  399.39949554872982
25  91.666666666666671  368.41468211818858
30  92.333333333333329  340.7326118262834
35  86.666666666666671  527.76510937877947
40  89.0  408.08038857903045
45  93.333333333333329  332.11240289826083
50  96.666666666666671  296.15167818898504
10  54.333333333333336  475.53094168386224
15  79.666666666666671  428.27669973001287
20  90.666666666666671  301.85656608981827
25  88.666666666666671  372.58376375338258
30  89.333333333333329  390.54661404087415
35  96.0  265.66203023122802
40  89.666666666666671  441.21884797489224
45  92.666666666666671  345.13878349575981
50  96.0  273.73387268929872
10  60.666666666666664  434.02313920383165
15  86.0  297.14759004639649
20  73.333333333333329  434.6039113185048
25  83.0  455.61110422305069
30  95.333333333333329  284.45547264945026
35  88.0  469.20618768628162
40  85.666666666666671  485.16994776897678
45  91.333333333333329  414.26745793361363
50  93.333333333333329  322.6400572891086
10  71.0  374.16850774181626
15  70.333333333333329  467.10869329369666
20  87.333333333333329  376.86028684859923
25  76.333333333333329  517.3201874280802
30  87.0  434.56369531659942
35  93.333333333333329  335.44137097875546
40  89.0  466.7151731745335
45  95.0  269.95019462883084
50  92.0  400.17563846871076
10  83.0  340.44554192578642
15  63.333333333333336  450.75899542088024
20  82.0  454.39937257857673
25  86.0  428.87704129512611
30  89.666666666666671  425.63533013936683
35  92.333333333333329  349.74805246825184
40  86.333333333333329  547.72776681070047
45  89.0  466.64127794925429
50  96.666666666666671  251.70088682236278
10  82.0  366.39564788776551
15  81.666666666666671  341.90009331946658
20  74.333333333333329  437.34362284263716
25  80.0  435.17458210541048
30  91.333333333333329  384.08189531785979
35  89.0  438.01030897843162
40  89.333333333333329  444.4084682031401
45  97.666666666666671  255.27226514593974
50  95.0  318.57215447916639
10  64.0  456.88579695687764
15  64.0  552.3122294927266
20  74.333333333333329  514.98456909479023
25  81.666666666666671  456.13266894794356
30  90.0  378.61307387771757
35  93.0  355.40165702186277
40  89.333333333333329  455.10309347895634
45  92.333333333333329  387.23784447286744
50  95.0  327.77702061808026
10  90.666666666666671  289.38065608260439
15  80.333333333333329  317.3773973176298
20  67.0  543.84150033198375
25  73.666666666666671  599.00780910602703
30  90.0  433.9203760467031
35  88.666666666666671  464.63772149855015
40  99.0  220.87177089330714
45  94.666666666666671  316.56545991947974
50  93.0  328.30519451182499
10  74.0  325.50042936242477
15  86.333333333333329  317.33042598088412
20  80.333333333333329  498.91698608716513
25  87.0  420.285960700418
30  90.666666666666671  368.64876760436988
35  93.0  316.91232672583288
40  92.333333333333329  356.04693826885176
45  94.0  329.16780840183731
50  98.0  212.09759082787275
10  61.666666666666664  418.0983180005943
15  72.333333333333329  517.03957764988172
20  78.0  474.47337392666765
25  93.333333333333329  279.31215390886308
30  86.0  550.94314542087409
35  90.333333333333329  414.94807551404097
40  89.333333333333329  449.08586720071696
45  95.666666666666671  317.49745304266071
50  95.666666666666671  309.00831431474234
10  51.666666666666664  413.11576967004311
15  85.0  335.08751437559118
20  80.333333333333329  468.9300929074484
25  79.0  526.23317283629137
30  89.666666666666671  402.20560683012451
35  91.0  384.19488132830651
40  93.666666666666671  353.52642159557291
45  98.333333333333329  218.54172699158445
50  97.0  287.05611187961711
10  69.333333333333329  379.58750095437858
15  86.333333333333329  376.96290267351537
20  74.0  471.02657779262938
25  82.0  383.82153111164035
30  90.333333333333329  390.73455160375607
35  97.666666666666671  264.61214010465289
40  86.0  524.17213250312602
45  91.0  411.76681471372882
50  95.666666666666671  304.7725512331246
10  78.333333333333329  357.79128070943045
15  82.666666666666671  402.05682834899909
20  85.666666666666671  398.61660460029225
25  77.333333333333329  601.70904263346495
30  85.333333333333329  517.9765355267408
35  94.666666666666671  337.91168112997298
40  94.333333333333329  310.46630055217787
45  93.0  366.86206908432729
50  97.666666666666671  215.29289000885436
10  57.333333333333336  443.84215450947067
15  88.666666666666671  318.49063704738069
20  84.0  400.87416388428375
25  82.0  537.02486925967219
30  94.666666666666671  317.60667407256551
35  85.666666666666671  463.6743684959269
40  94.333333333333329  333.85441567351819
45  94.333333333333329  318.31196326631152
50  88.666666666666671  449.48429086338399
10  82.0  269.57889883386417
15  70.0  598.5106492814723
20  78.0  489.39822738537202
25  83.666666666666671  519.63928836193406
30  85.666666666666671  471.31468309967158
35  92.666666666666671  377.89473810494371
40  91.0  398.85309055318754
45  97.0  245.41583454568786
50  96.0  266.37911975631346
10  46.666666666666664  582.70587451269751
15  66.333333333333329  568.8324740668794
20  84.0  397.72898274373074
25  97.666666666666671  247.20656060916764
30  94.666666666666671  299.52903256652155
35  98.666666666666671  241.92021767261843
40  94.666666666666671  304.50569240787348
45  97.333333333333329  257.00990899085679
50  98.0  210.24342408280066
