6  47  236.83492703606481
7  54  183.6495774697201
8  50  182.67702153940937
9  68  215.46739708050825
10  55  262.85607633813476
11  71  240.36006221555581
12  68  183.47099147314009
13  73  235.92649075464453
14  71  214.48087134489415
15  76  209.33324222238105
6  39  258.52593870410414
7  66  176.55763886097429
8  41  239.90519636377346
9  44  290.49407110061537
10  77  129.03710462010062
11  64  270.83490738578973
12  30  481.18226827807052
13  73  193.02225368951693
14  84  133.80393250936913
15  78  181.1476136212838
6  39  189.79630726915335
7  32  301.57424810306259
8  68  126.93664897567241
9  18  348.82261080175135
10  58  236.66140141662265
11  44  483.5359732588559
12  78  86.785712850216441
13  73  230.44208039952275
14  93  57.634402697579745
15  72  230.64805185094718
6  38  287.97617930873076
7  28  327.54302160179884
8  49  232.58250442807034
9  43  248.22543489398456
10  54  325.92837448024301
11  80  125.3963817527089
12  59  259.8351539362871
13  68  283.12564455090831
14  83  84.42211029886424
15  88  146.10621191024589
6  34  225.49124112116777
7  69  171.98480410145365
8  73  143.8270373499756
9  47  280.4730618424087
10  43  324.74377593131328
11  81  130.13162128751631
12  75  195.1500551180585
13  65  258.78132556019045
14  63  290.94430182953658
15  79  163.12217850195137
6  58  138.43207703663688
7  35  200.82300962816245
8  52  211.96893527808086
9  53  84.69513457446881
10  42  277.43385074747448
11  79  154.76958096464259
12  87  87.178624447782624
13  46  375.29634938342235
14  64  265.39553382488486
15  92  69.268484744425379
6  16  445.35891046776101
7  62  140.77643747118637
8  39  206.1267649927025
9  38  472.45893295513218
10  71  113.75877461689089
11  58  191.87341508519802
12  59  335.70646174871564
13  55  367.98420996279958
14  69  216.11813572908693
15  75  201.59064990370598
6  32  207.22233579251298
7  48  156.19920864000329
8  51  179.09169498051884
9  53  172.26071152126443
10  52  247.67359839409914
11  71  149.92547686178597
12  72  162.41291835630395
13  53  254.87179585431016
14  54  363.58610355972263
15  84  104.11976914578678
6  45  115.11576542448661
7  22  284.15614966696774
8  60  145.18437533570525
9  36  488.08867808395001
10  36  274.63376008744029
11  77  158.42017173598148
12  58  319.03691969505059
13  85  116.49349776831812
14  58  233.30089907141397
15  66  253.41157511891146
6  39  262.16135055591462
7  39  233.87510159771062
8  56  266.51154939020341
9  37  374.65550075757756
10  61  234.73634120827955
11  81  121.88239012073832
12  51  141.20962372324948
13  47  388.80435216086721
14  87  119.68040457472307
15  84  138.72411664271289
6  38  270.2741184651577
7  19  133.7992839596705
8  63  147.81477311315422
9  44  454.87897763815374
10  50  92.423732661742847
11  47  391.52575468578749
12  66  184.82199490523675
13  75  115.51283952868111
14  73  229.4170650902968
15  73  147.49243029026553
6  47  229.32728689312484
7  43  414.22018866609068
8  67  118.69349963897577
9  69  229.07333420522923
10  63  183.05445114099527
11  67  167.51051728573478
12  87  81.118315162271941
13  80  103.30870105704662
14  44  279.35996049327912
15  87  119.93327594305917
6  21  122.39382173805059
7  53  219.95002675087431
8  63  184.71271855874454
9  47  306.60639116933402
10  78  145.90152758657172
11  84  149.4431476605167
12  38  492.61365589814301
13  95  26.799429542788964
14  80  168.2021007831863
15  90  98.435452771745389
6  29  145.17795524708202
7  60  101.30585982791592
8  36  222.88818875199397
9  55  303.44378769280189
10  53  316.95221125835911
11  78  139.58812121435241
12  52  294.68966795721013
13  69  166.34728221809542
14  73  209.25359664017981
15  49  447.91425580820714
6  23  253.54423957468595
7  26  331.83619410437433
8  45  168.36285418947597
9  28  493.38617616256067
10  73  207.49280833433016
11  39  477.7450817310372
12  61  244.68023247959698
13  58  351.90283342499481
14  72  240.48687353228334
15  92  57.099577583433003
6  35  140.07195798707312
7  56  204.42143112954815
8  53  293.21781080189106
9  42  103.32203046592713
10  60  62.658751988473426
11  49  454.30539218524211
12  61  300.08105183891882
13  72  254.43289063058674
14  90  79.618004677192658
15  94  61.154136991914037
6  17  405.57978113566651
7  13  416.89376395629245
8  23  327.14854778531202
9  42  397.12252024815075
10  55  217.24992205474609
11  49  92.342078933549004
12  85  93.704324644205769
13  85  91.180831578682103
14  67  226.76954241933925
15  68  241.04012306032115
6  30  200.93423033397511
7  37  185.92371812881964
8  44  164.65182153145631
9  73  150.77206167591302
10  46  289.54460171500767
11  34  481.02781265812445
12  79  115.13863673783165
13  93  55.135933230560553
14  56  329.3587683449332
15  71  230.33296937890424
6  17  430.08523091544464
7  59  176.07560914548489
8  8  204.57592581619829
9  66  163.75867245309641
10  31  220.18145501782737
11  53  263.94346143325339
12  63  161.92521686304661
13  58  236.06416052101119
14  83  123.44722403588591
15  84  98.597840446346453
6  7  294.32751799891525
7  14  121.29436276774069
8  26  406.474038928396
9  13  235.05183411327627
10  64  230.1785016373409
11  42  244.1569088895634
12  63  204.08982537966824
13  78  143.55968804329368
14  74  196.32026822729102
15  56  334.64725329617812
6  26  206.28998515057179
7  45  148.61015433312502
8  30  326.66570545764586
9  52  238.66395787774806
10  45  367.40152631170611
11  56  299.89145672159583
12  49  323.83759659708267
13  46  310.04296445320222
14  99  6.5780487429438317
15  90  71.415565053402361
6  9  175.06123582382077
7  59  75.211039386338399
8  33  238.34513998874129
9  21  448.64941088125579
10  53  292.89179487655991
11  35  358.61295773533135
12  79  112.00000000000007
13  68  308.62164216530493
14  65  420.82470022277806
15  85  88.67663933179567
6  38  322.58911188807571
7  56  171.52216078868094
8  62  161.36311095290111
9  39  214.81033404871351
10  39  294.82023851816535
11  73  200.83981076218794
12  78  163.98074081977006
13  87  83.916905640195964
14  68  147.69899429324832
15  53  377.00879114750995
6  42  173.06744186723549
7  47  170.4660284019217
8  61  194.6321754570703
9  58  226.43018265245482
10  65  187.37867646594825
11  60  314.48330587621791
12  67  191.1700710364467
13  81  154.80587767273155
14  52  414.16494622366389
15  78  110.17907392086828
6  39  142.01130017333566
7  54  149.08166947005185
8  50  229.937094253791
9  43  256.53890238734544
10  46  200.700175618646
11  77  59.761349073825507
12  62  247.04029531054513
13  74  176.98368594783477
14  90  72.618838667428292
15  81  170.0992686254385
6  49  149.57811976331058
7  40  239.49749432755047
8  62  194.21250757301544
9  52  207.72341945532793
10  59  249.83518312575416
11  50  332.64541664069952
12  56  262.18021554177528
13  65  200.83514161884287
14  82  104.23859412667714
15  82  140.64897223805059
6  36  141.76807137297465
7  70  118.77615516346484
8  47  270.69962991558572
9  58  267.59394536997991
10  77  130.62042652021151
11  33  456.42705716250941
12  66  227.19136420595808
13  67  243.28018043545401
14  91  64.442165388745323
15  83  139.89198243416055
6  42  113.49172588324052
7  46  219.19538434582839
8  46  248.1715347426302
9  29  578.86938784929487
10  63  280.07047639850549
11  60  295.43586722407184
12  66  217.94967066701273
13  87  102.87514775895502
14  83  101.05637162056138
15  63  336.26473534578179
6  30  156.19360360662003
7  54  107.92925713673839
8  28  313.90634068318002
9  66  99.581882893515427
10  76  155.60589476158995
11  56  138.32561889514736
12  48  378.27875050125834
13  70  204.37296154149024
14  67  254.76061209257716
15  76  186.95490766021112
6  55  161.504542791104
7  23  262.85658175097296
8  31  333.41966339905542
9  43  164.50242962685445
10  41  379.36427438595712
11  67  231.23543240820095
12  60  236.20245110296696
13  62  255.30599104013439
14  84  130.39026991595995
15  86  110.69002623090778
6  45  219.33140671541091
7  51  141.29522271705005
8  25  447.16328769582771
9  48  369.04978972165424
10  57  295.94868934531161
11  86  85.672472087891776
12  78  102.97476718345426
13  90  67.907314702505261
14  94  51.83134072330607
15  68  261.37071480762887
6  49  107.71454798324353
7  54  207.36069299284441
8  51  215.33580114370619
9  60  272.71768391926099
10  51  288.04659011543515
11  78  150.57565601398107
12  80  137.99518970947699
13  60  191.95617360705924
14  83  118.51167739872986
15  76  212.80896762120096
6  59  243.18436276204088
7  48  118.95060917633154
8  56  221.06257672214434
9  27  566.11098878150813
10  56  207.8392325745296
11  47  348.02076824318294
12  60  382.17522885409875
13  42  153.19780975219325
14  72  215.61767478834733
15  86  138.63180529337578
6  34  236.99192913880327
7  34  40.589747670101367
8  48  193.40341978675295
9  32  395.1390344958325
10  67  209.02897270743128
11  41  440.3992784667816
12  54  393.41759244621915
13  62  316.26319069742561
14  70  232.4929718084191
15  85  128.86539014165538
6  42  83.532646509462083
7  49  320.1616821118244
8  53  158.17822616535511
9  47  384.11550252136544
10  46  151.39402047008127
11  75  124.87244876626305
12  42  346.94860393406617
13  72  181.04369832284937
14  56  417.2998811658527
15  85  133.06782821777
6  34  324.4287773448637
7  19  424.29104550462841
8  62  149.88782086721295
9  48  389.87105808130832
10  56  357.17872010333866
11  76  149.29573154061322
12  60  194.3106308669405
13  76  134.0
14  84  125.31212265911834
15  94  43.730387750426772
6  32  192.3506148963703
7  49  327.83296767735374
8  42  279.44985295688059
9  49  307.55568221030933
10  72  146.16281935013885
11  47  364.69178825935268
12  79  157.54382682019295
13  81  136.22637439422758
14  89  81.873793828285002
15  50  283.31965112764419
6  30  201.79679133185692
7  60  135.50194342992506
8  42  152.56232729854318
9  56  203.61453214119297
10  66  262.73784623748668
11  67  375.60224768871655
12  55  296.36898858803255
13  45  330.27913427607643
14  35  566.70844335459026
15  77  138.71413780958059
6  30  156.18930018530943
7  70  129.14051058830267
8  57  204.98039329208069
9  54  302.93203135715885
10  50  227.17608108719875
11  51  284.62336224665142
12  59  204.42851461724561
13  68  214.86831267819946
14  67  200.19668029368827
15  62  259.80899581119138
6  46  201.4302313864622
7  76  56.615329220203378
8  43  325.40513833110288
9  54  289.87365605140945
10  58  325.60618595147196
11  53  310.2514425377999
12  81  143.50209080235788
13  73  189.11812499554492
14  60  383.85184799737544
15  82  141.30294659010272
6  16  340.58154359682499
7  32  175.33162865032153
8  44  200.19697323871307
9  57  175.91503341847624
10  64  124.54633142730056
11  49  362.85845413989648
12  96  18.067742105469843
13  87  87.661931022141871
14  58  361.60320479519879
15  62  380.08116466764159
6  33  330.33751557080291
7  35  422.36191579857831
8  45  192.3442321326404
9  60  81.168089308259994
10  82  85.77721789742084
11  60  273.92520644589143
12  37  441.9084054890036
13  74  162.06442359668122
14  86  90.976917817653103
15  92  78.0881794326435
6  37  255.74237757850568
7  53  167.01443148951282
8  59  101.86470255156992
9  68  161.8372080953765
10  60  225.24181785929861
11  80  172.54934553305696
12  56  309.60921457027911
13  74  226.5152892877627
14  53  337.03406271481867
15  85  153.04645843206526
6  32  206.3314403807702
7  46  204.80483657099225
8  38  354.52883170180041
9  63  227.62363267032481
10  68  224.46453526479161
11  89  59.512212320140875
12  61  343.61543933062416
13  83  107.61361823616535
14  60  322.85300805874249
15  69  231.41330540653277
6  22  238.89286897524968
7  22  140.23651717187207
8  43  217.34403698211187
9  72  160.01932211092875
10  77  113.72780534823139
11  31  337.14128994010645
12  79  162.57919743341142
13  86  98.680165667362999
14  72  229.43369983656382
15  77  183.43363035217473
6  46  185.84797879254322
7  43  244.46049674940218
8  40  227.70536491666795
9  14  74.070578915945163
10  54  404.79075195464702
11  47  370.7434235690036
12  73  190.47740668571203
13  80  130.04811671096755
14  55  312.40717039733892
15  44  431.68349564956412
6  39  145.20719606153241
7  37  295.89991573785119
8  30  407.78513543780144
9  48  336.73585250121795
10  44  408.1792873282468
11  69  253.62991493426014
12  75  156.68148071747163
13  86  96.547248766525669
14  77  162.5345454242904
15  87  126.10437956053003
6  47  200.36127574508123
7  61  160.05158126042323
8  48  173.14020817789392
9  80  157.148758925441
10  58  297.71733754364249
11  79  104.14515227800213
12  58  182.09675136374744
13  60  287.81696728538634
14  72  214.192538165793
15  52  451.06787077480817
6  59  132.72404059517774
7  64  191.36132616976312
8  42  283.96769450777828
9  48  292.62168428579781
10  58  292.64821217742832
11  53  320.69138974057819
12  81  146.17671204095018
13  64  196.1553248601106
14  84  103.80159167104405
15  62  343.40456544143393
6  19  306.27123554193361
7  21  302.45446462355693
8  16  497.00674630815593
9  33  284.56031047199826
10  84  96.710062801896512
11  47  326.19817157064023
12  69  224.24136045148464
13  93  51.402682882237457
14  72  232.84174172353377
15  87  130.05736401457551
6  53  159.19720112401293
7  43  203.6761613040006
8  62  314.78587315491603
9  43  334.30539173057502
10  70  195.78367530241329
11  85  80.484900229841756
12  77  208.52644581354835
13  56  384.85112879863527
14  67  234.29702845619173
15  70  256.22638918827431
6  55  205.2622600824341
7  40  171.88244661690689
8  68  150.09881102370997
9  59  129.39101079183371
10  35  293.3046585152772
11  62  225.14225606520762
12  57  318.77492514288463
13  76  186.32810414763242
14  52  291.20929224152491
15  75  211.05438985979814
6  35  246.590416049786
7  31  234.25756181860856
8  40  283.63977651401962
9  46  257.80049595086274
10  35  439.918066138977
11  80  125.52510291884377
12  42  311.48868509906885
13  68  246.25850423018085
14  71  190.30378976432647
15  75  220.58672584255351
6  16  130.84395058046408
7  13  396.28280422159366
8  56  274.04295388500697
9  79  100.63481495793651
10  42  412.58411092333159
11  63  184.08253793202539
12  51  309.54792953649877
13  71  206.71006528710322
14  93  39.508398926996421
15  95  47.695193526970733
6  36  297.08299481975951
7  30  216.9782734048423
8  31  266.5089762803525
9  31  336.49501198056822
10  54  184.60287948270337
11  82  117.73625974191206
12  74  114.25422898776445
13  82  148.91020777182064
14  77  258.06456531560991
15  55  292.2074289563696
6  40  187.30793358875226
7  13  213.89359430821708
8  46  304.76036697319915
9  45  282.19099492948391
10  63  199.13994596620796
11  51  179.33617770239218
12  80  134.35837340434622
13  64  330.34314447065981
14  79  175.83042607552738
15  76  152.89113212017102
6  27  447.71817456990419
7  42  131.55736762905164
8  31  267.59114989858375
9  60  216.33167440168967
10  53  228.59034241842619
11  53  209.82706446896989
12  59  160.89682528745266
13  58  246.5098418128504
14  70  218.94161351927579
15  95  37.166756631593934
6  59  193.10506821077098
7  38  254.57897231603758
8  30  168.55661328110435
9  43  231.30527470440563
10  35  306.20634620713594
11  49  306.02287575140383
12  67  202.71453587925288
13  77  128.95200511378638
14  44  419.7273044588116
15  88  91.814319845152582
6  55  216.7579056775599
7  56  190.49562426260709
8  55  284.65142632520309
9  57  132.03848474550301
10  31  409.20549564599463
11  60  170.5408693030929
12  85  127.10519010577816
13  50  188.15857167507971
14  75  171.43259625179158
15  70  271.03577964997322
6  31  173.98025131563853
7  39  240.42660980498886
8  33  262.33884876535734
9  42  298.57573700823013
10  61  222.28298723030261
11  41  270.93028408650304
12  56  239.38254924699896
13  78  201.84486713217004
14  74  264.30636863960939
15  83  132.08829215565098
6  34  267.85918978769843
7  31  187.10580692614235
8  32  410.01304610340748
9  59  184.28700205415444
10  66  167.53447689692612
11  46  509.58174719359448
12  77  154.62418522901697
13  55  344.2849099145966
14  67  245.76099066099977
15  89  95.328498128503696
6  23  318.07850337714694
7  22  198.05497590861074
8  51  259.22924162772853
9  48  222.37291389709353
10  57  233.81456236452703
11  74  190.70035391415303
12  76  141.48940175396024
13  58  323.94537165380569
14  47  422.06188742290141
15  82  169.79485203496941
6  26  178.85079064588945
7  33  297.43354856663069
8  25  273.25030097457096
9  64  189.24661118729037
10  31  405.86519094406646
11  53  229.39626715734317
12  70  245.47044138502139
13  76  148.3885051363722
14  82  167.95119284059257
15  76  218.1375853799166
6  37  140.40783974946476
7  54  206.78303274005236
8  59  282.11284940662131
9  50  264.36760028808408
10  21  439.12815519242332
11  67  207.87586887304317
12  74  165.69018527060757
13  74  187.49470247656035
14  47  470.28524654419448
15  59  401.69883070163252
6  8  117.75924526919826
7  81  57.804132851080325
8  46  393.07338502966434
9  43  285.45146039320895
10  29  528.99468985434919
11  39  269.6153414548894
12  88  74.600712730673436
13  43  275.8273174726005
14  67  240.19824642855284
15  80  109.48505181256434
6  18  223.10844429717636
7  35  60.604442551099041
8  47  317.50368841312462
9  41  213.27340057811099
10  54  259.45703763624579
11  55  242.69113775961623
12  75  128.14224119052628
13  87  94.876566455462196
14  67  191.12806077866276
15  35  646.516128706053
6  29  226.55347770030352
7  53  126.90273709346943
8  62  183.99345755141042
9  46  269.90974832762777
10  53  267.54417033277667
11  67  206.91116089876823
12  66  188.27718955263541
13  66  268.35524261039467
14  64  370.85577649776025
15  74  235.471379785294
6  30  110.93165080127017
7  25  189.00422350817396
8  41  245.97520009323631
9  41  341.42783984113396
10  34  311.14429005213123
11  63  222.19735770419189
12  75  198.32238036556856
13  63  162.02020776134046
14  79  190.46449579090327
15  48  443.92448936053972
6  8  422.13579059616234
7  59  130.60134406513743
8  50  188.04876594031927
9  60  231.00870590893783
10  72  171.86046530083559
11  52  402.67065816629656
12  29  557.75201156695221
13  48  435.74230744123616
14  71  237.30932274724532
15  61  376.33154031351751
6  30  331.32830419948169
7  23  333.04670120416239
8  55  359.98361788317823
9  59  131.99081829940653
10  48  350.06904225505093
11  86  99.139915259592584
12  86  95.762274003616554
13  78  175.28424631918963
14  62  317.43605889523064
15  67  258.94903102234889
6  37  146.02957616421179
7  37  298.28217988151391
8  51  233.34571085739449
9  62  255.08863615473496
10  51  270.84144343805946
11  68  233.26570455304338
12  61  236.71020339482473
13  63  349.33500302503813
14  87  117.05901819786641
15  79  212.36724128275023
6  36  232.7080300680104
7  23  218.38689902455295
8  42  107.62057772060199
9  43  135.53921605652496
10  57  334.33984043118414
11  50  227.57764988651098
12  77  149.71960163299681
13  51  330.57971073689669
14  73  237.04305734881314
15  81  175.93858114861908
6  52  124.16061952034391
7  30  222.95499160145829
8  42  183.61625090073829
9  62  123.40151488090143
10  53  317.90124080112992
11  64  232.03942633406422
12  55  346.05712940565576
13  75  180.85309000614495
14  89  127.35268588488218
15  68  247.52427168921369
6  33  192.97954397268839
7  42  197.97664493742354
8  32  246.80143242099854
9  60  208.34510804808249
10  65  200.11592647797318
11  65  276.76838020316899
12  63  273.16697506960912
13  74  154.6955130086323
14  82  132.53082824986586
15  77  151.00000000000003
6  19  362.22023499891571
7  40  182.42722386684801
8  48  254.51661600426664
9  49  239.90010682866105
10  46  203.85676245637029
11  65  136.78726808253134
12  79  129.83812667307345
13  59  328.32318194365195
14  49  301.85882688720113
15  79  171.69349740669051
6  38  212.61486720606115
7  36  208.58841801634907
8  60  169.42129941743002
9  63  228.56951664356981
10  31  278.74572493464285
11  63  198.858654816864
12  70  191.21063358473603
13  40  488.93502809760054
14  91  74.980181326456588
15  84  155.62504966919198
6  30  160.48221004667826
7  25  143.24624188310645
8  42  180.61476172209197
9  25  362.91566889744666
10  68  151.47730504633935
11  43  487.74084786356127
12  74  192.93730576165711
13  63  304.53306813408528
14  80  127.56989980157228
15  74  168.51363229142063
6  29  233.39180345874246
7  38  250.67836528335164
8  52  233.02063697461818
9  34  239.92971347492124
10  60  251.39808662861702
11  57  350.14540538536653
12  69  140.60507521550926
13  84  97.256144791389687
14  92  59.384248794410567
15  82  154.33030329693614
6  51  156.43658484084881
7  49  276.84519814212081
8  12  156.8483337958624
9  34  315.07150663366684
10  51  259.80934794194792
11  64  206.54648036312059
12  44  358.79439124828622
13  50  371.00911121978396
14  60  303.64881498275759
15  87  113.7595508853275
6  31  312.07986219447059
7  7  175.3985489992541
8  43  174.38671823217345
9  51  239.46080851605154
10  74  163.46412277053832
11  56  304.87092201689921
12  90  59.890415673101693
13  65  257.14550242515242
14  72  201.50795875609171
15  70  277.2995528097905
6  51  126.40680979217457
7  60  182.07976637875029
8  50  304.78618784038429
9  44  262.63395288654812
10  63  151.55919790445694
11  68  221.14282910786267
12  81  155.70884328844002
13  65  249.66961594347885
14  72  265.04964823887036
15  89  93.9406397046438
6  19  283.64322691413901
7  28  104.5565758340546
8  66  137.28674152006676
9  39  254.34710970910101
10  48  337.33591932865244
11  77  151.40467692761109
12  42  515.0793301620979
13  61  272.65041642019787
14  81  154.62637955327128
15  66  232.49550051558313
6  38  116.09984925739855
7  55  305.05831919293649
8  25  450.14051096870588
9  70  88.69677306450329
10  71  152.31590075534086
11  81  138.07931782285388
12  42  269.80890578442637
13  81  228.7750775477009
14  72  193.41266923239317
15  48  474.38732162247925
6  29  151.59850796437462
7  24  179.8303908469955
8  34  236.49007528079954
9  47  213.94246885295379
10  51  324.67139858481784
11  77  149.47034116107164
12  61  207.10454233136826
13  77  197.3651879937008
14  81  165.56428838935986
15  87  78.897357821196906
6  43  208.13502475737531
7  59  154.10150721895033
8  49  293.29114545093864
9  63  100.31225049855085
10  63  238.84355171862717
11  57  186.20175451362445
12  57  323.44015152009064
13  96  33.966667611429706
14  68  248.18768356852999
15  77  144.42952761678103
6  66  151.23383621579421
7  58  167.74440092550654
8  47  208.0868184609453
9  32  330.72835441568122
10  28  474.41203742128505
11  66  242.87873133597569
12  69  185.63038466679757
13  75  197.39394543716412
14  79  158.37663649599904
15  86  112.9999999999999
6  19  34.081803143567249
7  54  223.45823129050075
8  39  213.30153887787657
9  58  216.56573224892873
10  46  213.88786514022934
11  39  399.48946587999581
12  84  142.32231494564945
13  80  139.09698452562856
14  70  216.01182536801676
15  41  588.24587608439015
6  23  296.58496136986753
7  34  301.06919687454837
8  46  224.377150760359
9  35  282.16732527143046
10  54  341.32145609539299
11  71  185.74106688640919
12  53  328.8125799479011
13  81  186.45640358838915
14  92  58.166181434558212
15  70  271.00000000000023
6  28  282.30602653344442
7  41  161.88749199051807
8  40  289.10704890444163
9  54  131.71882633457642
10  37  335.31217256801784
11  73  204.13688210163147
12  68  180.2806212709296
13  90  120.13437559709824
14  83  112.28776165498026
15  86  124.09192861586052
6  27  172.6841332186678
7  45  211.68575390508778
8  54  238.74458023773326
9  56  94.434327942671416
10  42  291.92473167370127
11  64  180.50175156928324
12  70  208.89394316314846
13  66  268.75064960205191
14  70  182.12457263210817
15  71  288.80901316321297
6  37  131.62821026304775
7  31  287.75235800572852
8  53  156.42782198240175
9  49  125.06680060988404
10  61  194.77075513849351
11  85  98.906635452392848
12  78  137.3720423604716
13  81  152.61042161603612
14  88  108.8122081807018
15  91  70.153094460518872
6  38  235.1225722063775
7  37  219.87487454650608
8  58  206.24169836180329
9  42  270.55243922326247
10  47  215.82801450211605
11  66  223.20686188389291
12  58  308.37628604179969
13  84  122.86827509123339
14  78  160.35908548255799
15  92  74.257031179623382
6  27  299.71421959558091
7  20  319.12914993672274
8  59  150.51740323953143
9  43  425.21879408421972
10  41  387.92872613537008
11  47  280.00807619636186
12  62  293.72242183087133
13  85  116.01028247784328
14  59  395.47599132536965
15  82  153.6365249841464
6  0  0.0
7  28  222.95453447828146
8  27  334.94305204553359
9  43  135.61378168228299
10  65  251.12459928240349
11  74  196.13755982220525
12  52  254.92943392501292
13  88  87.430083771099348
14  72  234.62367379102255
15  78  135.55850904100998
6  33  293.26122858464339
7  32  279.92445405330159
8  50  153.58684482150611
9  44  262.26585301911246
10  34  426.32883580253412
11  83  115.53346801182366
12  79  153.96501580403341
13  79  161.43796646812834
14  45  345.84068805651344
15  93  39.329607127918145
6  22  344.7973471020839
7  21  256.99658997608589
8  69  150.11619850362317
9  33  349.76360802990615
10  61  189.80699143167163
11  83  136.49839764110737
12  72  339.52286422367172
13  89  79.745002334905251
14  79  149.3701970339666
15  72  183.65445779781038
6  31  289.04706786182834
7  57  218.27305863784395
8  29  328.92837002549209
9  49  313.69794104374336
10  42  465.6798715891801
11  45  397.36206070550043
12  55  294.73739207863474
13  45  302.33002636337949
14  67  194.05663740917336
15  84  149.87807297719507
6  24  297.78374584530388
7  58  111.6033712853143
8  43  165.22331781297953
9  44  252.58193648470203
10  68  150.65085706995245
11  50  355.74660194877788
12  72  204.7793600791484
13  83  96.785217494746391
14  64  206.84988906352856
15  61  273.31856300883373
6  41  248.20448025060207
7  49  235.54749694381277
8  39  205.68304026948562
9  28  396.152861264352
10  19  639.29550644364281
11  81  113.06066030872751
12  62  302.33518782284739
13  71  250.67891393789523
14  81  123.88876310116463
15  79  173.30235757934594
6  48  180.57764466332048
7  45  323.91381333148234
8  58  196.69810920950366
9  39  279.39603143239725
10  53  266.8325415639481
11  60  342.40300857365168
12  63  192.57293424616086
13  82  175.82715265828651
14  51  292.38933303832601
15  53  455.45898032602702
