2  72.5  363.60502890367297
3  78.0  552.13325250619187
4  88.0  466.56971484735408
5  91.799999999999997  452.04200285271543
6  85.333333333333329  727.35700439440836
7  83.571428571428569  743.81738010053868
8  83.5  743.05384394609291
9  83.444444444444443  794.46454703348945
10  83.400000000000006  899.58830413388762
2  82.5  405.54058621020351
3  82.333333333333329  538.74238229430443
4  83.25  560.5555590084449
5  84.200000000000003  693.81447001044057
6  87.5  641.37683848766108
7  83.285714285714292  813.70706988806467
8  91.0  711.38089036652696
9  87.444444444444443  833.23411003307046
10  82.799999999999997  963.28864248658761
