6  16  200.74116069100188
7  30  196.79253306535068
8  63  147.69566286653185
9  77  115.68971802912722
10  46  320.70580124355479
11  44  336.10371529999259
12  72  179.10144029523326
13  84  121.91507646440856
14  83  153.26748393775489
15  66  287.35671107607322
6  5  205.45396807934574
7  25  274.28525397873682
8  46  399.91346117521203
9  42  275.5966411601961
10  63  162.29586884481733
11  55  89.745390171455156
12  87  75.70565236340326
13  84  116.49069337932035
14  84  97.208247185403494
15  75  175.70534649720622
6  50  99.522787679809326
7  39  251.8063777569609
8  30  288.38190240381732
9  68  111.19139861187253
10  47  239.74632001698436
11  47  183.66638484867687
12  65  208.44297804837345
13  71  249.33481118614966
14  81  159.29395535199376
15  75  281.6484245599537
6  37  254.21674513812695
7  52  229.22430865952532
8  39  328.81975343260518
9  51  77.814341562384726
10  60  257.05536352233418
11  64  209.33175457006016
12  49  245.67112783372457
13  70  244.60390557746427
14  59  206.94010236539131
15  81  180.89771227226547
6  24  343.89376956917971
7  27  340.36653296671363
8  44  310.69240996333292
9  33  290.05382031592808
10  42  274.09944042094446
11  59  182.32184987431
12  83  106.48130889517938
13  70  292.25045825592645
14  89  81.057111455050531
15  72  222.96936538430757
6  10  113.73508794296242
7  40  354.00773356641236
8  60  152.06333940455059
9  32  435.48839343048741
10  27  137.42879335729964
11  38  300.62942373297233
12  31  454.00000000000006
13  36  477.49044728593168
14  76  169.89811628042642
15  76  144.98845242901342
6  24  329.04043784883322
7  31  218.16844807501843
8  46  361.9845641147636
9  62  215.70524458981777
10  77  122.50036089368358
11  54  315.5682005290281
12  72  182.94577157921091
13  69  221.152208347325
14  94  48.437125653194897
15  94  59.576103489409952
6  23  163.2685003082245
7  12  368.37094753550281
8  27  527.049298683198
9  60  177.49160174643418
10  46  302.01033994088158
11  62  200.90706449843063
12  62  273.54685547080538
13  78  163.37279362956659
14  60  179.47373246749962
15  80  139.17756924514921
6  27  229.09233078656061
7  3  202.17468114322457
8  32  178.26949100804009
9  62  273.05297365105855
10  43  320.20964810156732
11  62  228.44845278854936
12  78  172.4594987607436
13  75  158.39541579725426
14  54  377.18846549237065
15  93  70.658526200809305
6  51  278.74582271830815
7  32  227.01448929328126
8  45  189.08856952071855
9  81  118.4556648014662
10  57  305.23512433523234
11  47  321.58545947040363
12  74  237.17750919108454
13  40  314.11562288788753
14  77  194.81343508646535
15  81  151.55274821173694
6  40  205.302811232187
7  8  251.4950673188705
8  54  181.04754708954226
9  50  187.426097450942
10  50  347.78715778576202
11  75  201.61206700065057
12  66  218.89336166996523
13  49  236.7067136091284
14  78  116.27297720650877
15  87  108.32023044032721
6  36  208.48534649465557
7  57  265.6873945339791
8  39  326.89834476762553
9  77  105.68624544168489
10  40  449.42632732372323
11  54  210.92276588200724
12  78  110.65818779363728
13  74  168.26059261830986
14  87  95.423712379550409
15  65  310.26066068031929
6  24  232.41089352236872
7  40  320.74869128922774
8  52  244.38910582482876
9  52  163.28745165937062
10  60  179.41023151685781
11  65  170.97897071025636
12  54  143.99570314871835
13  71  137.67448169593388
14  64  330.23927974349004
15  75  173.20853251269492
6  40  244.77805285521012
7  47  104.06519353118225
8  46  187.55845177840538
9  47  278.03515652747683
10  49  291.43043181629025
11  72  191.9552399712519
12  65  234.17696592204649
13  72  155.9651512973617
14  88  83.505778152014699
15  90  88.318862344475235
6  51  172.94316395654431
7  49  207.32505964241821
8  66  148.71053189690002
9  59  279.65412811719051
10  76  160.49203223577422
11  48  140.2311915184286
12  90  77.664824579198211
13  76  169.4866800344939
14  81  156.52477273462279
15  67  276.92337626420124
6  27  219.09118002755861
7  39  129.65830004477246
8  35  311.29097390737621
9  40  215.96158551021446
10  58  224.41986294415537
11  72  195.07375267665043
12  44  444.53608052076544
13  81  139.68442479862728
14  54  279.80099928639839
15  86  109.24449644863073
6  45  152.58690551537717
7  69  107.42535289138623
8  65  209.17012210813238
9  52  334.77664214923442
10  69  152.32115010353832
11  68  252.44034340733921
12  74  195.82611227623528
13  51  403.33322359391127
14  67  223.01356789077627
15  86  89.509612076695404
6  64  126.77450092469265
7  25  233.5142508186091
8  32  401.09781630279332
9  78  140.24225921931904
10  67  96.690474722005845
11  53  373.02345658107998
12  85  95.864193170489898
13  82  138.01458057452462
14  74  206.52750490000014
15  84  142.43832047315524
6  25  162.83024710975278
7  54  253.1028768879834
8  48  292.58139936000521
9  35  193.0501851565754
10  60  277.55678720090447
11  54  310.09681508087317
12  69  177.75466812286064
13  59  177.65593079292339
14  70  214.97972589667484
15  76  197.09701027879132
6  31  122.09350160101229
7  34  360.56359002478155
8  52  299.99142267465612
9  36  278.66557968375974
10  64  197.20875022638799
11  53  426.34216354106252
12  63  203.31237375416077
13  81  88.206122974432972
14  68  161.90461031813587
15  85  102.37380014042803
6  44  146.885397858781
7  39  234.34710979301124
8  55  291.37595223532884
9  39  243.37281819635919
10  75  168.30827110385837
11  71  110.18669794703744
12  64  295.02892063224033
13  78  164.46119569185481
14  70  225.44571664951462
15  82  169.75497366637907
6  54  159.39132678060682
7  27  171.50028704108848
8  61  131.93117375986293
9  68  179.38775791484775
10  63  168.92262263447086
11  61  224.28946972405529
12  70  152.33125021244373
13  94  37.286094046795021
14  71  172.9299475215671
15  94  52.40528999562278
6  29  227.77737197680014
7  57  154.01560922132097
8  37  348.12083465749021
9  62  140.94060193430124
10  41  341.30853670767027
11  56  342.82192111479674
12  40  345.23654978550059
13  65  241.6190464964767
14  76  161.11988438605283
15  77  173.27119704992865
6  59  170.3273693471574
7  26  280.24376645908751
8  57  149.65975569113766
9  53  160.17198667204235
10  42  505.42495459779298
11  71  166.01846258160518
12  64  200.78545544322705
13  66  230.88324655280124
14  82  89.882865998125325
15  74  235.35682003429181
6  22  387.08689296016581
7  23  257.01856768909681
8  56  300.14968783400752
9  67  182.89058530665619
10  77  118.60530520564734
11  58  184.79841481674444
12  48  291.77040632881926
13  56  359.97781385309548
14  82  146.72217338647351
15  84  119.02482730087345
6  31  122.72643928007474
7  56  210.97792471361791
8  21  296.4876999037669
9  57  337.05898288851853
10  72  148.0342906203837
11  70  172.12057558471753
12  47  298.32233334905601
13  57  256.43612512925489
14  76  186.3440345837231
15  88  90.545253099934058
6  29  350.40426373154094
7  32  231.05387338746792
8  63  142.57653278851009
9  63  308.10968228453225
10  42  291.38950568785231
11  69  146.4874896344075
12  56  310.57336987807872
13  93  48.551976790208563
14  89  90.522767659996788
15  74  199.2499920123245
6  27  197.57007189242051
7  33  244.58335396575117
8  21  83.926888034039337
9  71  183.76880807938915
10  58  331.18159287500634
11  59  241.43864633486476
12  84  87.219128782552147
13  82  134.55607485224229
14  83  115.13629969646259
15  63  254.9941637277619
6  37  236.75825106380529
7  39  288.46045099913039
8  37  330.20432625369625
9  60  207.6199740476134
10  46  349.4686652428361
11  57  306.46330054156101
12  70  140.17703217540529
13  48  296.85513588074866
14  87  120.60875909917878
15  83  141.55140211619985
6  30  264.68026061018134
7  11  120.30067635974881
8  64  248.94428523093745
9  56  168.68556783807148
10  52  324.29986797895259
11  63  242.63526861654134
12  70  188.11927203527065
13  61  244.20587349668125
14  49  524.87698359686499
15  77  201.33031022898962
6  38  88.43021350552101
7  67  88.592822084202695
8  51  210.28676114440299
9  35  190.62555514390522
10  69  209.74703409503357
11  60  142.38668214791775
12  61  156.96574310075593
13  68  232.68523843420869
14  73  215.02860634108208
15  77  214.25394235947729
6  34  291.22716068864719
7  29  325.83074806505596
8  43  237.50165515471431
9  67  83.699104729682418
10  44  293.99222303126538
11  73  184.31790747309446
12  44  445.5302412733912
13  66  255.30858780156768
14  78  125.58792535390134
15  96  37.300220584360311
6  54  65.017597899045953
7  41  259.07464128086582
8  28  382.90112933505486
9  35  197.74703847408233
10  57  134.94419925281014
11  73  166.46251660225525
12  52  343.38856699245122
13  92  58.626133910298925
14  72  99.327714132342436
15  91  84.787543935879853
6  23  318.08704489257707
7  33  305.2994500882462
8  55  186.72301661272994
9  54  213.02080395000934
10  37  263.60119471336714
11  52  305.21502052512665
12  71  147.61011388041928
13  87  100.03502357190723
14  70  222.57899152704832
15  91  68.741790623499469
6  39  135.6708337144176
7  13  424.29043390885175
8  21  240.48216952962431
9  62  201.3877008436825
10  66  211.36494697978114
11  72  156.69935868723724
12  82  118.83423092729541
13  85  135.85443340102367
14  69  229.92313408997271
15  79  127.87717722276636
6  49  224.19458259233932
7  50  142.8064258712503
8  55  274.31058242577848
9  59  195.91639414597378
10  64  206.24583636987893
11  68  267.23594479477168
12  59  199.2335243383159
13  81  168.94019520487868
14  89  93.559465600304733
15  79  185.72370742718221
6  47  138.35142901106082
7  45  258.7442430518891
8  51  198.79227249469164
9  51  173.3284795723776
10  67  135.45867601268236
11  80  111.40019372991594
12  83  103.83426176621181
13  91  77.177665527283452
14  61  257.54727153815156
15  90  84.731315340137002
6  64  101.94971269517029
7  54  127.21175856968487
8  41  248.95882772677703
9  64  268.6537585537327
10  83  120.60459451992861
11  57  276.6792715564244
12  89  56.366350114854491
13  66  264.36969001237452
14  80  163.89938048291265
15  88  113.11656142540949
6  19  157.90743922869913
7  61  124.61136395105234
8  65  181.95421329199792
9  89  49.715266676064026
10  50  221.67896754406038
11  67  170.25656185483521
12  49  310.16790426968038
13  68  240.91077202981509
14  69  279.78941736932273
15  74  213.60029857965989
6  21  234.19128480212169
7  38  119.1518221452005
8  32  257.00431816356672
9  39  431.81089764469027
10  46  263.32742000128133
11  21  233.72640964833641
12  65  184.58562028691136
13  74  205.01081970962417
14  50  223.45084458318433
15  89  81.534484097911289
6  39  268.68607467129863
7  46  186.13716296270073
8  33  176.52036557302208
9  58  172.10263865859096
10  46  272.04403078120276
11  89  65.868990903292939
12  70  154.33512433137639
13  78  167.28404527913102
14  59  244.47689165214484
15  69  185.34086629103794
6  45  225.01548569229342
7  45  277.74008163002878
8  37  286.45874271535547
9  47  163.44733899978766
10  76  108.49825717332109
11  85  66.131475704511018
12  42  333.4445788580594
13  63  289.9429693110215
14  53  348.64620510606318
15  61  346.68989276261647
6  32  130.50793801512614
7  30  280.41571798801925
8  58  262.11516245964719
9  49  362.2181322613423
10  70  164.63139607285416
11  96  26.718012276029377
12  89  114.80905071474257
13  66  249.57695880100462
14  70  186.46648977689364
15  86  121.24591303023119
6  43  262.60834326851909
7  47  147.90697844678675
8  51  261.53101478395723
9  75  126.6939004184822
10  69  190.45733427395564
11  53  308.78044973930639
12  60  304.36431633833053
13  57  259.85599552306905
14  39  558.07479268510428
15  77  185.09792292332358
6  14  197.96364148733693
7  32  140.56961166900453
8  41  261.37951722207026
9  28  667.99271323168614
10  57  138.02395532084415
11  62  248.94008519074771
12  59  282.97520938038872
13  75  211.46891126161239
14  60  214.79912407684424
15  84  120.82706361420115
6  12  255.54214291154355
7  45  172.81544205523304
8  43  379.94838990278146
9  68  185.43849441230961
10  50  271.07601052950486
11  84  104.87532897188446
12  61  236.04128122904439
13  75  145.609273124167
14  63  246.68557137926905
15  87  132.89437516996492
6  46  206.82459788812375
7  74  137.09505072180499
8  44  309.87400264634238
9  48  261.56197092429068
10  49  302.57158686943552
11  53  289.27783618214221
12  85  118.35470675553015
13  72  171.38011414393927
14  47  425.8675186429715
15  89  96.498661632649743
6  20  273.79032645275447
7  36  207.19524840258558
8  56  155.99044656799688
9  31  465.9677135055037
10  78  108.04101803776662
11  60  270.04353103119831
12  69  195.81855128168971
13  63  257.51267274231708
14  75  215.65019984679913
15  69  277.70256264534345
6  45  103.26255507748424
7  20  313.60738798609634
8  33  103.1551620060184
9  46  176.691439970494
10  53  337.99708515615674
11  61  251.24516133887613
12  86  103.97342545482077
13  86  88.571108409646598
14  91  78.241718892923274
15  61  259.26068755081332
6  30  210.99483840547461
7  17  218.66365630364214
8  64  102.10447403969472
9  23  342.14641560527349
10  62  163.34977951727416
11  64  280.5589074011869
12  68  207.51535270688424
13  57  341.3292802249025
14  61  342.05057347364686
15  93  63.000000000000064
6  24  267.63733698654909
7  36  268.11345420213837
8  44  144.49500496101945
9  56  172.58607300382411
10  43  401.57833812198351
11  71  250.08532978394101
12  73  160.96215948268289
13  75  261.33012925119596
14  76  185.76270609344488
15  75  211.51965954787136
6  24  181.34779327962096
7  57  126.40507852770716
8  51  285.81072980605171
9  76  123.3254302803758
10  49  295.81299125739201
11  72  174.32900571068214
12  80  46.487697348372848
13  74  123.65243758756262
14  72  193.60427669195934
15  82  175.90158547678391
6  23  294.28594117825304
7  41  168.25442451976585
8  32  254.12587505392469
9  57  143.50508051820856
10  65  178.5569873712827
11  47  380.13919961427325
12  60  340.90430748983334
13  56  333.86615296602787
14  72  218.8118932958115
15  71  184.63923350316995
6  34  267.43764887810795
7  57  122.16390514274788
8  29  346.03311851886963
9  34  173.28360183203262
10  80  98.147772088731315
11  85  108.12167402949369
12  81  86.923082741684354
13  83  69.920274560616548
14  68  181.21172864206935
15  51  271.52749328150833
6  53  160.45751507920059
7  24  151.75480062121142
8  58  196.95733459303554
9  65  143.65090977163686
10  63  179.13911449676581
11  54  141.91884464572016
12  75  145.08709278240187
13  47  246.73229886040872
14  80  153.62724644124353
15  83  142.42097078350542
6  11  282.60343754628241
7  37  422.72582133795493
8  26  533.5943528674909
9  55  282.73080687208079
10  55  316.9882949774813
11  71  197.40302089658243
12  57  171.04633235203573
13  53  335.07287993966457
14  89  79.938107567144172
15  73  200.10586067318127
6  23  324.83451090133229
7  19  362.49751461813855
8  35  442.85821396948779
9  55  218.67961420938491
10  74  143.97579772561247
11  57  175.467898359288
12  65  193.45348237559384
13  81  128.6781658951179
14  61  282.92676248258726
15  79  190.98950464157306
6  32  130.09932459586767
7  53  193.90450137459294
8  61  174.25038577743911
9  61  273.9886422519001
10  93  41.94920404993109
11  59  204.09556402003327
12  52  325.85742286534065
13  73  166.18264241880101
14  62  344.79178550471397
15  63  348.07864686890144
6  53  143.21641939553132
7  32  274.28148937070517
8  11  331.40756763171424
9  63  218.0943656563887
10  63  220.53676445390036
11  66  113.15283288884144
12  73  161.91764043513868
13  70  244.73305377970524
14  92  61.119849891467467
15  69  222.4811774629045
6  40  116.52787553673913
7  30  84.692577187525956
8  30  256.78838950682984
9  34  296.38995389659499
10  73  143.05778325881795
11  43  385.06744866295048
12  65  225.64689786648833
13  73  149.3937113832321
14  84  96.323522830687679
15  74  153.62274393923016
6  49  220.12890846568402
7  26  462.55302672027278
8  43  328.43204143060353
9  58  166.54203985852254
10  43  194.72736143816951
11  85  81.988089797905275
12  85  106.33851206946083
13  63  375.27643321935847
14  57  293.28309385778056
15  85  123.75687160812768
6  24  389.74041395695411
7  22  191.2410979350426
8  43  237.15938198352205
9  34  458.66600839805847
10  53  207.72032345794437
11  58  300.61582932230181
12  89  83.561397485312668
13  57  292.03744091792072
14  95  39.148158516657524
15  67  183.53703082643187
6  42  135.10679584815824
7  62  167.20680769442683
8  23  416.33325882699921
9  65  148.78268555135742
10  57  279.04973229544311
11  69  236.51958006127231
12  75  114.30924677199576
13  86  87.301569408399146
14  68  208.76750726453795
15  87  107.71313610739772
6  24  132.49511286461896
7  57  198.6408198003725
8  47  272.8414421039792
9  74  66.947825299833426
10  65  242.27891886940444
11  56  201.47100635044458
12  37  489.86397593957997
13  65  286.64878187778572
14  91  85.391769152377691
15  98  21.302789306171853
6  18  275.77768535260145
7  30  208.08171013631849
8  21  391.99872358949733
9  44  271.31815875070407
10  35  254.47608529432074
11  41  288.83285286808984
12  67  252.44121459773834
13  55  273.16689922078154
14  90  79.55922936466267
15  69  288.25236997359889
6  30  225.50569861505221
7  32  167.65895692032265
8  46  347.69349155434242
9  52  259.75370802293372
10  56  266.49577988395043
11  60  267.57700928747033
12  69  276.91563595167696
13  52  402.19607675957019
14  58  246.99566018131864
15  89  103.01781957377308
6  54  186.57816603482974
7  22  148.40828678994697
8  53  223.98969492305412
9  73  153.58291943068048
10  37  374.64175179177994
11  72  153.42009725127829
12  60  325.70900638533675
13  70  165.00000000000031
14  66  251.9084096039426
15  74  236.08723722485422
6  45  41.761154529998308
7  16  390.76325483106768
8  43  240.26082091427989
9  35  165.29953781106772
10  72  153.34576133397917
11  52  239.85655959773172
12  33  573.20878624646696
13  55  304.99164272162551
14  81  203.22502721027089
15  75  221.29393342385194
6  28  213.75680203138737
7  30  246.65989956299825
8  39  249.39676631981595
9  60  186.16526192324793
10  73  206.16198366583046
11  46  498.42977619280418
12  56  365.31753655480082
13  75  205.75499554165853
14  76  201.79308321024794
15  77  219.16834603623775
6  17  329.45584045203174
7  28  312.65663772969413
8  42  249.98996856737463
9  40  298.37424992755217
10  48  346.27510028095128
11  81  134.23121785982812
12  73  154.30851911800875
13  74  216.10109009248856
14  63  327.22217675948366
15  40  430.5288091859851
6  33  248.85427781424929
7  41  200.29276300960828
8  57  233.75196287322547
9  49  295.20663365287169
10  44  328.12370273801577
11  96  27.383525066208964
12  56  310.1451577156447
13  62  306.78601910741759
14  82  189.05265241098411
15  64  362.99322712863801
6  39  118.45493894647318
7  29  224.07250028667966
8  56  233.13998882370609
9  58  230.85635260802809
10  55  189.34147013690207
11  76  117.18915227819539
12  73  164.92281851781075
13  48  283.789344330566
14  85  173.54279190433127
15  73  216.07018912812686
6  16  330.85284915494958
7  44  141.79607402537118
8  45  193.18231597435079
9  72  125.13605760237712
10  51  157.47145438449118
11  60  337.74530980551481
12  73  174.85667084387947
13  82  123.63472914796333
14  62  254.01539902261325
15  87  77.648823488557682
6  24  118.41853636265813
7  53  116.50902865945601
8  79  69.324526354106297
9  49  232.4614921433209
10  71  157.63825148579261
11  65  195.1905569692766
12  49  203.66118583235786
13  71  178.62322579853145
14  64  363.14047897159355
15  79  141.4949864883215
6  38  220.83042235057107
7  17  457.52986369510921
8  59  209.58386399921608
9  59  334.14391744851054
10  55  192.03859105086829
11  71  210.2251568524122
12  72  240.94207698327986
13  48  397.63772748274579
14  80  136.85763022994428
15  84  100.00231576217105
6  71  93.318838001728665
7  22  165.5664662617931
8  53  250.2086645722726
9  74  109.19551530904391
10  58  279.95680960308937
11  71  206.04892380825456
12  53  315.03534575796778
13  70  209.64655200221432
14  76  171.23588050550183
15  84  127.16245772469142
6  25  228.26294703819184
7  35  191.37691710236234
8  55  137.06471932688964
9  53  213.60476193001932
10  82  109.15992910833118
11  66  238.22317595393943
12  66  251.01184955222374
13  87  88.137831206379431
14  82  134.4625090126267
15  71  258.59110197181565
6  42  238.86568541592058
7  61  136.38180912404033
8  40  103.87276870491253
9  58  270.85873755322649
10  89  59.544783151069431
11  60  327.16433619100155
12  58  239.51578134927968
13  47  358.53125186513233
14  84  148.35566295866886
15  70  255.44244479597145
6  34  224.14834516660972
7  29  143.18544284545257
8  39  223.9029272523552
9  60  187.21792796934619
10  77  187.354758007344
11  53  340.33948865039861
12  52  349.5208171425918
13  63  203.95246726280064
14  74  249.37195771087505
15  78  164.08067593079463
6  25  294.66103496783506
7  50  134.53595209582943
8  63  125.24837611941783
9  41  180.36956833955236
10  53  275.75420054763896
11  53  391.63747629623464
12  29  540.12914203715195
13  61  237.71613942418759
14  63  155.99921099064099
15  82  119.24835418099757
6  27  229.8166186266713
7  38  134.05705846214389
8  64  158.33553773664968
9  51  268.54184289000182
10  52  178.66623038834661
11  43  341.87014169990539
12  58  284.9304672511247
13  84  164.40915788011051
14  63  290.09688127427046
15  83  113.41432023633854
6  26  314.66998019814469
7  54  171.39967080101945
8  16  488.33987434129597
9  45  260.42787789243852
10  71  181.94648191008145
11  55  306.79814259636743
12  89  76.911249590066376
13  80  172.87334331386256
14  65  144.69470788952614
15  76  169.17085063017791
6  28  170.45210818835525
7  67  154.44959119266792
8  39  327.36152798506208
9  66  146.4236803143279
10  47  390.46975187682307
11  51  277.56386233477855
12  79  170.76737160681333
13  46  254.08930641155803
14  51  393.73217479381321
15  76  195.97719851216351
6  20  204.65704602320801
7  29  176.24891455128844
8  61  211.84866154900664
9  51  285.73314455428221
10  57  178.1216272787689
11  92  50.207641038339986
12  59  255.3268038306766
13  73  241.93844788625583
14  61  275.71768299185368
15  79  173.55824170338371
6  29  208.54535321504378
7  56  185.00729584857331
8  7  467.57665168511403
9  50  279.13543446905743
10  44  369.68597076618209
11  65  282.65989172923759
12  67  283.82587590938783
13  68  219.97639537677492
14  48  436.36302568962907
15  67  249.27583058029523
6  28  261.51864752537716
7  51  81.353598501623964
8  36  265.4977367587332
9  48  325.03905523464459
10  74  161.16858829095062
11  87  98.618281422858729
12  64  286.14671107282288
13  73  159.70458664324389
14  44  331.62488213667473
15  88  112.47392428366378
6  21  126.43803357044693
7  31  229.89834884358294
8  49  304.61637116092879
9  66  189.45737301904779
10  67  223.54253058717592
11  63  261.67940821334474
12  80  210.90701868403121
13  69  253.89540758787561
14  67  186.58768362213107
15  43  417.32325111811207
6  42  129.7099262943054
7  19  269.81966592647757
8  55  373.26312868590628
9  58  105.7048828935075
10  51  203.4229709988283
11  78  162.6681141325559
12  75  182.74841169655068
13  62  287.24329335427029
14  84  120.94713285470438
15  76  186.85413240206623
6  24  197.33151222214099
7  30  139.37327514133486
8  62  182.65346767559907
9  51  242.38435438425165
10  56  234.52280793708047
11  72  143.96655296208968
12  93  83.828055262646672
13  47  250.91800503267297
14  88  91.784745435700472
15  65  247.89333897297166
6  34  212.0645987350413
7  13  300.33365638324761
8  56  199.74795339777569
9  47  171.9003133917505
10  71  176.25554631547624
11  78  157.48283861046062
12  59  307.43814059754413
13  75  238.15215693886316
14  85  133.13114988631631
15  79  162.17835841692619
6  31  98.475155948104103
7  41  231.94062107315136
8  12  264.9925529081591
9  41  301.89437329274369
10  63  199.93092522856395
11  60  299.38408165501733
12  73  234.3274097201502
13  60  278.42507523503139
14  72  253.05742477031424
15  70  250.7402070378761
6  44  188.38478682655298
7  53  344.15782361069552
8  22  451.63198971430074
9  55  212.48269869022766
10  55  366.36197214656664
11  56  285.53158354723928
12  73  162.68061634173844
13  68  273.79893784848576
14  45  477.83761024960688
15  77  139.69566775056242
6  48  189.37431491420932
7  26  200.51614404575312
8  50  176.49593553920536
9  66  119.87317150644036
10  58  206.83191694371311
11  77  134.21850420856842
12  82  126.77760222060391
13  44  385.89895812602595
14  74  159.14688378483382
15  88  70.346137932604861
6  13  130.90565696702507
7  31  271.89200901403376
8  26  597.46961772591078
9  66  126.49725544531665
10  52  266.414381720471
11  45  385.27639262118839
12  63  154.79620263568444
13  66  224.91452885447649
14  71  270.62409658101893
15  81  149.70230721785012
6  27  229.00037745702605
7  29  410.84684078578579
8  41  248.31235321092481
9  50  274.72988898521868
10  50  312.09764187993733
11  73  219.94662638209184
12  67  275.93611952583353
13  82  177.98843193813121
14  97  25.820999647047238
15  75  219.81125969438844
6  20  229.67021624077557
7  46  179.33743706079042
8  58  210.9890325959777
9  51  213.64351672128728
10  62  210.20860628241053
11  35  330.01864290279349
12  87  101.03911276683941
13  79  165.59162217617745
14  95  30.545962306996625
15  76  197.43514487625941
6  25  324.07851468048534
7  62  119.70795290592756
8  60  194.24964946676891
9  50  351.72388706069194
10  43  232.86666702650334
11  32  449.36384949549944
12  75  187.22074824606466
13  88  55.708909347708818
14  85  118.42629985979201
15  87  60.172833381452193
6  17  271.41087540212624
7  20  270.91502577484215
8  60  179.46971483085727
9  49  262.4450652454758
10  71  204.83366667219653
11  57  239.57313970022255
12  88  82.965680122876719
13  63  254.69081558522132
14  63  365.28694077522402
15  89  81.893988380301607
6  33  226.65599157420269
7  36  207.79855921008306
8  30  339.08733121144701
9  71  206.82028686812856
10  68  208.15881915938544
11  33  330.76106792663802
12  47  362.16349613037971
13  67  197.95913982710283
14  55  279.103038119681
15  68  215.97522495482298
6  34  213.55834150770428
7  48  173.26689886142034
8  78  75.071589529797009
9  57  168.37973858669108
10  73  133.49076523612342
11  42  296.12741989964735
12  74  190.38789054888392
13  87  77.292926194116433
14  77  210.61345424942704
15  96  80.437849223009067
