2  28  140.41170287977377
4  54  111.34660051245962
6  60  133.00866661963713
8  56  174.2431737968316
10  77  100.43099131995528
12  62  362.52833780687507
14  88  108.39226713619225
16  74  252.56474804670808
18  78  190.98099512484512
20  58  377.57690496489613
2  62  97.66538033819721
4  63  106.0100710274904
6  53  222.48105842791159
8  41  253.51336331771449
10  26  433.06751709127337
12  59  308.95530528940077
14  68  237.62980460845912
16  83  120.75297052405283
18  80  118.8776171924392
20  81  247.77227803907348
2  62  57.041062839330856
4  35  226.83370938812877
6  56  319.36994656973172
8  34  241.21085246752577
10  35  219.39096536036075
12  86  83.37333538067449
14  63  216.64916299194485
16  63  317.13409101829814
18  54  275.8024336563974
20  71  345.45507830315114
2  23  69.070443081974062
4  47  113.23381536117058
6  41  365.66244919669117
8  51  193.20276679975964
10  55  229.41287546978157
12  66  231.48072093646547
14  49  209.65655839201349
16  82  168.68538471898006
18  60  253.20802796774333
20  61  306.69265124022439
2  0  2.9999999999999991
4  45  158.7680884068962
6  33  140.34942114160495
8  56  187.28043469833651
10  64  203.69962820418002
12  86  95.465282191036835
14  58  422.78395421958805
16  75  219.93150377671233
18  45  599.74069563758246
20  67  373.12006908831961
2  36  137.05016804757892
4  27  85.795793449258881
6  34  367.32783550815503
8  57  254.40080441405837
10  63  197.44974242298073
12  84  140.71431277349728
14  63  262.6183333939772
16  49  450.82838437810642
18  78  235.50422417591548
20  76  295.13857120172963
2  29  118.21931331812748
4  8  141.19009593471694
6  54  220.45496201464684
8  61  129.38731309183305
10  21  269.44295672456877
12  71  223.73624922947002
14  48  357.37276359427517
16  51  378.19834637518545
18  74  232.48380659967899
20  46  264.71777525299962
2  32  121.48805743489086
4  47  91.58157981509396
6  59  178.0173940881501
8  50  194.96281813257514
10  58  212.59129783519728
12  60  463.14743708189587
14  58  278.86562131944044
16  71  206.2525509497415
18  84  133.29983356107689
20  74  258.15478973859655
2  24  158.57382924644057
4  34  110.77010955889976
6  32  175.62204771430129
8  52  187.89505320425516
10  49  276.88385712549371
12  66  237.74533094841243
14  59  379.23851025123656
16  65  453.26734329604051
18  67  250.91880296951209
20  75  264.17987461467322
2  49  100.58390295203694
4  47  67.276479974366353
6  10  336.18161130119069
8  65  175.56403857089569
10  45  251.75624065545247
12  59  265.23826671040683
14  63  144.60359562387924
16  82  135.01890680664121
18  56  342.1578390123056
20  74  215.81156750079703
2  11  181.98477709064409
4  36  158.12649625561161
6  72  84.482229981452292
8  36  176.23859662610525
10  48  345.79710118864421
12  46  197.28890386373681
14  52  329.52966938911879
16  75  139.35178736542827
18  67  549.1347452859668
20  79  187.88103164515732
2  60  87.175034326437412
4  30  195.06611081383085
6  50  229.6341317941741
8  58  132.04411889813156
10  55  241.76330918648804
12  68  146.96263548392008
14  73  148.2863312427917
16  54  442.2640955172896
18  39  627.90779975839962
20  55  347.86776795054556
2  36  95.586782512628048
4  32  258.47937423027003
6  40  157.04034164348968
8  52  280.61599944904077
10  71  145.27102469476722
12  79  114.79571241202292
14  66  255.94274889667398
16  60  194.24348886194082
18  85  95.677378350432221
20  79  152.10702596973761
2  21  156.18911416274977
4  0  0.0
6  32  203.36580476387104
8  59  197.8761588257268
10  57  262.96844870429794
12  50  209.30410852999958
14  58  258.91881051488525
16  74  233.9250236992614
18  81  194.46208370820568
20  54  331.16528237497647
2  25  37.584623181705005
4  18  246.74426709905518
6  27  216.35399542633701
8  54  184.95056205983246
10  66  166.84815848950035
12  74  124.55868057864051
14  68  312.28649424969853
16  87  142.64997650708759
18  69  292.34846812122254
20  54  430.76596244851504
2  14  107.69711924966138
4  32  143.83273980254438
6  42  183.24683423667022
8  61  152.68863811286633
10  32  332.11657934550641
12  61  214.71057261048361
14  62  235.2937150363268
16  48  413.75680811456391
18  82  199.61444237485566
20  83  160.57226442934768
2  47  91.936914830564874
4  35  38.591879937301599
6  13  100.13565301723254
8  48  202.22773857786711
10  47  252.29952261067194
12  63  242.69231612526528
14  64  308.39249022437019
16  68  179.86628918283463
18  53  442.39473167651067
20  80  165.56020450258754
2  26  95.44699134302499
4  35  150.10105103809309
6  52  204.10099597248634
8  51  278.88876126760499
10  57  265.05566352654063
12  88  78.337193377774966
14  60  304.06939753029644
16  83  130.35870618528079
18  59  197.13119229159682
20  60  410.48768900542399
2  26  74.885902137109326
4  47  184.25866753334952
6  61  135.50238409525303
8  57  234.99190253615149
10  60  272.92857529946883
12  46  346.40438665827691
14  68  231.41620298110666
16  44  299.28106244806105
18  80  173.93275436703192
20  75  265.21612974676839
2  36  86.434394438444173
4  15  170.2833569843817
6  32  255.61780927097172
8  53  111.42910048048272
10  36  395.57225582927384
12  51  353.30981243773311
14  59  300.00124618500371
16  73  239.14312683174896
18  75  195.19601184939373
20  77  183.85277166555713
2  36  135.15129874735703
4  46  150.04705982529606
6  36  317.80136572563606
8  64  174.27084541521697
10  61  248.40142679907186
12  76  74.068826180019585
14  78  107.86380284604697
16  49  380.84870190734381
18  81  97.429937054947956
20  74  226.40124941582411
2  0  22.000000000000011
4  14  87.428098408813113
6  23  340.57814021966163
8  53  94.160906912966837
10  64  201.96447283636502
12  74  237.52213449507741
14  86  103.70312406890453
16  73  224.60858640068841
18  79  103.99529963990196
20  78  170.14899580258438
2  49  61.932137423922043
4  7  75.47587384454836
6  52  183.80017231574203
8  75  100.48716018912026
10  64  240.8898080164164
12  88  62.694333651756857
14  67  279.34984116606142
16  60  302.5956257061456
18  81  298.72950415194271
20  77  234.94671501458021
2  24  143.36570930581789
4  42  162.90932918749738
6  59  168.66581769591156
8  61  211.3382011657651
10  46  233.81231636106335
12  79  210.25038368618101
14  92  47.53862705883266
16  68  246.70282196236724
18  81  132.90500731077384
20  73  218.31556920395107
2  38  94.333865596245133
4  53  159.00976889842732
6  50  249.02285117991713
8  42  329.19303576344726
10  50  309.44146357711469
12  66  245.51937489505934
14  75  112.70658730547198
16  71  247.90915806438062
18  71  372.04255585120387
20  87  134.67074443127021
2  29  77.865351604618041
4  44  232.62256990543875
6  28  244.65756194840185
8  53  290.16852242167442
10  42  311.34927192025668
12  67  179.38137779074944
14  64  279.09091363660025
16  67  233.05479314851192
18  75  214.36460349774623
20  70  204.43808904363996
2  45  77.702619786419461
4  39  200.01613083369267
6  28  169.23297627907871
8  47  285.27695491885447
10  55  286.80407391248082
12  76  227.36953293963538
14  39  643.94055458107857
16  74  195.3773932015558
18  51  503.48892573861144
20  68  324.60703990259765
2  16  100.94704008595686
4  23  228.70075888447025
6  56  175.76865699118127
8  59  168.90844385854547
10  30  415.93418773818604
12  57  267.62260255945682
14  51  204.55944817353819
16  59  245.38178484281696
18  84  136.19570837089509
20  84  131.08011021449659
2  35  133.23431708319225
4  54  146.46305887744188
6  41  164.16928557342763
8  46  279.80842076043803
10  72  136.92609358710388
12  69  180.35980007918582
14  78  186.11546292354066
16  65  290.20925419945502
18  67  423.50527311049819
20  56  445.64523191792517
2  32  139.08689777872308
4  52  155.14603368431904
6  50  197.8492930757597
8  53  274.80230972986561
10  47  196.72897615094735
12  77  123.94376013291512
14  46  262.20652726194675
16  78  174.81308855594975
18  67  312.74086923647008
20  79  279.09957598878543
2  38  68.080551039732697
4  40  126.4236003487034
6  56  109.22419355909099
8  57  129.69369552905118
10  64  254.9579850975083
12  42  475.24633624303857
14  57  272.49046171226348
16  52  386.99693778652613
18  88  82.920338376524015
20  68  347.26803839028241
2  5  137.88675123045243
4  31  160.17772750552402
6  26  239.77227991947603
8  51  254.89271223530798
10  81  92.170695516626893
12  69  224.57489203600838
14  43  404.23445130395504
16  72  251.25449390339503
18  82  179.40636428986099
20  76  322.1592445449873
2  28  149.17333795243931
4  37  148.49142421144504
6  47  154.02293535806231
8  37  248.8309658348245
10  25  407.50887653651046
12  76  226.19888575607823
14  49  354.71037958153937
16  78  162.62984703063645
18  85  110.65140763650611
20  67  292.48070850171734
2  5  32.591831427354684
4  41  212.38006146795021
6  53  102.5548372164471
8  52  156.09715838111515
10  83  174.54896721822161
12  49  344.68771035625934
14  61  253.30106778230621
16  69  288.32132136078485
18  56  434.44642351715879
20  74  210.12721044190604
2  51  107.22866684805022
4  49  162.7630158621543
6  12  397.0
8  73  110.27040922116153
10  61  171.83897689099695
12  44  361.61730511119009
14  69  195.8053396965602
16  60  269.34147679059527
18  71  169.83857175515777
20  79  209.59995021287878
2  37  75.384209538405841
4  38  247.35427483523449
6  54  181.25854511495012
8  34  341.06155662953529
10  57  253.85923988323023
12  56  215.05280663374091
14  73  244.10181530676962
16  71  287.16048248727805
18  47  708.65755136798657
20  83  270.26587455441035
2  36  81.202046026775747
4  51  97.964875085648799
6  27  310.08841969263705
8  34  294.57159609735049
10  78  162.51169687127373
12  64  297.73794026656185
14  51  315.13902251228353
16  66  347.34123881813139
18  80  183.12905260802856
20  77  146.01525410881905
2  0  0.0
4  29  269.5923534733783
6  47  266.05226996550982
8  40  297.03464024301701
10  69  211.17086061432468
12  80  87.058506608584921
14  82  114.03336266164078
16  48  228.79742468198472
18  73  270.59012323619748
20  62  318.1143958775458
2  8  120.22492224275373
4  23  219.03416613620291
6  31  225.05248066077658
8  57  100.05068447796353
10  53  341.54604329293858
12  68  145.83849696320254
14  55  389.06188603385971
16  74  221.64708688487602
18  71  270.18881985811055
20  68  212.17348951679443
2  30  83.744368294743595
4  28  59.565362129208488
6  17  147.86919360737994
8  75  143.39343439341329
10  61  171.03173787194413
12  63  303.01881532939672
14  60  173.148462336232
16  70  212.74276480796496
18  94  72.569279408449063
20  67  288.31905424629105
2  15  45.783192952335547
4  53  62.40900605311711
6  33  268.38000993988237
8  37  218.11201724356613
10  41  271.47983840479924
12  57  273.02222763089287
14  73  135.67637469989077
16  62  305.49049212574499
18  61  381.27711755370586
20  90  96.684552186236971
2  29  100.06525806229337
4  54  166.08190615903555
6  33  260.56373409429636
8  35  189.47301678142017
10  52  326.19636863102687
12  60  267.18033020199738
14  67  247.93755755067184
16  74  211.91670758598815
18  82  152.5876221669329
20  88  91.169314572509535
2  8  81.302710605499797
4  46  218.73399486759382
6  51  219.06055240235753
8  59  313.65806884787315
10  59  253.33130257448536
12  45  322.68059246646624
14  66  363.82924875895606
16  70  330.50387189446536
18  40  513.87236395756656
20  68  319.38254809421477
2  12  180.37099515732842
4  21  245.92186886415234
6  60  169.73970967285163
8  81  86.885463277904151
10  78  127.29764652930623
12  66  258.43657756494014
14  86  87.12865956395396
16  67  360.18243887839037
18  58  516.24604319502509
20  77  218.28993397103767
2  27  120.87669145728572
4  5  40.712182958770285
6  34  179.2150283852452
8  43  283.83563741462353
10  80  96.690849479545861
12  58  367.93672693920786
14  76  168.4098372719549
16  70  237.50328316311072
18  63  255.37023340521009
20  76  187.53244729260356
2  24  145.68647085375656
4  25  17.218223281205439
6  24  313.68977439732373
8  39  269.57721214076196
10  59  159.57633887636044
12  77  139.54954555224211
14  58  303.11262667910921
16  78  325.48870431870341
18  72  348.7707985190911
20  69  308.90448663202653
2  61  59.177716770079705
4  60  122.12588653563965
6  28  355.22253095692702
8  58  198.90897869600948
10  44  284.71566114793262
12  64  247.607257300838
14  68  310.92542095048873
16  90  113.88453658325123
18  70  206.9089814131782
20  62  379.28666445311723
2  29  68.726441649921824
4  46  121.8364738346733
6  84  59.571958677255601
8  37  282.37449383648499
10  48  331.9486992121781
12  54  314.05547321554945
14  52  477.46228939592027
16  78  116.14318109309559
18  68  293.1795523265971
20  66  361.18699291575638
2  51  111.16661997570276
4  24  232.47787293950822
6  61  186.41802006954555
8  34  465.74976625069365
10  67  124.33726390256103
12  55  131.81396480593145
14  58  345.46878271988078
16  74  172.38086916384145
18  69  337.66072910499378
20  61  489.820866537239
2  27  113.65224587390067
4  34  200.03507767927616
6  67  81.727215464245617
8  48  276.21536157523667
10  84  85.524390395055889
12  68  219.32094751876534
14  71  205.6438871943007
16  67  302.61350018068265
18  64  453.03145894375416
20  74  466.01353356985391
2  14  100.30583035474748
4  39  152.02270004185075
6  45  99.408186186555071
8  80  98.692934958033788
10  51  345.13070074179905
12  44  696.95742133060139
14  62  424.41015800483507
16  81  135.24719636978429
18  71  372.47877774673555
20  36  477.79693111842079
2  23  119.87833701493349
4  32  166.67166187687337
6  62  135.34288436774165
8  54  234.16511305138414
10  58  194.18672383591399
12  80  161.57860292733727
14  75  191.77248425229286
16  68  308.55059235433617
18  66  451.12712283327357
20  74  174.74912388120492
2  39  112.51240065463911
4  81  26.648446766303511
6  51  163.85921984034337
8  67  122.54336406124969
10  39  406.79375642839557
12  63  248.93898838844473
14  70  261.37202364166853
16  76  226.6223738761044
18  82  181.28043870153101
20  75  234.24844614119479
2  4  131.42349134112638
4  30  151.48483762385533
6  40  310.75707225666594
8  38  204.77157614799191
10  60  276.20941304300283
12  86  51.671320859948459
14  72  161.81552628425374
16  38  483.19428469759475
18  59  346.40845324098501
20  54  520.77662629537758
2  25  120.43708594654298
4  47  157.05901893668531
6  72  107.71384223400456
8  29  196.63373264359475
10  61  227.09624969193527
12  63  233.51420204025519
14  45  408.92427484300202
16  63  220.08129636271335
18  76  174.10872631458614
20  58  521.20367854419396
2  9  183.73686272880451
4  13  136.09482760679671
6  50  163.46311009466382
8  28  308.1894242775594
10  71  110.89914809837308
12  50  340.77073454680738
14  60  172.56748307218692
16  65  264.00847757478084
18  67  425.82198104447622
20  70  380.08930765157317
2  39  135.88943793897644
4  41  179.20217213632361
6  42  146.54935193372143
8  66  127.81888636488866
10  85  88.741800280030958
12  53  300.31808648018773
14  50  363.29271326013611
16  66  360.14224647396071
18  82  179.94523496253618
20  66  301.52678483786656
2  19  113.86867045231016
4  66  127.46282435436682
6  53  135.69009387329402
8  69  87.134350168534354
10  48  327.20780120020095
12  59  212.75558454088571
14  70  247.88577536432845
16  77  278.1677204331931
18  70  288.15351276924832
20  61  504.97358208456563
2  3  42.000000000000057
4  39  82.885966236648471
6  57  138.09280180054623
8  41  289.46596365155818
10  62  88.998245059951614
12  31  365.82193469698359
14  79  172.77716054541654
16  66  380.40701037133556
18  59  228.29195382248071
20  79  167.97662170996969
2  27  68.094440545860706
4  56  104.54252004250787
6  91  43.974028672176779
8  69  94.756499850660362
10  61  213.32008076045332
12  78  127.90522514892271
14  62  263.38338748627575
16  73  169.98154167193701
18  79  188.47706724795054
20  80  211.08681611733701
2  21  164.85266487076106
4  73  70.846016120155994
6  38  204.66948153177967
8  62  182.07952258905237
10  65  176.72914932266005
12  63  321.985835887657
14  43  395.76327356988082
16  57  452.06271581902831
18  67  179.18967291444315
20  81  200.32540880722499
2  16  84.073760213868198
4  73  53.501434192791521
6  69  126.9969351258954
8  20  361.06548968326393
10  36  513.10257395970882
12  76  150.36933642874956
14  51  213.93625059000203
16  69  324.90653317014136
18  86  144.06053239500437
20  65  481.13553609713495
2  21  165.56682062801718
4  49  98.704713936851789
6  30  351.78039986177828
8  52  241.7340738778143
10  80  81.720610637850513
12  50  486.69576106196666
14  60  305.54264444512506
16  64  288.12020241249741
18  60  307.35243846465534
20  68  424.62360158551655
2  24  65.899371900778902
4  57  110.17862247645273
6  23  268.8262188807235
8  28  220.22718110884659
10  83  127.48264379594447
12  88  79.80617727264422
14  50  363.75252708720797
16  78  156.59714098434262
18  52  441.66457902082851
20  82  130.98946846515412
2  24  61.891390823925569
4  64  79.321036135723674
6  47  273.92226367007993
8  60  160.96589778219604
10  39  453.15696597706653
12  66  185.61874749103563
14  46  349.94764795196949
16  68  351.83952614418342
18  73  270.3338224143954
20  59  316.22537065660339
2  23  157.5299000402639
4  27  112.10894497398564
6  56  153.56162509952003
8  58  121.19217848632307
10  34  606.34358876604836
12  68  259.21051997860212
14  71  190.6997914168229
16  44  517.26617667749827
18  82  106.27070315999221
20  82  255.23844562677735
2  16  25.74157639790333
4  20  257.15013842264267
6  33  285.28697364724684
8  47  293.25294818154345
10  62  167.41697607431212
12  60  345.59392140038881
14  66  267.11689707652374
16  74  204.32052790197702
18  73  286.74230357555149
20  60  492.49790460706652
2  45  112.89660172397795
4  45  130.43998452007281
6  43  224.5358200884605
8  66  146.43604341047569
10  54  255.46655209719404
12  69  192.63761839794927
14  76  217.43814101987789
16  78  77.094680821371284
18  90  85.272662496086383
20  82  209.16424606001209
2  22  53.885450890048517
4  34  182.32677461890003
6  67  129.53809752567341
8  60  250.95935143158746
10  53  310.68001650827841
12  48  287.13759499800597
14  65  131.19985675492234
16  52  292.19521406679479
18  51  682.40647290357992
20  79  138.02181405264741
2  28  54.014628695004504
4  28  146.89231691937985
6  50  192.66653504870698
8  39  132.4263662878756
10  51  203.81670859694086
12  59  303.03188468722232
14  53  389.41478579300701
16  26  942.99467939981889
18  82  152.96310678944403
20  60  410.69993179106092
2  23  70.549151665866148
4  23  242.75615307596601
6  47  139.13982497800708
8  75  84.718575519100227
10  40  319.65806663968681
12  42  446.77499074287425
14  71  204.99266873453311
16  62  297.73467953982731
18  82  126.6833881853987
20  52  416.43806567690672
2  11  163.10365142790039
4  20  83.038245649972694
6  47  180.38902678879924
8  56  204.87420940548981
10  64  175.94104320686637
12  62  279.58330993974533
14  71  287.74863241950737
16  75  294.57344480281165
18  53  554.57069811188944
20  64  248.76051302074791
2  42  94.999851589758336
4  38  186.15760089326341
6  78  98.257613460498078
8  41  229.31581523423588
10  65  222.38945081950723
12  42  262.53152560423808
14  78  116.06560625908911
16  56  301.21899464033925
18  70  361.92891656384842
20  83  214.3016413051252
2  19  166.73638432470739
4  21  268.59657279588038
6  65  106.10359708358283
8  71  159.80567723207253
10  52  193.86756928299235
12  47  421.86837070916761
14  52  300.80075017186499
16  55  363.53253953049904
18  85  128.06663635783107
20  86  144.50172728013519
2  9  37.58321611056985
4  16  199.18662539418506
6  34  162.5577658071231
8  59  247.63243199456531
10  49  179.43867448805304
12  66  289.3716446099188
14  45  394.7830516635704
16  55  312.19356878123943
18  61  373.34550155931453
20  75  482.05197160005474
2  29  164.62761568833
4  27  215.5751372043479
6  47  211.55409738979418
8  66  201.17767961721773
10  62  171.48101563050005
12  79  101.28010965946589
14  44  456.77035156501984
16  67  333.76969263798361
18  62  349.2069145584432
20  63  293.77266194257066
2  46  111.3413484860433
4  34  138.84758673428166
6  56  224.84610542394248
8  55  214.88460441858672
10  69  171.2483124008599
12  53  366.19470796448297
14  75  136.64696512371665
16  67  347.63948208842214
18  70  298.96232626995885
20  73  328.16697853321716
2  0  0.0
4  36  70.005195627203804
6  52  91.74633199200612
8  42  211.83478817211514
10  79  124.37834922632332
12  46  298.71059469385523
14  45  356.92403777316355
16  79  117.58655140709855
18  78  193.02827082228839
20  65  262.95223516990745
2  19  34.469010374822012
4  40  232.86601632722707
6  50  156.48449162710693
8  58  179.48056086694814
10  55  218.60098651545721
12  45  326.16034886142376
14  51  376.30859496855027
16  75  196.44525314848514
18  85  124.06489108497448
20  70  360.21470267534636
2  18  138.13722477305242
4  21  169.05298642642705
6  67  229.32975850861524
8  69  113.18448959616124
10  52  276.52104395596018
12  53  428.97134821339625
14  41  630.17491853258127
16  66  289.84271189341138
18  68  279.10447769271866
20  73  250.00759709606638
2  17  66.503906601095409
4  35  188.06532045259652
6  64  87.999630032623884
8  57  150.19812827840272
10  40  343.17821877648646
12  40  233.39761214819197
14  84  103.35802200306888
16  81  123.38636314445958
18  74  250.11894240184364
20  83  151.14635699640311
2  21  159.40468220351931
4  30  232.03142747741489
6  52  194.51482290088731
8  50  268.03004816454279
10  74  127.81574052597196
12  80  133.80411744486071
14  48  412.68913841524875
16  81  129.54109472546639
18  75  206.84759934777887
20  67  415.37309969340902
2  26  133.96909628563034
4  7  123.00970979991438
6  68  83.573199378365914
8  49  225.59554956226748
10  67  148.53357091613398
12  59  278.6686887803566
14  80  157.0073207528261
16  54  431.04719645450069
18  80  178.35027782359197
20  60  254.86824590182326
2  47  114.88839424266402
4  32  156.81963266459994
6  47  254.34488263445203
8  59  166.89018123274374
10  55  194.30729047493492
12  77  282.78623526911127
14  64  345.17568226044972
16  72  449.8832758618961
18  94  49.153347551181824
20  63  279.67198446305645
2  13  92.262783167298352
4  45  169.64015572693202
6  44  160.55285562821737
8  57  134.45398513010045
10  40  240.02971058306778
12  40  531.14239512151846
14  35  448.33352392740017
16  61  240.46227066665136
18  52  405.77907167338947
20  72  197.01389913398549
2  16  171.13014095974319
4  18  226.01550212925406
6  33  210.63064442530103
8  72  113.16090963920688
10  50  287.59596178180198
12  38  321.95963946053121
14  80  169.68049407932335
16  59  416.75413034347764
18  90  109.56015075717805
20  72  190.85990116781534
2  35  55.27210140688306
4  61  100.708855926002
6  49  159.47394484139312
8  64  237.39484306407073
10  68  169.15230218269102
12  64  216.23817372281081
14  90  83.148935282127098
16  64  169.16089721511867
18  85  137.69438631894479
20  66  286.39642061998018
2  23  91.4055548804821
4  34  144.16876396469485
6  49  164.3621611994638
8  38  345.43930452240653
10  48  312.48051358968871
12  50  257.98861938121394
14  87  84.221190601340808
16  68  186.81758585770439
18  81  151.39348590034862
20  77  202.57733820696879
2  51  55.162610434104295
4  26  157.47761995952152
6  65  183.91073948726438
8  32  59.505116740751191
10  69  153.91573841250528
12  66  125.99022057921589
14  55  294.29283744276802
16  62  390.69847806527815
18  77  124.32120769125403
20  70  327.67650329850102
2  12  92.533427386932686
4  39  156.09239622095774
6  48  225.4038228354749
8  42  316.06909840379899
10  54  186.05408580171721
12  45  254.59742233862906
14  68  314.29759165660056
16  69  370.64830511049666
18  72  227.88208790200471
20  77  189.31056076009352
2  27  72.008099104925776
4  77  121.5042579179464
6  39  227.15475618454846
8  28  431.99341033444381
10  90  64.003576656119222
12  71  315.59615794826482
14  76  144.28725812543556
16  68  225.09758033031721
18  77  145.77222715756389
20  78  166.12228623566355
2  10  108.62835770391625
4  29  233.72023218912835
6  27  371.94999699870397
8  60  182.03114548895419
10  42  213.26684824867309
12  71  200.44093033637884
14  55  360.11123645235017
16  64  315.04758001452183
18  73  212.28955984329482
20  83  176.48327810735915
2  29  146.29493991385988
4  26  223.4466396217515
6  66  162.80675687838814
8  60  160.06404151318321
10  33  576.21778573512222
12  41  313.27954363930587
14  44  348.36929501370116
16  86  126.99609639458882
18  68  246.7289066609307
20  75  191.85980257730731
2  22  157.09172437353635
4  40  116.59465601274306
6  64  215.06480453707073
8  33  259.13369863561292
10  53  199.49198882861907
12  48  427.47645792659699
14  75  245.81507322204783
16  63  363.49611034638593
18  72  317.95940467601486
20  68  354.4429034969807
2  48  113.7899250342434
4  41  170.49437222588196
6  49  177.96774738598478
8  24  142.09654209535847
10  61  231.78655168351099
12  55  221.88336471877565
14  59  281.82629354148202
16  80  159.59980860192397
18  71  324.7806178080213
20  64  304.06710323834039
2  15  89.760817960641958
4  41  158.12855924141579
6  52  152.74255230489271
8  31  302.39568660831287
10  82  89.354773109308439
12  85  113.78553981425966
14  83  164.43607738112777
16  67  159.29329325609481
18  52  403.63643675361692
20  85  121.00606382953096
2  63  89.530936143909003
4  46  129.7736615637497
6  20  168.49305877097012
8  50  287.87032049270067
10  50  397.24843024051648
12  72  218.8062516308506
14  78  136.8744391425582
16  76  189.07328545467851
18  60  358.83652634958844
20  83  159.45624556349051
2  26  146.99548166303111
4  49  161.40548040497362
6  57  124.36472682956759
8  71  160.70535728189873
10  54  202.99023776074014
12  70  186.23682641893319
14  60  301.49041098415921
16  73  219.89029821222528
18  86  140.89511935108797
20  92  73.459272053503909
2  26  136.56039758190505
4  36  141.79991558396082
6  49  222.50158260151468
8  25  318.77198063419365
10  60  225.52943944712536
12  57  239.41152865062028
14  82  84.224423789043854
16  63  206.67807365433572
18  78  129.47553909826149
20  55  440.03333677158685
2  8  94.611133212793703
4  28  200.21160021365063
6  40  297.29132194059684
8  56  237.48841347446123
10  70  180.67262392004051
12  63  288.4030121487134
14  62  257.78594862844812
16  72  217.58764480647474
18  79  230.43403267044036
20  71  342.30017686427334
