2  44.333333333333336  171.39780183901007
4  43.666666666666664  283.65388362145308
6  63.333333333333336  394.84493027439163
8  61.0  352.85679008880282
10  57.333333333333336  494.32834485404112
12  79.0  359.18442432498216
14  85.0  338.56963179949844
16  82.666666666666671  415.29900884194524
18  75.333333333333329  521.86511434884642
20  93.333333333333329  324.97521933942107
2  10.0  188.30196668700995
4  43.666666666666664  241.09977082749208
6  69.666666666666671  324.33741694854632
8  58.0  392.16585607628559
10  75.0  413.44367116084038
12  76.333333333333329  388.04504560773751
14  76.666666666666671  425.95962343815853
16  74.0  385.62414884672086
18  81.666666666666671  394.76453310467758
20  92.666666666666671  388.03931850058842
2  44.666666666666664  196.04895296485856
4  48.333333333333336  335.6414560793861
6  66.666666666666671  306.42677809279883
8  47.333333333333336  426.92906789885848
10  73.666666666666671  343.83521421316402
12  84.0  301.49827741548165
14  80.0  429.96987026909585
16  85.666666666666671  383.7787745521648
18  78.666666666666671  490.7636786314502
20  81.333333333333329  472.41164176730979
2  50.666666666666664  161.26550086803385
4  24.0  294.17638779394372
6  66.333333333333329  315.22690959530297
8  70.0  344.59321405509178
10  60.666666666666664  461.74865780562669
12  84.333333333333329  379.91528263287518
14  88.333333333333329  325.29056330318167
16  75.0  467.85638525981096
18  80.666666666666671  489.05331179763601
20  81.666666666666671  464.42993964772046
2  46.666666666666664  155.22559484095441
4  72.0  290.89127239406486
6  68.666666666666671  363.88321077885524
8  65.666666666666671  391.71391593676771
10  69.666666666666671  361.88299280026308
12  85.333333333333329  359.56929579216296
14  85.0  380.73594108591635
16  67.0  512.59552639875312
18  85.333333333333329  422.15657332678381
20  88.666666666666671  385.41880880407393
2  30.666666666666668  136.84347685447133
4  45.333333333333336  339.48834521313972
6  51.333333333333336  285.93631428681891
8  58.333333333333336  347.75298033648016
10  81.0  320.77305998295344
12  74.666666666666671  428.14214103078598
14  88.666666666666671  346.39806904419447
16  80.333333333333329  466.21745603093501
18  84.0  431.41562515007564
20  76.333333333333329  570.49861466823188
2  30.333333333333332  175.02860227555428
4  44.0  283.83995908886538
6  64.0  338.0459256205823
8  40.666666666666664  492.57025752616033
10  71.333333333333329  402.35947601847425
12  82.0  375.31150253456968
14  72.666666666666671  459.82256816432857
16  84.333333333333329  437.82685642310469
18  83.666666666666671  429.16754131013175
20  91.666666666666671  321.96003111550993
2  28.333333333333332  200.00000000000006
4  46.333333333333336  301.13926206751404
6  50.0  357.88129579931103
8  35.0  491.17156558817953
10  74.333333333333329  389.67028807705469
12  69.333333333333329  418.90315098887612
14  70.0  573.88151170614753
16  92.0  320.92052596816029
18  88.0  387.36520361403927
20  80.666666666666671  514.94568073443031
2  22.0  181.75983967546119
4  55.0  277.52577258874078
6  69.666666666666671  282.22997039948831
8  49.666666666666664  415.71854183105489
10  57.666666666666664  460.89398207867367
12  68.666666666666671  441.06916811459024
14  86.666666666666671  354.46637256499235
16  84.0  409.55262718369954
18  90.333333333333329  342.50384521292648
20  92.333333333333329  342.62858355688894
2  49.666666666666664  169.02932611312917
4  54.333333333333336  272.28438655897151
6  50.333333333333336  341.73270514975769
8  49.666666666666664  460.18865460602291
10  71.666666666666671  394.58754466758933
12  75.666666666666671  376.8991493949855
14  77.0  286.14737789163803
16  83.0  458.4326310015731
18  81.333333333333329  477.17238883631842
20  90.0  334.58528681061671
2  30.0  166.9197960357881
4  59.333333333333336  214.72868137963457
6  77.333333333333329  265.6299288126138
8  68.333333333333329  368.99403140466433
10  75.666666666666671  381.34000684822229
12  74.666666666666671  436.01797207023321
14  72.0  465.91732271317443
16  90.666666666666671  404.87726121170823
18  78.0  485.20159440246454
20  95.333333333333329  299.44444515220761
2  16.0  193.99999999999997
4  48.333333333333336  254.01623554710744
6  71.333333333333329  354.75033296962937
8  69.333333333333329  374.30488548306192
10  55.333333333333336  496.12552552623544
12  84.333333333333329  332.20351576403471
14  92.333333333333329  325.09177279036578
16  73.333333333333329  436.58471222202201
18  87.333333333333329  382.49838469685858
20  89.666666666666671  423.79843898010733
2  21.666666666666668  183.68152222258996
4  19.666666666666668  336.9647391693332
6  50.0  330.41491841135291
8  49.666666666666664  463.11615827873345
10  67.333333333333329  411.92215808375528
12  76.0  355.50355267846669
14  86.666666666666671  318.63983185223407
16  93.333333333333329  322.28093093007425
18  74.0  551.92578959550406
20  87.333333333333329  432.77164905788112
2  16.333333333333332  123.19523038048209
4  25.0  315.05709252784419
6  65.666666666666671  302.11937733536172
8  53.333333333333336  394.64450941651057
10  78.333333333333329  404.43185976521477
12  78.333333333333329  365.33970037727033
14  84.666666666666671  399.4799633001
16  78.666666666666671  409.09088373979415
18  90.0  393.69476002812189
20  96.666666666666671  301.03343976717116
2  36.666666666666664  131.23161105700143
4  29.666666666666668  292.47031666425943
6  67.333333333333329  331.03734663561067
8  62.666666666666664  327.480679438229
10  65.666666666666671  375.95658201709512
12  78.0  428.86923058500975
14  74.333333333333329  496.50190828331307
16  76.0  394.64461046267559
18  85.333333333333329  412.71849377525302
20  81.333333333333329  477.18766911222644
2  16.0  171.99999999999997
4  64.666666666666671  289.63936627664714
6  58.333333333333336  384.8632206200358
8  70.0  340.01142883828106
10  83.333333333333329  315.31217368137072
12  68.0  524.14184214828765
14  76.0  424.92619740285483
16  73.333333333333329  531.09063781156328
18  96.0  285.50880373017026
20  68.666666666666671  626.91197805890647
2  27.666666666666668  156.48978760182158
4  64.333333333333329  262.717949996404
6  52.666666666666664  404.60801142389516
8  64.666666666666671  358.06251819039397
10  55.666666666666664  460.18949735421893
12  64.666666666666671  532.046725184754
14  53.333333333333336  758.77479626184606
16  81.333333333333329  478.64411432877381
18  74.666666666666671  553.26668328254482
20  93.0  278.03862504371693
2  33.0  190.14985768423358
4  65.0  284.379561635458
6  49.0  394.55365507547265
8  65.666666666666671  389.5862799354652
10  67.333333333333329  392.22520891617978
12  74.666666666666671  460.38386267230658
14  74.333333333333329  382.3062743203958
16  91.0  336.16281940911773
18  76.0  524.39894127991215
20  86.666666666666671  417.68100769841863
2  35.0  166.37621262335207
4  64.333333333333329  262.39697292781523
6  57.0  352.48288236173431
8  93.333333333333329  305.53548809840146
10  71.333333333333329  465.59655179011349
12  62.666666666666664  530.00030791156462
14  62.666666666666664  530.19003397577933
16  91.0  331.12081954676893
18  78.0  498.69565718868063
20  87.0  393.02549051036578
2  20.0  144.04089959865797
4  67.666666666666671  282.95367964697527
6  69.333333333333329  262.76538608743169
8  75.0  366.5692455237197
10  52.666666666666664  448.36261895962622
12  90.0  282.44493620813398
14  81.333333333333329  357.45727524251163
16  69.666666666666671  546.1246923845855
18  75.0  520.64571367950862
20  75.0  501.62120309548317
2  42.333333333333336  155.0460910582182
4  37.0  270.04876094358315
6  64.0  317.6804113379975
8  58.0  426.74348552438209
10  88.333333333333329  318.62127832542456
12  71.333333333333329  437.24182382363381
14  73.0  333.82258697784994
16  79.0  391.11244167968465
18  77.0  495.91512374183316
20  67.666666666666671  603.49122833336503
2  16.333333333333332  183.812954877545
4  53.333333333333336  287.85915182208612
6  80.0  311.86982032271214
8  48.666666666666664  444.39461669642202
10  64.333333333333329  469.58544720369463
12  69.666666666666671  416.66298804516856
14  73.666666666666671  429.81645039434108
16  86.666666666666671  365.78927493662871
18  82.666666666666671  367.70110944173547
20  81.333333333333329  493.27859333096745
2  39.0  173.3289735683328
4  41.0  231.38351003506608
6  65.333333333333329  260.91351492603172
8  86.666666666666671  264.74199749591872
10  64.333333333333329  428.41299002033975
12  70.333333333333329  461.04926387722742
14  69.333333333333329  407.23210478611531
16  80.0  432.88231387906609
18  82.333333333333329  386.78953328074869
20  86.666666666666671  379.54094772856928
2  61.0  146.49596747300328
4  42.666666666666664  302.89008892219499
6  65.666666666666671  336.33107117277314
8  48.666666666666664  424.04009326955185
10  82.0  330.16892404783499
12  62.0  412.95150641166873
14  62.0  507.49539190920325
16  72.666666666666671  494.69802999627649
18  84.0  416.77295700274573
20  82.0  456.7058032488992
2  34.333333333333336  177.05465637274079
4  48.333333333333336  216.6912874182633
6  48.666666666666664  280.43113981088544
8  64.333333333333329  367.2810923146568
10  69.333333333333329  432.71327028936639
12  82.333333333333329  333.13974027924343
14  75.0  506.52687722567185
16  85.333333333333329  392.08696395703214
18  90.333333333333329  346.35599391655961
20  80.333333333333329  529.91228914734199
2  38.0  178.08078751707819
4  39.0  295.34045873159488
6  47.0  428.12440578039735
8  63.0  373.8586833487044
10  76.0  331.89959455258759
12  65.666666666666671  396.36988977232318
14  77.333333333333329  426.90765390708077
16  88.0  383.0130388155934
18  89.333333333333329  367.76638822678927
20  81.333333333333329  485.94914508242596
2  24.333333333333332  127.26393568259712
4  48.0  330.77313796696319
6  57.333333333333336  400.24572020268107
8  74.666666666666671  317.23108302367734
10  78.0  376.86772849640852
12  79.0  441.29223808252993
14  74.0  450.88120410248058
16  85.333333333333329  358.35238947221632
18  67.0  591.10686765663286
20  84.666666666666671  441.78014549508197
2  23.333333333333332  173.99999999999997
4  21.0  149.12091780471343
6  62.666666666666664  303.60023517240654
8  74.666666666666671  355.28208960867596
10  73.666666666666671  378.07957489634862
12  77.0  427.99938090168996
14  80.333333333333329  396.10271691636848
16  72.333333333333329  581.45675733029498
18  88.666666666666671  316.91555965219953
20  88.666666666666671  418.6350301164656
2  62.0  150.92681931271886
4  32.0  332.27344440906211
6  54.333333333333336  276.0019927000568
8  65.0  332.96653500284799
10  78.666666666666671  363.09664551835283
12  89.0  285.62210896854316
14  79.0  458.13073178298202
16  75.333333333333329  472.94923093656308
18  88.666666666666671  406.06705233970206
20  93.333333333333329  365.33940870695682
2  45.333333333333336  185.5660113335162
4  62.333333333333336  238.95565863995134
6  65.0  338.98199996781608
8  50.333333333333336  379.79630495409236
10  57.333333333333336  452.40307858014046
12  83.333333333333329  441.82429545450526
14  79.666666666666671  422.13739936718707
16  87.0  398.83908323959639
18  86.333333333333329  422.70588388027744
20  67.666666666666671  632.24844673108237
2  46.333333333333336  170.98918161661081
4  57.333333333333336  282.63249134180506
6  62.333333333333336  345.06456975619733
8  84.0  323.26062572958062
10  60.0  463.97020369354777
12  64.333333333333329  265.49915029959129
14  70.0  464.08879174340751
16  66.333333333333329  553.57272782872315
18  74.666666666666671  593.97435764106626
20  89.0  399.47860016370248
2  21.0  151.99999999999997
4  62.0  276.17634952601878
6  48.666666666666664  334.4277090045187
8  78.333333333333329  347.70518564989362
10  68.0  429.04586071803595
12  73.0  355.51301001586546
14  78.666666666666671  427.75334449440692
16  86.333333333333329  351.33569586695762
18  81.0  473.59949702546089
20  78.0  435.61749799408693
2  3.6666666666666665  179.96887722011274
4  47.333333333333336  268.6957508516478
6  62.0  381.93861805249577
8  60.333333333333336  378.16960667267568
10  66.0  428.08479171659582
12  72.666666666666671  493.68372858040846
14  65.0  523.76484362699409
16  95.666666666666671  296.77647906699315
18  82.0  496.6680058366839
20  96.333333333333329  276.1528894090236
2  43.0  150.05841907743991
4  64.0  278.75822037522857
6  39.666666666666664  406.23367566262584
8  57.666666666666664  411.52022776378135
10  69.333333333333329  391.42199377842974
12  67.333333333333329  559.36770699598526
14  71.666666666666671  478.57524023444637
16  74.333333333333329  423.24778152282596
18  69.333333333333329  526.00694831138446
20  76.0  537.93820449627628
2  16.333333333333332  166.99999999999997
4  53.333333333333336  250.33803817132247
6  42.0  363.50519068037107
8  64.333333333333329  402.40813348079888
10  71.333333333333329  438.2094382380821
12  81.0  417.22694973262895
14  72.0  432.92731771152035
16  84.0  382.6090054947353
18  90.666666666666671  320.55317501606152
20  74.0  615.885896840795
2  17.666666666666668  136.23097012936336
4  55.0  307.74834765500117
6  45.0  302.22919442121974
8  68.666666666666671  329.26232746272859
10  46.666666666666664  438.70783870856724
12  87.333333333333329  308.14278888787788
14  76.666666666666671  505.63588901982331
16  76.0  519.13395986160697
18  89.666666666666671  387.67854381880136
20  89.0  411.13694346881783
2  15.333333333333334  171.99595161976458
4  51.333333333333336  248.19010091873912
6  73.0  262.1007832506607
8  54.333333333333336  362.83393739030265
10  74.666666666666671  383.63270989704387
12  68.0  415.8172910568664
14  82.333333333333329  387.92529744168792
16  75.0  507.49929066384067
18  78.666666666666671  381.13088963957341
20  89.333333333333329  372.05478396777056
2  23.0  152.08854370643942
4  48.0  295.48834666493582
6  59.333333333333336  295.99864468363046
8  68.666666666666671  373.69524288003424
10  64.333333333333329  420.94258227791425
12  70.666666666666671  461.04268472851453
14  93.0  304.80380643954157
16  71.666666666666671  606.18720490190503
18  87.0  424.69173320841793
20  81.333333333333329  525.02892644571057
2  21.0  139.52777281176071
4  53.666666666666664  153.28390805568193
6  46.333333333333336  355.82183398230188
8  72.333333333333329  386.80338821499646
10  66.0  436.62092143734554
12  73.333333333333329  477.47702237269482
14  85.0  310.33338610500397
16  73.333333333333329  509.3664383635803
18  93.0  303.7762140022482
20  73.333333333333329  577.03361609070419
2  24.333333333333332  183.08556778107368
4  65.333333333333329  272.34124093687927
6  49.333333333333336  324.55116521960383
8  52.0  346.30461318672661
10  59.666666666666664  495.21677608140374
12  62.333333333333336  490.25980037649822
14  77.666666666666671  479.17589664366523
16  79.333333333333329  488.65297248800709
18  72.333333333333329  557.57979682115752
20  79.0  495.27379485147071
2  22.333333333333332  175.24698299905003
4  43.333333333333336  312.84092116545827
6  42.333333333333336  331.31704266284066
8  62.333333333333336  420.34137545347801
10  72.333333333333329  431.03716336182828
12  77.0  404.9650555918393
14  90.666666666666671  360.90191017423734
16  75.666666666666671  480.96154150334547
18  89.333333333333329  342.79148846834994
20  83.0  474.17078157238774
2  27.666666666666668  183.58035219619322
4  38.0  265.29093425883053
6  78.333333333333329  266.83008774482022
8  43.333333333333336  489.74817817442823
10  79.0  353.05281758378158
12  81.0  353.02368580761248
14  78.333333333333329  428.88902585954105
16  82.666666666666671  409.00944103325025
18  77.0  522.772551105037
20  81.666666666666671  464.289188346076
2  35.666666666666664  199.311442669602
4  44.333333333333336  267.14324491721743
6  42.666666666666664  422.88500682273906
8  59.333333333333336  337.62873239521548
10  82.666666666666671  335.33779798219001
12  74.333333333333329  397.23286700233496
14  83.666666666666671  396.92570889522102
16  84.0  337.7155751436502
18  81.333333333333329  477.45254013031348
20  73.666666666666671  588.86316292663969
2  24.666666666666668  199.99999999999994
4  51.0  320.28430066554887
6  63.666666666666664  355.78738312320928
8  54.333333333333336  336.92028237929264
10  62.333333333333336  484.81521653544439
12  80.666666666666671  326.9608062790428
14  72.666666666666671  439.49636477430948
16  92.333333333333329  354.97274040325595
18  69.0  452.80341161693798
20  87.666666666666671  399.57392651221147
2  22.666666666666668  82.137365340750762
4  51.666666666666664  299.97991899154954
6  56.666666666666664  284.62904540483191
8  73.0  366.21565871031089
10  70.333333333333329  361.5261290507259
12  63.0  331.97104407248315
14  87.666666666666671  353.28115845283156
16  63.333333333333336  402.39288669224237
18  72.666666666666671  489.13215191691364
20  76.0  508.43639412401359
2  26.0  183.4454265409253
4  41.333333333333336  286.33072376556652
6  79.0  257.66435096080266
8  59.0  326.79890176452017
10  67.0  462.80359047679184
12  56.333333333333336  526.54187984892769
14  75.666666666666671  458.29969496137517
16  87.0  308.23592329182503
18  81.333333333333329  528.5175653708385
20  82.0  397.91419386120816
2  31.666666666666668  171.64642219171631
4  24.333333333333332  306.93590868658777
6  51.333333333333336  374.37617555370952
8  72.333333333333329  319.38478200484451
10  68.333333333333329  379.07167376969761
12  76.0  398.58045086395811
14  77.666666666666671  412.64357330089342
16  75.333333333333329  456.35708744755561
18  82.0  469.48717004178002
20  90.333333333333329  424.69279918203586
2  26.333333333333332  190.25359338076913
4  24.0  295.66845837820517
6  56.0  357.0893113699538
8  83.0  334.20685010388127
10  77.666666666666671  375.6486466187489
12  69.666666666666671  451.84939006436929
14  62.666666666666664  548.28352908846693
16  79.666666666666671  448.43347772686656
18  81.0  445.62314548410063
20  92.0  338.14243437195665
2  15.666666666666666  169.00000000000009
4  28.333333333333332  249.98887984266622
6  51.666666666666664  307.09420103974674
8  54.666666666666664  426.7509027789182
10  75.0  397.2179317553522
12  86.333333333333329  369.03135782258209
14  85.333333333333329  343.83741358122558
16  69.0  561.56155033426262
18  80.666666666666671  441.24769596988756
20  88.666666666666671  372.48641487923135
2  35.333333333333336  197.8704245286051
4  46.333333333333336  276.66563594172931
6  63.333333333333336  253.16964776007853
8  62.0  340.41554682711183
10  72.0  380.53695529558587
12  69.333333333333329  406.23365132524805
14  70.333333333333329  481.04791154039822
16  86.666666666666671  371.93417058385438
18  87.333333333333329  365.12319992587072
20  87.333333333333329  419.48778541390902
2  34.666666666666664  169.89823160728807
4  57.333333333333336  255.3109335552106
6  53.0  390.32133105400067
8  57.0  346.88552805669411
10  77.333333333333329  389.85400452449892
12  89.0  356.64696107062542
14  80.666666666666671  429.88489050706255
16  84.333333333333329  408.02398368365937
18  80.333333333333329  443.65845700664795
20  89.0  373.56782327621119
2  26.333333333333332  195.63324990129209
4  51.333333333333336  274.05385367602474
6  46.333333333333336  353.17929689399398
8  56.666666666666664  318.37666299580297
10  73.333333333333329  427.67063481503357
12  60.666666666666664  436.02975560529001
14  65.666666666666671  552.04104814440336
16  79.333333333333329  377.24657381254275
18  78.333333333333329  464.31854667792629
20  84.0  492.76655336471674
2  38.666666666666664  192.32852002317105
4  28.0  275.20361231261319
6  55.0  340.67947753063618
8  49.333333333333336  488.9985187557993
10  83.666666666666671  306.4986065074425
12  69.666666666666671  482.32768524921994
14  77.666666666666671  475.37652894617315
16  79.666666666666671  367.32846673907812
18  84.0  464.21240127920805
20  75.666666666666671  498.33979692726973
2  25.666666666666668  121.00000000000001
4  55.0  295.72170440830376
6  72.0  222.81485838373689
8  75.666666666666671  366.77343774382814
10  80.666666666666671  351.58325992567018
12  93.333333333333329  261.46242972100498
14  72.333333333333329  452.10425804299518
16  89.666666666666671  327.5049195364644
18  83.0  440.96910935160724
20  78.666666666666671  501.79101992844039
2  52.666666666666664  157.18573582271517
4  39.666666666666664  257.32934026803224
6  47.666666666666664  361.10777696423946
8  54.333333333333336  335.04546610894681
10  54.0  439.43150253972721
12  69.666666666666671  453.07775051256806
14  75.0  490.17961323602032
16  80.0  406.23054481827205
18  82.666666666666671  465.84918095313503
20  83.0  429.37481277877316
2  6.666666666666667  124.99999999999991
4  46.666666666666664  307.52288134612837
6  58.333333333333336  346.18186191995738
8  59.0  407.67379136922085
10  79.333333333333329  374.18473046864409
12  61.666666666666664  498.98512858348164
14  65.666666666666671  501.43577142794237
16  80.0  384.32870332520679
18  83.666666666666671  420.04459430349686
20  84.333333333333329  457.56900678916639
2  35.0  177.76185633356033
4  59.333333333333336  307.50821974269462
6  54.333333333333336  353.98502370506651
8  71.333333333333329  355.49831217103321
10  72.666666666666671  467.81305719899564
12  71.333333333333329  461.18531937276845
14  71.333333333333329  475.74111202406243
16  74.333333333333329  502.62754032075821
18  81.666666666666671  466.59422583949589
20  84.0  439.52013397065036
2  18.333333333333332  152.99126168255384
4  41.0  328.99444789782746
6  75.666666666666671  295.57221642655122
8  62.666666666666664  405.50441326414472
10  75.0  375.24978833745291
12  74.333333333333329  374.28331972400912
14  77.666666666666671  384.36376503766121
16  85.0  416.63093673910021
18  84.333333333333329  404.55772096928121
20  85.0  444.63878489610698
2  34.666666666666664  168.86480207475043
4  37.666666666666664  305.58075170063711
6  45.333333333333336  314.64461600345879
8  74.333333333333329  391.94420685243472
10  62.333333333333336  492.09106203182807
12  68.0  461.1866896501233
14  84.666666666666671  390.97660147428775
16  91.666666666666671  366.69943759915157
18  89.0  447.81801298485192
20  73.666666666666671  533.77203637050036
2  34.333333333333336  152.98122336744089
4  47.666666666666664  315.93137202871083
6  57.0  308.0873452271544
8  74.666666666666671  307.75677406878742
10  79.666666666666671  394.23289592857441
12  63.333333333333336  423.19703500130606
14  79.0  384.78982975958422
16  87.0  374.1326450171905
18  82.666666666666671  413.646886170583
20  78.333333333333329  618.73645514611883
2  22.0  177.99999999999989
4  48.666666666666664  305.33526666939406
6  60.666666666666664  412.13114972711378
8  48.333333333333336  244.87621321630593
10  71.0  323.00361187349671
12  68.333333333333329  385.64890240168961
14  69.333333333333329  402.19125174742385
16  83.0  410.6523511078417
18  82.333333333333329  464.03330677078878
20  71.666666666666671  549.26225801892497
2  39.0  169.66310887368567
4  38.666666666666664  317.33325979703312
6  45.333333333333336  419.67106877688212
8  68.333333333333329  346.49412771615886
10  78.0  329.57721566288723
12  83.333333333333329  388.61635202309975
14  74.0  383.95541490125123
16  85.333333333333329  404.55540455199451
18  77.0  500.85599770867577
20  90.666666666666671  378.13401030456669
2  35.0  182.06961351480621
4  42.0  282.52280344062257
6  77.333333333333329  281.90293932985441
8  55.666666666666664  365.20954837783012
10  68.0  391.80834864599734
12  74.666666666666671  431.62787821421631
14  84.333333333333329  451.65465953134412
16  85.333333333333329  459.81363128770795
18  78.666666666666671  481.13852760254491
20  79.333333333333329  560.14078020267402
2  15.333333333333334  195.0
4  57.333333333333336  229.73060537927418
6  69.666666666666671  312.83226048125425
8  61.666666666666664  420.73393175036108
10  77.0  378.883612638047
12  70.333333333333329  457.16686820401105
14  66.333333333333329  545.74029303901727
16  64.0  660.09114109253198
18  83.333333333333329  448.10951332426913
20  87.333333333333329  377.50151619684624
2  32.333333333333336  188.85877225328196
4  62.333333333333336  259.16624714620349
6  81.666666666666671  273.50607873382597
8  70.0  347.50588091743163
10  78.0  368.33903022597485
12  80.0  411.96535340365364
14  74.0  482.27619230535453
16  80.666666666666671  486.91767722763876
18  78.666666666666671  364.70590846457077
20  82.333333333333329  462.99348766109284
2  34.666666666666664  165.38377199576612
4  61.666666666666664  288.97931978330075
6  73.666666666666671  270.97242232452567
8  67.333333333333329  327.0010952431536
10  62.666666666666664  442.67728380626556
12  90.666666666666671  337.01969803252837
14  83.333333333333329  356.23608946433114
16  84.0  350.52198215059684
18  87.666666666666671  412.07136563009749
20  88.0  425.63368432557928
2  32.0  163.67157540195961
4  72.333333333333329  249.4289140949794
6  57.333333333333336  333.06310363832887
8  48.666666666666664  333.01208464249657
10  68.666666666666671  395.99411332256028
12  77.666666666666671  317.63523759973918
14  69.666666666666671  430.92057731014916
16  79.666666666666671  481.02189556876692
18  85.0  491.20870245258544
20  84.0  415.18159218170371
2  25.0  178.38396485313982
4  26.0  320.25619287855608
6  53.333333333333336  315.46132180905386
8  71.0  390.23874811063274
10  78.333333333333329  414.84131285758929
12  79.0  341.86322273438913
14  81.666666666666671  449.24700658443555
16  88.0  372.89149122128561
18  75.666666666666671  397.3178818563365
20  86.0  414.39566377043872
2  16.666666666666668  157.35907681519299
4  55.666666666666664  283.53068633795215
6  57.666666666666664  395.47560756214472
8  74.666666666666671  336.12701835491504
10  74.333333333333329  349.35073044474058
12  59.0  478.1153259384418
14  68.333333333333329  531.70984676994465
16  71.666666666666671  489.73537518663142
18  84.666666666666671  453.31568063829911
20  70.333333333333329  538.22981690775521
2  34.333333333333336  160.65328706025954
4  28.666666666666668  279.39287207907762
6  52.333333333333336  367.7415992584161
8  62.666666666666664  425.72308028406081
10  51.333333333333336  478.80904755067144
12  73.0  392.50655644986227
14  76.666666666666671  477.88705243638123
16  86.333333333333329  399.01322837573787
18  78.0  449.36487856122972
20  86.666666666666671  386.77497923843219
2  45.666666666666664  171.26473227502893
4  54.0  225.70959240071369
6  64.0  243.29534750966909
8  65.0  354.50600244962465
10  72.0  403.74457732531528
12  74.0  298.23444612941711
14  91.666666666666671  289.27942840693487
16  71.666666666666671  587.92453732881415
18  87.0  440.24110173360191
20  86.666666666666671  415.66444546652269
2  28.333333333333332  196.20569058653192
4  44.666666666666664  236.86436443431805
6  73.333333333333329  327.36532045870354
8  56.333333333333336  397.9720108852386
10  81.333333333333329  340.20595294487822
12  71.0  349.64234240185021
14  75.333333333333329  426.03811853907484
16  89.333333333333329  359.86647031835531
18  84.0  416.06304379355839
20  81.666666666666671  330.96412787771442
2  37.0  151.60998629603165
4  47.666666666666664  294.15508337629564
6  65.0  315.76423693560645
8  77.666666666666671  361.06303875300455
10  76.0  354.76706364877379
12  62.0  492.66438225319132
14  77.666666666666671  402.03209153504429
16  82.333333333333329  481.91106169315526
18  83.0  397.89616182877006
20  87.333333333333329  376.3049922365804
2  16.0  166.0
4  63.0  265.20207304181599
6  46.333333333333336  401.4320599784088
8  49.666666666666664  479.48123701436833
10  51.0  535.95639144402412
12  73.333333333333329  401.22250372133612
14  82.333333333333329  392.63519240443026
16  96.666666666666671  292.02696698733035
18  79.0  529.0085923493308
20  87.666666666666671  381.13819995408284
2  16.0  152.63976029918487
4  37.666666666666664  276.1643990884981
6  75.333333333333329  300.20289344865893
8  56.666666666666664  345.99935769279955
10  82.333333333333329  351.97735350120678
12  85.666666666666671  395.16308228550446
14  73.666666666666671  546.54251110008181
16  86.0  302.75250635061656
18  65.0  488.50923528133359
20  88.333333333333329  377.6320211152069
2  47.666666666666664  167.34316669466421
4  61.666666666666664  295.73919300589029
6  41.333333333333336  417.93000756218078
8  72.333333333333329  420.98226788386745
10  71.333333333333329  384.43176466225981
12  63.333333333333336  499.72108966275482
14  73.0  403.90698186937658
16  83.333333333333329  468.20730719544605
18  92.0  355.38750864319491
20  83.666666666666671  473.56307016194472
2  21.666666666666668  191.46415117572437
4  56.0  316.83246419939053
6  60.666666666666664  275.53062532987809
8  63.666666666666664  412.83024609673288
10  73.666666666666671  431.36267090853408
12  84.666666666666671  365.17822386360763
14  88.0  331.54988700472052
16  89.666666666666671  387.42697858918979
18  77.666666666666671  512.33132066187125
20  79.666666666666671  462.66144388979711
2  29.666666666666668  153.82740130277963
4  42.666666666666664  302.25857303420531
6  54.333333333333336  385.48629210314436
8  82.333333333333329  296.09937542923387
10  75.0  361.78140306503661
12  81.333333333333329  417.76474960609278
14  62.333333333333336  615.54884509695671
16  76.0  513.29514802439576
18  78.333333333333329  506.0440975525371
20  69.666666666666671  561.98016969844196
2  11.333333333333334  135.42327279389542
4  59.666666666666664  294.32453014841229
6  74.666666666666671  317.0819352826494
8  65.333333333333329  335.98789710993913
10  56.333333333333336  473.47703749091272
12  95.0  281.62347928004021
14  84.666666666666671  386.39220910611652
16  72.666666666666671  484.55799171524615
18  83.666666666666671  467.90344137315304
20  81.333333333333329  522.03568673414588
2  40.333333333333336  190.63690081094325
4  55.0  264.74368377269809
6  44.0  418.28111139356184
8  64.333333333333329  381.03878668437659
10  76.333333333333329  355.26206130481972
12  65.666666666666671  442.48480578196137
14  95.0  303.20630792179378
16  80.333333333333329  484.99574130605197
18  84.0  379.19321093789961
20  82.333333333333329  468.01593698758296
2  13.0  171.86144340265662
4  57.333333333333336  319.25782517347511
6  58.0  317.19684504572285
8  66.666666666666671  358.18712195280006
10  91.0  286.49478703707388
12  64.0  463.19283919821487
14  83.0  443.59546304775171
16  93.0  318.24323636711307
18  78.666666666666671  473.09237196319111
20  89.333333333333329  387.08786028530085
2  23.0  178.59776434302333
4  16.666666666666668  320.39098222926845
6  56.0  404.26724892632535
8  55.666666666666664  421.43273797232968
10  72.666666666666671  406.40147895762897
12  88.333333333333329  301.96626584585539
14  64.0  515.49270789275477
16  84.333333333333329  421.89887795340019
18  92.0  385.73746799248443
20  79.666666666666671  563.35273150878868
2  15.0  137.65809148269946
4  17.333333333333332  174.84451166652315
6  45.333333333333336  361.73974080385028
8  88.0  312.73909819715567
10  67.666666666666671  417.58279485974776
12  54.333333333333336  460.59121602471981
14  92.0  296.54012045160266
16  87.0  408.81037774849693
18  84.333333333333329  412.57414560795814
20  79.333333333333329  406.72515833027228
2  7.0  94.000000000000043
4  37.333333333333336  332.3952897082749
6  59.333333333333336  333.99709116989584
8  51.0  336.76607632252012
10  69.666666666666671  352.34828841824822
12  78.0  347.39532618344566
14  81.0  437.92452902203985
16  90.333333333333329  367.54482648886898
18  81.0  512.18681514201194
20  79.666666666666671  521.17734415133907
2  21.333333333333332  199.99999999999997
4  52.0  280.38172997531478
6  56.333333333333336  394.07579774221659
8  64.0  352.15133420357159
10  78.0  406.41148447396296
12  75.0  402.35744296020459
14  85.0  382.31687694033138
16  66.0  475.07355016389096
18  89.0  419.40992781581701
20  87.0  425.66209584265476
2  31.0  117.87252668607529
4  55.0  308.41554895746339
6  50.666666666666664  332.92209980837788
8  76.0  273.74033300087945
10  73.666666666666671  286.39226618721051
12  76.0  377.46144684882347
14  75.666666666666671  437.43707349745165
16  82.333333333333329  419.83482198733503
18  92.666666666666671  317.71700546865185
20  91.0  364.31595757016981
2  32.0  102.70387429112935
4  43.333333333333336  298.36701572519581
6  66.333333333333329  315.3126580674292
8  77.666666666666671  311.88380955778052
10  59.0  342.05138067514019
12  72.666666666666671  468.35640048542484
14  69.0  492.27800990957604
16  82.0  485.81194840231336
18  85.666666666666671  384.50598709495205
20  74.0  545.64568810094875
2  41.666666666666664  156.37355584155341
4  37.666666666666664  264.96026997048136
6  40.0  346.21881166104038
8  67.0  411.29910719984616
10  61.0  401.08405461047658
12  74.333333333333329  441.72257361978569
14  78.666666666666671  439.13121545513962
16  84.0  436.42301064682704
18  85.0  451.40444422266711
20  94.333333333333329  331.61143538737883
2  37.666666666666664  185.46376538072306
4  53.0  282.8742045810456
6  69.0  313.10462552293131
8  70.666666666666671  352.68886893193041
10  60.333333333333336  347.47111232233101
12  84.666666666666671  386.6173132213903
14  73.666666666666671  509.74934019903196
16  82.666666666666671  452.57304186182267
18  87.0  371.09831932964858
20  78.666666666666671  450.48825772405826
2  25.666666666666668  80.274812705459141
4  56.666666666666664  301.00702103369127
6  51.666666666666664  347.31440991753726
8  70.333333333333329  372.08301302653399
10  89.333333333333329  319.20491250844952
12  82.0  334.70319189304502
14  73.0  481.71267983095925
16  90.666666666666671  328.57858323766447
18  85.333333333333329  428.15456548253144
20  91.333333333333329  335.60506397109532
2  20.666666666666668  144.00337263877114
4  68.666666666666671  278.92017898134429
6  25.666666666666668  440.12129903197103
8  53.0  446.67629142005245
10  52.333333333333336  537.39885842800606
12  57.0  467.08794298622809
14  85.666666666666671  355.0563955178294
16  92.333333333333329  339.33389568555833
18  83.0  456.06061777954113
20  92.0  360.58234383540929
2  19.666666666666668  164.52413218295393
4  67.666666666666671  250.0774820248192
6  64.666666666666671  292.82686326802269
8  57.666666666666664  438.2321270230226
10  58.0  450.67659033717769
12  75.333333333333329  353.01490431933667
14  67.666666666666671  453.66768870698064
16  84.666666666666671  410.6640777717912
18  84.666666666666671  333.66578739409465
20  87.333333333333329  407.7701953447754
2  19.333333333333332  166.54687077712495
4  34.333333333333336  335.97021399476262
6  66.333333333333329  372.21739008346589
8  59.333333333333336  395.18234865525642
10  61.666666666666664  358.06434629313378
12  76.333333333333329  422.02282133133156
14  82.0  449.39414628629009
16  86.333333333333329  419.63449830349361
18  85.0  440.66678174537481
20  86.333333333333329  323.30776858483745
2  23.333333333333332  193.82939117651986
4  47.333333333333336  286.63466746017127
6  65.0  318.41491893268807
8  70.666666666666671  399.41368898130446
10  55.0  472.12327462111762
12  67.0  424.47917276896902
14  78.333333333333329  400.94910101564398
16  88.0  324.09782521243039
18  79.333333333333329  466.32363352793044
20  81.333333333333329  501.98449778842712
2  22.666666666666668  191.22979028985554
4  58.0  265.53631323362663
6  38.333333333333336  274.08312963518716
8  79.333333333333329  304.97631648145364
10  64.0  490.83130886403762
12  71.333333333333329  380.77301299291491
14  77.666666666666671  451.77349663652234
16  79.0  442.16726046806446
18  84.0  394.36922707387549
20  87.333333333333329  403.18974534411512
2  47.666666666666664  177.41264677460069
4  50.0  280.9245872609207
6  62.666666666666664  344.8596754661321
8  71.666666666666671  312.452700085922
10  53.333333333333336  470.59025312476325
12  71.0  464.64331577758537
14  79.666666666666671  444.02085939159491
16  86.666666666666671  373.34134525989901
18  77.666666666666671  466.43377382465206
20  79.666666666666671  474.19738490788541
2  13.0  161.0
4  48.666666666666664  267.15196894321593
6  60.0  311.81200682498087
8  66.333333333333329  359.01142129261893
10  84.333333333333329  375.73190393054944
12  54.333333333333336  575.16722673734978
14  76.666666666666671  369.98834814377767
16  85.666666666666671  395.07293148757913
18  74.0  658.77747716148247
20  92.666666666666671  338.71759325513904
2  27.333333333333332  81.01611964978008
4  27.333333333333332  259.77583718779908
6  50.333333333333336  381.06949733901911
8  58.666666666666664  453.65474726535928
10  75.666666666666671  386.87005952835233
12  77.333333333333329  446.49682306578239
14  74.333333333333329  455.78250721538529
16  81.666666666666671  449.04498743386301
18  75.333333333333329  479.12625906403349
20  82.666666666666671  535.35699229904503
2  19.666666666666668  119.15675297595226
4  44.333333333333336  258.99642326910828
6  76.666666666666671  289.14285954834759
8  60.666666666666664  399.72826758811715
10  53.666666666666664  407.91643645633678
12  79.333333333333329  404.06315712031221
14  55.0  598.64604133538444
16  82.666666666666671  403.85931988256306
18  78.666666666666671  467.37821191047573
20  96.666666666666671  273.59452389374076
2  22.0  167.79732687292781
4  19.0  268.36134976859245
6  55.666666666666664  416.5190472777719
8  50.666666666666664  459.48405660450044
10  66.333333333333329  440.87655162015511
12  76.333333333333329  376.39646597370427
14  65.666666666666671  464.65664402226616
16  77.0  413.46444063701995
18  88.333333333333329  353.19891477616153
20  87.666666666666671  432.32980828631247
