6  16  211.28809624347048
7  85  147.64911063426908
8  74  133.16052892846037
9  41  247.52171640994763
10  80  158.397313453273
11  84  162.74213635169849
12  91  95.794539007611775
13  100  77.755047853419029
14  90  119.01323105968514
15  100  67.316611373069605
6  67  106.94789680739839
7  50  217.59194685938542
8  54  215.60533323189958
9  90  105.71709388953769
10  54  267.02278357465542
11  73  165.49389812853136
12  100  42.629988995898714
13  85  173.92502330099526
14  46  362.74912717099988
15  78  170.62044212873644
6  54  179.57641998216371
7  50  107.4195484545023
8  46  233.62052712006701
9  100  74.309483939820097
10  85  139.80126093794638
11  93  59.039193621957288
12  87  119.97290097885207
13  76  177.43590384031319
14  82  128.80525290382619
15  87  157.78222533991789
6  93  71.704606686117756
7  54  144.55317265219816
8  69  182.35034661486429
9  77  179.23505541134725
10  71  211.36014653460353
11  83  154.15271958063289
12  53  277.24331583584535
13  72  257.01702550090835
14  93  85.604506225004982
15  76  214.98859605097246
6  43  185.33291765901413
7  77  135.27252821512565
8  74  127.00688848642697
9  72  164.05860651424493
10  81  143.00055225541911
11  66  228.69218983672599
12  89  104.76064380099491
13  68  278.66076755158338
14  86  174.34931304450163
15  70  294.69841151096637
6  87  86.435572981275072
7  56  168.86825399893078
8  94  76.469766305295153
9  47  236.13069400226374
10  63  169.57250405675416
11  75  169.6565913363842
12  96  93.727095010477825
13  46  317.64862314928138
14  100  72.372540731855253
15  90  131.13665191313339
6  56  183.57215041297803
7  32  255.39996780674178
8  75  105.98917490663565
9  66  149.80484650592217
10  72  127.06858981150161
11  69  204.76700486196725
12  68  240.8367927503221
13  89  127.92824058819798
14  94  97.202383609212973
15  90  120.75444743997464
6  67  87.285577275547524
7  53  122.13617817501182
8  65  131.43989871252307
9  48  163.13416503982452
10  78  152.09229957930586
11  75  171.34401779335269
12  56  243.40270357584484
13  90  118.58589387202746
14  90  114.31409516317727
15  100  76.275592161162635
6  61  118.17247652865252
7  79  104.55521718345123
8  68  194.52460041603021
9  58  205.18904259673067
10  81  126.87096752496656
11  74  175.13396262992754
12  92  94.395436550940786
13  71  192.28344832559628
14  78  215.34902575386494
15  79  179.36425156645512
6  59  113.93748714608365
7  96  72.794818920805
8  62  118.30145140450188
9  52  206.20514693655107
10  80  165.13216845519278
11  75  170.48282335009378
12  67  198.51662160704066
13  74  181.27936026410151
14  55  390.19645877956225
15  78  214.81303306573545
6  37  96.7174126780709
7  26  158.55441143192596
8  73  130.58386698597667
9  79  167.19280447373777
10  53  213.63601397613272
11  78  118.66905131823368
12  82  180.59497769739684
13  76  205.02336243952186
14  74  191.25222072321222
15  83  172.51145562653403
6  44  123.22530638189021
7  26  302.18332798621486
8  94  96.117226617921204
9  75  166.57773693065425
10  82  124.86749548314965
11  66  237.98136861603763
12  63  199.03693027427278
13  83  147.41537517199455
14  82  179.40970102502718
15  97  96.064231894878517
6  30  192.01299998154437
7  9  147.99999999999997
8  79  128.616482220248
9  71  223.74432082819803
10  91  99.637696517909617
11  98  71.37691879517169
12  85  134.90702104012507
13  100  75.991865240948613
14  94  111.77934125841664
15  84  143.84795232691101
6  52  136.07882450403278
7  48  80.699522551405565
8  53  214.88827878220081
9  68  162.21253358560301
10  54  213.88450458978264
11  71  186.69425643733928
12  79  137.71153865216729
13  84  135.44047267774093
14  65  298.63186125747796
15  88  77.788223552435852
6  49  210.2512692792578
7  66  141.28426180877699
8  57  144.11577993040493
9  76  120.47419860647226
10  74  147.44223433815139
11  67  235.52685452061482
12  81  155.95988928156768
13  74  220.37459804440249
14  100  78.100967288246906
15  78  185.60834364014983
6  39  136.81442100030401
7  28  224.93465516939995
8  71  126.88427943377441
9  82  134.63480677950832
10  46  281.13383288394067
11  92  90.509041487958655
12  82  135.47683079775553
13  96  89.396937220868338
14  90  117.65568734061954
15  61  241.7106650846753
6  50  143.7957309588445
7  47  172.73920310508043
8  72  140.20399153774045
9  77  158.06672473810983
10  71  184.97946290307476
11  84  161.30962158399743
12  87  123.79806634579381
13  70  230.33659945949972
14  96  79.915517336747854
15  94  84.912659450336704
6  49  152.70483924385042
7  56  114.43640228575114
8  76  141.98092276196732
9  89  101.57078034918911
10  49  173.79468794816879
11  67  240.96914924498225
12  74  215.54901605798753
13  91  142.66293297876422
14  80  131.46398622722819
15  84  191.55691123614648
6  95  65.010517741988039
7  53  193.17323863011359
8  52  236.97256639676036
9  28  249.98541051761251
10  96  67.443185399468646
11  87  99.575988349816711
12  54  368.47081461744079
13  79  141.45646403238072
14  98  60.802459161555817
15  100  58.873405590291277
6  45  221.30719100994634
7  37  262.88530696202008
8  67  120.48572313067308
9  63  211.05226043730775
10  87  109.69678557560573
11  77  149.63449807056318
12  88  97.062718867783104
13  87  124.02222839734608
14  93  98.545079680213817
15  82  175.75104351001352
6  25  109.06912954442284
7  49  220.08236939529741
8  70  179.85996527400189
9  47  229.97516179725932
10  75  150.51900395062123
11  63  125.95412647752619
12  67  165.42773784836649
13  66  205.78469245555885
14  76  174.37616930945848
15  66  252.63957451700617
6  32  174.54028294384003
7  48  252.62268924407161
8  62  142.80016587106797
9  55  285.47787325311691
10  81  159.1484721917887
11  92  101.93565898246817
12  90  111.46725165025849
13  79  175.63759751821956
14  60  299.79962751970015
15  73  276.31166743367078
6  47  160.25009383469038
7  38  261.35864713464974
8  61  165.75280439958976
9  79  157.0513859720599
10  61  231.42845462534098
11  68  194.04687523365163
12  91  121.91858846888363
13  77  235.28352964810733
14  97  67.824009339055067
15  94  104.73193491604125
6  20  133.52719913090479
7  39  248.18473144175988
8  28  276.42516860149391
9  49  239.28494485219062
10  55  241.93201592466804
11  72  170.67976974616755
12  95  83.059813940203185
13  71  248.67257689504436
14  83  199.53916452968215
15  76  223.72154167589707
6  95  82.423571053843588
7  43  169.00663105140825
8  85  119.48002162511784
9  67  126.02600313617312
10  52  231.37503779469307
11  58  222.49152124294798
12  90  119.45595442778847
13  84  173.70673528894778
14  100  60.699757536815348
15  87  162.39168170033898
6  45  186.23001919347683
7  89  98.62128109955033
8  49  138.71464852063821
9  95  74.460387912891363
10  100  68.042862706075923
11  67  241.39516121387717
12  84  167.32796525048624
13  89  122.32741829009129
14  92  100.15573824178605
15  99  55.410798640219582
6  25  125.25576833287124
7  79  117.61224491046401
8  74  123.83311146931412
9  60  231.47924535155292
10  90  72.342027440694139
11  90  120.9330302126169
12  74  193.11467166078671
13  90  105.23084343280073
14  94  73.155596396330154
15  93  110.92251745655958
6  45  246.61956090557968
7  51  189.80099175210339
8  70  151.40495384400839
9  52  226.62907985852385
10  78  131.56402219254772
11  87  132.74771165407142
12  85  149.59318444125432
13  73  188.17345268706009
14  99  64.341626130410191
15  92  82.885593068096682
6  72  150.24351966892951
7  71  145.35568471045019
8  68  172.66717712607968
9  100  89.012240257338931
10  83  160.29097391567507
11  100  61.399308344184611
12  73  203.59324552304668
13  100  73.796142139561994
14  86  168.17695996878646
15  99  67.823366301507392
6  15  104.66903508442294
7  98  79.253824578691834
8  94  92.211542473960904
9  43  225.83713499412579
10  85  97.863855967987732
11  63  164.53838090259899
12  43  319.78233208388707
13  78  164.6015900979294
14  70  238.47397383845603
15  79  217.13793920029494
6  34  184.5847412003277
7  41  108.2824125719175
8  56  129.89543325401195
9  48  252.41275583178202
10  73  222.80479324796292
11  61  247.69906068940824
12  73  232.77829363255265
13  94  83.768558052439829
14  93  117.37236866022064
15  83  134.03423821990455
6  30  129.06978043312068
7  53  140.19434417557497
8  29  41.538059895598714
9  100  65.713472003843691
10  75  191.11252213537404
11  92  80.869724809772748
12  81  119.17524484676761
13  77  224.93343833072061
14  96  62.436694000311242
15  85  102.17410810082612
6  44  170.59569671442506
7  42  163.80779837200984
8  57  182.50943215189605
9  61  226.61044520053045
10  52  265.74038547775882
11  59  165.3618064141161
12  66  216.80586423906109
13  69  205.73249370721675
14  96  72.272868438130118
15  98  50.050040609246871
6  28  142.4392712284415
7  7  282.97818160026867
8  55  180.01197850558916
9  96  78.344331104737748
10  87  99.555501567924267
11  83  152.95457269504797
12  75  235.59580325988648
13  95  72.595338328684292
14  98  91.301574569966917
15  83  139.6525644524533
6  45  135.91306110655873
7  34  152.64658142229896
8  68  106.99136229986105
9  81  151.50423470287649
10  63  109.94010348356557
11  77  201.88153532072269
12  85  118.67388874011115
13  77  172.47218066929705
14  100  91.59254788269989
15  100  61.741265183479975
6  43  155.10149534417266
7  43  237.84448965155153
8  84  103.97921891235858
9  32  183.8985173782404
10  58  240.42829193528925
11  50  281.5543345109661
12  79  181.92568470766952
13  55  349.70305870497225
14  78  147.23162056783741
15  80  160.08285947961662
6  52  142.36113504255189
7  79  100.19869314395937
8  96  76.48318303699709
9  62  229.27838450152046
10  90  84.054239455990668
11  100  64.286239484234017
12  70  257.68602503134173
13  86  176.83111283223369
14  91  119.42127515859914
15  90  106.38225704653063
6  47  39.469175431450907
7  42  208.03945892077849
8  97  63.780189147930479
9  73  158.87426891729646
10  53  272.90611575740616
11  69  225.22995840650614
12  91  68.286836289993985
13  71  194.33796435912399
14  86  166.38333388759307
15  89  124.95138655827887
6  37  200.89482454126528
7  67  84.398302304474214
8  66  96.387704878427286
9  71  153.91524508914605
10  21  469.01363194255583
11  89  107.30699419322885
12  69  128.39746021072006
13  61  307.88654941732523
14  82  162.56503495140271
15  96  96.352312789299575
6  17  100.84039784469579
7  37  207.78692919398247
8  77  149.23042050095839
9  42  179.36730273073175
10  61  224.04697575007947
11  73  203.57212105029092
12  70  187.40381460719223
13  68  244.92459442450627
14  82  185.81187287627137
15  86  148.65707880745254
6  74  97.852867396335881
7  31  143.8109474523543
8  51  188.99441268555356
9  65  226.95145405634838
10  59  271.3323147697343
11  61  262.38106094589494
12  98  77.35861737601337
13  85  148.58038714177101
14  86  115.26711597750857
15  100  51.726595849428435
6  42  185.54826878879325
7  90  85.764476644018742
8  59  167.07815917703601
9  63  194.18170905868257
10  80  170.11128917052841
11  43  343.00150674578146
12  87  135.192506360511
13  74  247.92000820814624
14  71  226.64379285239653
15  75  235.80741742330778
6  56  161.19802708019739
7  40  174.29424283619699
8  71  158.74846386938253
9  72  172.5631153176904
10  66  238.10985883103069
11  77  129.8320167890536
12  41  333.17499792863475
13  85  128.35505577884865
14  92  116.22583748542239
15  93  96.962009337560616
6  37  61.374923124875558
7  52  209.81807332004684
8  72  151.94895823200778
9  78  104.22076779715164
10  100  80.365607448324866
11  79  173.39111191012461
12  93  104.40448994182593
13  94  84.38834092496343
14  59  194.03237718547848
15  96  81.938668766600998
6  72  109.06568076544764
7  61  129.86281594309156
8  75  169.67527198436872
9  64  152.78402203566677
10  73  157.91461663712286
11  94  98.179602715294891
12  69  273.25528490806033
13  86  130.00892385815149
14  95  98.992986007774576
15  94  106.17780329559625
6  48  321.80573474033901
7  70  97.96791162886764
8  43  236.23297855210495
9  48  286.54276019681646
10  50  390.57243473432703
11  74  195.91317874010929
12  78  158.67350335759562
13  80  179.78242154531108
14  61  293.26236205689486
15  72  261.61042395529336
6  88  92.008198308082655
7  45  240.35380563409097
8  100  88.022277640471557
9  83  82.231286070958575
10  69  98.52839643168673
11  83  151.90279715214479
12  77  212.76503946547953
13  86  136.36074204092429
14  89  132.24941477020795
15  52  373.53373206765275
6  78  91.411489961638424
7  58  211.23932114681944
8  50  133.54735690937918
9  68  169.65630324785542
10  66  236.97077487655235
11  99  76.803238683444718
12  75  154.67657635305176
13  73  231.80777282319764
14  87  90.702112251510059
15  80  216.4266728492662
6  35  213.15614467395881
7  55  221.93846378468473
8  8  268.04739632625984
9  84  101.88198630295112
10  65  181.66745743745153
11  83  64.428771343072484
12  76  192.96395402006866
13  82  115.31624123984361
14  80  196.23718223248585
15  77  234.6199330831017
6  67  126.61621587671972
7  48  127.14139249200225
8  87  62.571519390641917
9  91  81.308201525093835
10  32  281.5133249874221
11  77  103.70144005710266
12  100  75.451828684610319
13  81  156.67208902183916
14  94  96.109014201249693
15  79  226.71318812022233
6  58  119.46320929863847
7  86  106.83798415608422
8  78  125.69102762048826
9  58  199.07640402694682
10  74  121.57468639189111
11  84  128.45680264056546
12  73  199.60137873065491
13  93  108.12734440618908
14  91  120.3485784000779
15  86  161.66543151025886
6  91  81.07839681090023
7  73  137.73381962554754
8  69  151.5587451120665
9  71  161.27416016092914
10  65  181.77642362467969
11  100  50.381331702534361
12  61  263.43250246494176
13  73  200.43639422460842
14  71  168.41787799993349
15  65  308.33875057737208
6  54  160.01404735579331
7  53  147.896734906202
8  74  118.22361781974294
9  83  150.69828852417501
10  100  50.359900897035288
11  100  58.098056246064253
12  100  59.23984646332736
13  72  222.5448390236545
14  76  176.3152827829478
15  96  93.717580556026576
6  29  175.96374396985954
7  0  13.999999999999998
8  71  135.22813960831152
9  56  173.74621690922115
10  92  71.437092642379255
11  94  83.565373443910858
12  52  312.94468573862139
13  88  132.00772465889762
14  73  276.90134112755788
15  100  75.274815587071402
6  72  85.108072837998776
7  63  215.87042464755797
8  66  93.838720422473784
9  77  159.29889763491971
10  56  257.89318798612862
11  75  153.57452354970644
12  76  176.64248801792905
13  94  91.586505262758863
14  93  88.991001961937897
15  94  90.597965651302204
6  65  156.24344969142584
7  76  209.81069095690077
8  77  91.883586139461968
9  58  238.74106058726784
10  77  126.69236281061539
11  80  166.26931633161195
12  80  152.69031153968314
13  99  58.199537838593045
14  84  139.59430686078252
15  95  96.48125294139939
6  75  122.63035044480655
7  36  185.92220028837247
8  56  146.1587648237612
9  51  294.21903318202953
10  92  73.22631498848493
11  57  310.20791486652513
12  72  227.91166708380669
13  88  125.73825883160384
14  75  196.75660551288246
15  100  70.025043856510408
6  59  117.77316748305581
7  33  195.32794085440642
8  84  101.1796556964718
9  36  121.48976434757684
10  73  166.16087337219463
11  89  91.463258011269019
12  97  83.621832159142997
13  100  58.087751849993836
14  86  147.2086617750993
15  94  83.233493374175282
6  91  97.472629505118576
7  76  142.41309759773918
8  100  91.795353948815006
9  47  330.16123962950149
10  62  186.39952520894568
11  73  179.01241812811219
12  69  65.413356185904945
13  89  126.22361842628675
14  100  65.667375472368732
15  100  62.599002222941635
6  52  107.57485236722235
7  82  146.12084137428184
8  89  94.272201616185853
9  65  172.22646334793936
10  53  236.05292651561078
11  68  210.83639641047665
12  85  129.37973914137788
13  90  94.057537258905242
14  99  65.21813142613513
15  100  84.724727756241464
6  76  93.059431852253923
7  39  213.29571928478904
8  61  180.21831047875077
9  42  260.54370139956575
10  83  117.42397917566777
11  61  230.65694981234938
12  91  111.35161555830628
13  100  56.194339289470641
14  69  196.50297188777301
15  88  149.56385957470172
6  99  61.835632251626578
7  40  210.74099622115585
8  66  193.49363109246673
9  68  214.72264787669732
10  63  198.25078570649455
11  80  157.86459755117491
12  64  199.58713044964964
13  94  111.03516547286989
14  89  152.85563845716072
15  95  88.724999621175527
6  48  143.18206141438802
7  54  130.46939775903397
8  88  96.481608434251001
9  54  142.7104315420479
10  74  146.31424391859724
11  87  127.01845587809839
12  84  136.04599040501
13  59  374.97040005635222
14  67  273.1121489666545
15  67  244.52845107201824
6  83  104.99481856999469
7  98  60.464846290684108
8  57  201.30442951576799
9  79  141.1702011454754
10  81  143.15209388846927
11  68  158.54399107385416
12  66  249.74253401379383
13  70  193.50263562191441
14  88  149.45558363064475
15  100  59.53933006519577
6  82  123.0049012572897
7  62  191.10144672875336
8  72  149.18860081207347
9  54  155.42357910722174
10  86  115.98419342233348
11  79  135.5026881503056
12  76  143.98471195884903
13  91  128.27586293158376
14  63  329.17130637165394
15  94  99.000914841860364
6  71  117.08943986052734
7  54  132.08100744611809
8  93  91.871275387080544
9  88  96.253774828468337
10  96  72.984268487113098
11  80  141.98215181212396
12  97  80.858319232130341
13  93  111.16945464156737
14  98  83.977161322348735
15  92  121.06638352787881
6  51  184.75084236106426
7  58  110.27964810810954
8  64  178.65863921049495
9  67  191.75486689208319
10  54  273.3422824423663
11  72  116.51963576571647
12  87  121.99335605892706
13  94  93.914906716639209
14  74  226.519803909318
15  87  134.29406431678768
6  47  129.12660794301493
7  51  202.26625212759623
8  54  174.58993127840282
9  40  303.00804281589592
10  76  165.85245941809123
11  73  148.26530655496742
12  81  139.99892480869084
13  93  105.36836745218663
14  79  200.35601446650423
15  69  308.51749727150042
6  37  238.56858146671985
7  62  186.41329224429228
8  100  54.367575039819762
9  50  109.96182976300801
10  51  314.54665685354195
11  84  153.90971782758939
12  100  61.161073807697022
13  91  140.85606618545327
14  55  297.1874575311648
15  95  80.066184447340959
6  52  143.19822998189491
7  26  213.67765761615559
8  26  185.63833165178431
9  17  215.63932523329163
10  81  96.37703267354479
11  100  58.456916311846093
12  68  233.00227761949878
13  80  177.89834524661893
14  68  283.22575429655461
15  88  142.93446717127722
6  62  94.799133182663908
7  72  137.18720005862593
8  41  170.23017670515091
9  42  324.25648052568181
10  79  169.66156522682721
11  36  356.08288386506337
12  93  82.245764805414339
13  96  77.266474102380784
14  95  88.210221493749799
15  84  160.47098725195127
6  59  177.16051823887335
7  38  175.68932052233626
8  62  164.12364598473386
9  74  108.78316331095162
10  91  95.928804754296479
11  74  161.07085800386409
12  57  154.13326330712596
13  99  75.577577904890148
14  81  189.07515537691015
15  91  132.46113885956061
6  72  120.74891558564607
7  55  102.96329066616491
8  40  180.519922184444
9  60  169.815666379725
10  39  335.37891437261607
11  91  83.144958457110661
12  98  62.335457184082983
13  97  76.250665509184742
14  100  35.133276831046636
15  93  91.146673965122076
6  38  91.843125377520224
7  65  177.92296798791995
8  45  186.48125601520945
9  63  209.58845493781087
10  87  133.57602603675363
11  95  59.571812788608945
12  100  75.743624611790423
13  64  227.03138536031591
14  71  263.99483551211239
15  54  299.04862521565951
6  28  110.15717798845371
7  41  143.26967610931959
8  36  247.8882765870658
9  44  249.22926533252803
10  97  72.628308775971277
11  82  107.6747630803912
12  91  103.80262396429845
13  92  113.44926082777692
14  98  78.09945290603153
15  83  167.58242568927537
6  55  114.45468354503045
7  59  150.89068471573495
8  56  231.6652680669647
9  77  163.32089593817543
10  96  76.284502626518488
11  67  184.48245944000075
12  74  205.8553431348785
13  67  260.89537707925047
14  95  80.298922138224924
15  91  116.69268785150668
6  34  208.1627751282505
7  67  141.62940370398806
8  69  139.81856755136556
9  86  110.71692858194584
10  90  116.73600590099228
11  60  322.61187489288307
12  89  120.65732688770926
13  94  89.080797164774623
14  84  140.98842900764251
15  97  85.52714334296293
6  19  256.74196632554515
7  48  163.55546584274293
8  88  95.193291771268292
9  53  256.41472519721572
10  57  208.50621440792693
11  87  117.55863012019427
12  88  107.19077524029433
13  71  215.39711147881022
14  93  104.11461424255715
15  88  140.44424066083045
6  49  170.44813080346952
7  49  192.20565576123906
8  89  86.031840390078344
9  95  65.622967019695082
10  84  80.526924497272475
11  86  129.76675206703783
12  75  190.62992476339667
13  72  278.78376661598048
14  82  175.75156977568264
15  87  129.01264250797098
6  45  179.73578298250658
7  83  92.386790429374628
8  79  110.56527028339104
9  74  156.1404093900131
10  87  123.03163709776911
11  100  50.322025017133811
12  85  139.83020277924862
13  92  137.29882667227494
14  71  226.7312137800775
15  75  228.91138248369873
6  55  210.42730587186509
7  32  148.4611188067974
8  43  144.61714942128407
9  48  153.6815588890679
10  67  226.42772081297142
11  65  107.33644333368467
12  84  150.60653685999182
13  84  178.66186929888036
14  77  213.6484114279798
15  73  258.47155911037026
6  40  131.12123583870834
7  43  101.0364624822341
8  77  133.08044127800741
9  57  177.00996141370604
10  89  127.61322084613154
11  71  157.2031819484348
12  78  191.28209150847914
13  92  119.23654331022217
14  69  278.5179406463015
15  97  87.193751012247148
6  32  151.02106279452221
7  67  164.19730911364886
8  59  215.15305844451817
9  86  116.17778175441526
10  90  119.95222808829956
11  100  70.212102865847385
12  84  131.97542671396053
13  80  153.76585534273656
14  91  100.64318857269414
15  95  88.734064738672117
6  85  90.462802096766637
7  30  196.94340815924028
8  58  166.5655765432443
9  67  172.77312463653922
10  68  166.3005176044079
11  62  246.00548772040338
12  95  71.064025633000199
13  75  252.67858053096197
14  67  261.83379427227953
15  93  68.433847324523896
6  91  66.460146684715099
7  70  119.02070181473175
8  57  134.78931258366498
9  82  97.885742712078326
10  74  208.12056774737329
11  63  277.89897139085593
12  95  83.230969539553044
13  82  167.35477092036788
14  90  131.76745059672186
15  100  47.874168002821342
6  53  150.14803268761821
7  46  146.61406097267491
8  13  125.77189270995494
9  87  72.79037436798717
10  48  211.59846831516174
11  65  222.89653035333501
12  82  103.88647973467462
13  98  57.152332112435111
14  97  99.201012734116389
15  90  130.6626784155965
6  48  172.1009787952521
7  12  188.9351779552037
8  43  187.38980143036898
9  35  225.21898384121667
10  63  248.62904864588242
11  68  203.2403033801356
12  88  128.82200943646362
13  90  155.13226395433034
14  85  155.1191954240652
15  82  175.33428976873219
6  61  151.29909344592247
7  39  127.78471469699035
8  86  107.88315533365046
9  85  104.95366928965763
10  76  157.72280392167227
11  73  183.53174267137689
12  87  123.86773044245489
13  53  135.49482884619687
14  84  158.13649487529992
15  83  196.44764696380668
6  30  124.54126433027064
7  59  177.84425387899782
8  68  162.99993217355174
9  33  207.94183213473812
10  56  199.91974639101991
11  97  69.171214188019036
12  76  204.63823266172233
13  94  86.486512252077077
14  92  116.26082389888134
15  93  112.54066958452789
6  84  100.83695559443795
7  33  212.88688964041765
8  72  146.90081691002123
9  93  99.060298532114899
10  93  103.39228952330708
11  58  233.2159976711925
12  58  256.70993851988908
13  85  154.11642593971723
14  86  126.98231104459174
15  89  146.29730876414916
6  41  154.71805109120311
7  55  119.19829087485589
8  98  55.107923417384846
9  83  122.75047040201338
10  87  156.17834936098484
11  89  96.432842912914083
12  76  226.94987029732562
13  96  96.187595429837558
14  84  156.71613778462626
15  100  68.108955092695453
6  37  111.92650870747457
7  73  119.40987444380559
8  57  144.16410316099595
9  61  190.9531924403484
10  100  60.205072619047286
11  72  213.69841035638612
12  84  147.52003524933366
13  79  187.30272873709785
14  97  64.214494235313822
15  63  286.2453367061583
6  61  98.42014215999744
7  33  183.59532352731173
8  58  202.01981523866925
9  53  317.79687225869071
10  55  307.15781003123612
11  85  142.11395045381067
12  79  210.74121262726717
13  92  111.51844167085056
14  89  143.18629428130586
15  85  165.39218434897441
6  62  157.22270958535879
7  44  142.36908738530545
8  65  127.62475665977362
9  84  117.7896967839098
10  94  79.773640845855439
11  86  140.00701076538215
12  70  221.38673065140688
13  94  86.544167179361679
14  92  124.59250660805056
15  100  73.697319239983145
6  72  78.88140682664266
7  31  106.15404822148076
8  73  114.44899645186435
9  60  183.7467978486635
10  92  100.40772371490198
11  84  115.02629325558496
12  70  199.2704879991548
13  93  102.22123211708958
14  81  190.10855927545504
15  96  92.874137411596635
6  0  5.0000000000000027
7  43  205.68971633120876
8  29  235.67712777095556
9  54  227.12401726550587
10  51  185.45004420275095
11  41  327.95441919761475
12  62  321.4565836801624
13  82  155.44029235310953
14  97  77.49171468068009
15  90  141.48231341584511
6  46  147.80197555395668
7  45  75.344405086573573
8  78  128.45343617107258
9  63  142.37470465269294
10  60  275.35165572536278
11  74  174.32997722297293
12  88  120.76184627138419
13  91  108.77362857957641
14  80  229.14708195035243
15  97  66.732304257281001
6  36  159.60443571739404
7  77  138.83664415774766
8  70  131.76241971499221
9  68  161.99635684202161
10  88  75.408183057476606
11  97  90.930800654352666
12  100  78.71206407992608
13  71  172.7246670698909
14  72  251.93319623611688
15  84  146.96781033981978
6  47  245.99471183101124
7  39  240.3865827607508
8  90  98.897841305966281
9  85  125.90466800791958
10  80  163.08329018726772
11  78  159.58974293397779
12  44  263.35564951582558
13  89  123.43808563431625
14  98  67.732213546171906
15  94  86.129791090759213
6  57  103.93694623832263
7  43  184.45538691719909
8  32  227.93153771070854
9  67  118.20297941319512
10  52  289.80380761033183
11  57  196.77546749465552
12  80  176.09484851305777
13  86  136.52533931451688
14  95  76.80436980913791
15  90  122.78111638774588
