6  49  131.07934392921331
7  64  127.35904796945444
8  66  200.93939787872259
9  92  105.09774631164895
10  51  197.60369731092891
11  63  243.6452076021809
12  86  122.2359483774724
13  85  163.2640164682096
14  77  239.60806991181948
15  87  161.21044332475356
6  38  142.24781673665177
7  56  207.28397902170454
8  75  117.67990840376682
9  67  111.08332658340731
10  47  278.2368378105258
11  57  198.39195561732797
12  76  182.77254981896809
13  48  449.10971840073762
14  89  103.97656680399425
15  88  126.50437207082949
6  76  94.595525758310259
7  31  212.71104442899545
8  75  135.30097830517667
9  64  176.26244880792692
10  67  184.08230064184033
11  80  157.75175064908433
12  65  196.68883717785215
13  88  120.14430838380429
14  89  106.08782749755571
15  92  99.021586450296113
6  26  177.76956445428419
7  47  82.971915205360062
8  90  74.343871868778464
9  72  121.63988579615959
10  92  103.98987841360469
11  62  143.77088360441954
12  93  93.086720779113222
13  86  124.14035784366669
14  81  183.24947113638765
15  91  119.66819078520746
6  53  134.9384253208716
7  38  206.98871501126357
8  59  259.0740500331417
9  52  336.73985951999873
10  75  159.01462385092191
11  88  127.79828989703577
12  87  148.21615083873391
13  94  106.35338860803189
14  85  161.70253867951467
15  81  203.76259958828985
6  45  106.68077393686268
7  32  167.10329413496288
8  63  179.25912847198532
9  70  125.10108693393552
10  78  179.2972955336254
11  71  57.200526162564373
12  81  162.28400982435139
13  80  223.03931704910886
14  63  275.39124051261223
15  68  289.0393038709625
6  42  127.39684715889267
7  47  199.82243449421549
8  67  139.26775209734768
9  32  73.200554545769464
10  59  172.19316388936571
11  53  279.86673827993883
12  69  188.54094150458874
13  83  174.52755796486019
14  82  168.23539165560138
15  86  135.7774296269306
6  55  47.638051568542515
7  49  206.91388716757425
8  79  124.54409467330321
9  88  96.135687599339477
10  57  207.69943021392208
11  73  207.72203469657714
12  99  64.919327461618664
13  71  156.9918368587353
14  95  69.826470249809987
15  85  176.58582976819014
6  85  97.591258947676423
7  89  96.968928664778218
8  91  86.613011873463591
9  52  221.44060890238094
10  74  146.71071138809535
11  58  283.06075525906346
12  83  128.29779026599627
13  93  105.08100958132998
14  81  191.95211058327399
15  92  107.92120979389648
6  37  198.15297892703705
7  27  154.22024583514695
8  78  182.64544202066352
9  62  230.29610359574355
10  97  68.935768486366214
11  67  239.2951090141114
12  88  103.31449313314945
13  73  229.35328032212914
14  79  241.21841320225954
15  83  169.73854983586091
6  37  194.78238584840281
7  61  133.05674941459986
8  50  207.81867117056441
9  85  76.39393089762963
10  66  204.70554282576458
11  89  94.564220137934356
12  84  132.50476508072717
13  70  117.86433613487846
14  89  97.455811640399801
15  91  115.42510487607268
6  41  157.89062986270014
7  49  157.59787895749602
8  91  81.62168284836784
9  85  90.743792306129322
10  43  350.40505243116161
11  58  254.28570922798886
12  89  132.01825791253165
13  73  273.07096658678756
14  84  181.63043045657329
15  81  141.46344238193166
6  58  195.60926646441891
7  70  108.35776404417845
8  83  99.186147655059116
9  91  101.63958063251211
10  79  179.66047048297412
11  97  68.72706108777345
12  81  179.04046512558722
13  70  179.21046588434567
14  100  82.33233990127269
15  89  90.410624067059146
6  46  169.12604960499999
7  39  166.2658792674479
8  44  158.21103837858379
9  91  72.185223453617326
10  62  245.44478608920494
11  99  61.16339518190324
12  94  105.31736632371405
13  81  156.15275793662516
14  100  57.390948376153766
15  82  158.96406855120358
6  63  154.29435689638311
7  87  112.03895692824526
8  69  137.0648112751139
9  88  116.00037481974634
10  65  190.08929990747473
11  84  130.25635482861901
12  59  284.44337575241519
13  77  185.64460884540205
14  91  112.38797588940861
15  81  177.39817180211915
6  58  109.57967183955348
7  33  139.38018727983527
8  67  152.26543208888569
9  68  218.95173447218517
10  98  65.076040643313462
11  68  220.65660450179323
12  78  217.21442085953572
13  98  73.888481907474656
14  82  118.16513204308767
15  81  202.4751887062493
6  38  92.402702306793543
7  40  126.06588328010342
8  69  181.53119598727392
9  72  198.43906775274232
10  64  200.69396571447652
11  81  131.23582562165166
12  93  87.063606706006738
13  99  50.831558427552935
14  100  70.602386842569317
15  67  243.99440595126944
6  80  58.731675794000104
7  34  157.51155522607752
8  47  239.21174679249546
9  64  184.10196393732005
10  99  60.73282209675925
11  79  168.56331082007446
12  87  128.94969866605658
13  100  56.486570964883626
14  91  99.415995884559479
15  84  186.99124568622813
6  33  107.22175887640616
7  73  155.6522303408905
8  73  127.86494876025201
9  52  266.94258898948175
10  51  235.97773741522775
11  75  190.33721068602128
12  93  96.231295236437646
13  67  231.12415436988169
14  83  189.39229595814976
15  94  99.661547931872747
6  27  291.75942163477964
7  95  65.179164148114566
8  48  214.98354983949827
9  99  63.578403040069787
10  50  272.39241008470816
11  64  263.65471762595877
12  93  101.44641736671947
13  31  228.9345985738488
14  87  139.01016598782925
15  100  54.116581499082329
6  50  181.81171476816601
7  45  180.56630760175989
8  43  310.90484973814074
9  42  275.88866195580073
10  77  144.09345643704123
11  67  205.31833033094037
12  73  271.38377350566822
13  58  247.59421368392694
14  59  310.7483185856791
15  100  54.883556809275909
6  47  199.21934958523667
7  71  128.41626561847656
8  76  160.69926003963502
9  100  56.876110993256233
10  52  177.32905200867054
11  76  151.83154173098688
12  60  228.87032494879659
13  68  226.73922089942741
14  100  60.603701356127416
15  83  165.99457380728077
6  50  197.33369552120755
7  52  191.28290332218228
8  45  182.72831436258653
9  55  162.12735108980968
10  83  155.94213342243953
11  91  118.09288962027844
12  82  200.36967189093241
13  97  83.099937082778553
14  90  110.56122575079372
15  99  58.465186264898662
6  15  123.88274776956617
7  62  134.24212799515669
8  54  139.50626273523912
9  100  69.886947059323745
10  99  78.767371321695435
11  97  55.089843739145223
12  90  115.60728370196496
13  92  111.08770126309442
14  65  253.31826787761588
15  93  77.168009206616887
6  73  71.371084428058381
7  48  196.81091737816718
8  47  194.22650919838128
9  57  199.6710147461568
10  87  137.37593784155732
11  52  303.01096548040448
12  74  154.15421336627728
13  73  210.81562048092775
14  65  214.83878208122127
15  75  205.21562276623393
6  46  162.97302693822328
7  47  135.43805684371176
8  92  64.90746281036013
9  45  233.13435029193886
10  94  73.375949170846951
11  94  89.246810458829472
12  81  127.8634025430231
13  85  139.22615165503075
14  93  91.711613552600554
15  99  70.86706233089906
6  38  175.32720209330736
7  31  187.14759085394869
8  55  214.89580018084973
9  100  75.439331657782532
10  100  72.477253485601935
11  94  81.941215135661352
12  47  320.10909963105576
13  86  121.28210038810728
14  86  132.42385830433969
15  87  109.24190552714467
6  48  129.42364085346114
7  88  108.52948993090317
8  47  167.31833782208088
9  59  188.69251893883632
10  51  272.68179860713997
11  61  309.84641512944904
12  70  92.536555055830604
13  89  116.57788660013888
14  78  219.46956343411316
15  86  148.01358729250634
6  60  81.130923196902771
7  54  224.52585506148543
8  69  68.103762470710151
9  54  200.14056831803961
10  70  207.28187523257949
11  54  287.14758003320077
12  55  363.80227423348941
13  87  114.05955334802985
14  81  194.4144558180021
15  90  140.80823776580286
6  18  243.05675249515576
7  59  143.9439013330707
8  100  59.209642475406127
9  81  174.87466247025327
10  72  215.7459930566024
11  89  87.757783824041226
12  100  62.779910842660513
13  100  61.200052997139245
14  91  96.566593429192494
15  89  148.63349871633
6  64  114.14617384472832
7  10  29.742703103687056
8  52  198.27416838266583
9  94  77.255232129936317
10  79  82.279506419340308
11  90  118.07735670170665
12  83  208.85723863506306
13  81  138.56333650264747
14  86  178.54802184043183
15  100  57.370478135266794
6  56  114.04068317379954
7  42  203.20661887493864
8  45  183.91574796218165
9  69  128.16205044599249
10  87  128.28851862861683
11  88  131.08889947572084
12  95  82.457988909950032
13  84  115.92631282023061
14  86  153.59116708522927
15  95  62.235739876320828
6  65  101.52290817267202
7  85  121.18841882037781
8  52  180.91343110136273
9  59  312.33267788673794
10  66  214.45595959437253
11  83  148.40966870962518
12  74  171.17494069040831
13  92  106.64756839368491
14  100  91.146333703249482
15  89  120.92026909787252
6  84  103.09444870150168
7  48  156.74798659051675
8  58  158.56255068736212
9  81  124.36923817561443
10  59  235.76870511394512
11  56  204.84061272916438
12  88  146.68068814724532
13  98  78.825293991066914
14  82  143.81732762769937
15  72  258.35412902308946
6  36  111.07622028601727
7  97  84.65256951945068
8  74  147.77748716724031
9  53  203.43558628304609
10  58  253.80635749018543
11  92  139.81268774724219
12  75  241.49040177705476
13  91  129.95733457586195
14  93  113.08629579909872
15  99  38.150396637402736
6  70  145.30315842131412
7  47  142.788137207023
8  47  211.45924054175754
9  84  97.134305775782849
10  60  168.79961895243022
11  76  158.17258156222778
12  68  260.18650744716263
13  90  109.14973905796194
14  74  201.85022940980065
15  91  101.25657791625019
6  58  107.42180994973711
7  64  166.90223021569136
8  81  90.229616210358259
9  68  124.09754185103682
10  74  145.53422170768604
11  86  137.24976078405408
12  84  97.352047466433675
13  94  102.5712182709842
14  89  140.53552987969422
15  97  94.825917303140017
6  93  86.033273867279192
7  27  176.23389447504675
8  90  79.333177145530271
9  68  110.98244430233635
10  90  132.45855187944798
11  53  248.74850441326564
12  72  228.16127080111605
13  93  107.35553267755414
14  89  120.91808753280013
15  84  183.64775287804051
6  48  192.37292302822726
7  77  61.410175221790269
8  54  145.14899563227385
9  57  223.19042943097153
10  85  76.397143410082649
11  86  115.9139830773655
12  53  343.07626337860137
13  90  127.53672984458572
14  84  153.07911830582484
15  74  177.00202340518626
6  62  110.80494868823206
7  80  79.716037650014556
8  29  91.223055381784533
9  61  211.44501311277733
10  84  134.05236527594187
11  84  137.00936406307034
12  59  193.2525405668072
13  81  171.10522790155704
14  68  302.91410984224359
15  87  159.161339870771
6  55  140.26281788594767
7  88  77.909189390505446
8  79  65.86908241357358
9  60  225.55210226351184
10  92  104.8380330132287
11  98  65.624058061183774
12  51  280.04136597772981
13  75  196.13025159039796
14  98  64.715816084909292
15  74  229.24599857722691
6  28  118.84511114050727
7  67  114.218114906751
8  74  110.02692560939654
9  79  156.68715671035048
10  66  200.26436129269004
11  66  205.34267779375665
12  79  167.06553723356396
13  60  278.26502889811309
14  100  70.185274744549972
15  90  109.32185842483479
6  51  171.49535122307017
7  47  143.32814871556758
8  56  192.85886168435317
9  85  166.19190484891297
10  73  194.28952184955972
11  98  61.264437819735008
12  73  163.62308112155841
13  84  138.38432323946151
14  100  39.229498864958629
15  100  42.344104568336945
6  47  218.18991802137566
7  64  156.17677877043599
8  70  150.28281656342639
9  94  89.732948711235593
10  68  286.57718760960631
11  84  117.2038963318939
12  100  57.957841369892172
13  96  82.996197022427424
14  81  182.27879654155447
15  100  59.448118591899259
6  87  75.757381918162054
7  86  85.350045757154447
8  39  263.3171525583607
9  75  144.93517354953784
10  72  183.20498840497731
11  80  164.6262366744055
12  93  88.531948441595006
13  73  201.47867445834137
14  70  257.27291929277948
15  100  78.463580209927088
6  65  134.60293485382877
7  39  229.67884828399085
8  98  62.680974037658594
9  66  203.23446967658424
10  64  182.49336207454951
11  82  132.6777300155691
12  72  162.54158541472486
13  72  196.22083172812279
14  74  168.4161594422927
15  93  67.038881520512135
6  26  102.72708161803226
7  38  227.54519226725992
8  59  219.23560140350827
9  61  177.87955032813167
10  81  153.87629797820708
11  73  211.58374968358186
12  89  118.70105888045831
13  87  162.96443646259343
14  82  156.58818722602149
15  76  215.18157865104055
6  21  173.72343260776734
7  71  94.439111198258786
8  28  166.6829728048956
9  67  199.97976669278995
10  49  222.31561572073724
11  76  164.91022935543748
12  88  97.45559255906845
13  97  83.24374171386971
14  83  115.08577654334903
15  91  121.83645347846955
6  84  86.056140150930418
7  57  245.09430188371394
8  54  248.16690335923693
9  59  159.09943128992529
10  55  269.96271884167584
11  71  111.29611613239675
12  59  305.36683733230205
13  85  153.93712900431854
14  97  77.141084101121919
15  91  140.49297026355757
6  70  85.460892235092714
7  49  200.19295017406623
8  67  151.26535673591522
9  59  160.11012986530017
10  69  183.24267888834518
11  78  182.85615958464464
12  71  250.55915868744353
13  87  159.21669341940762
14  80  225.15270195426791
15  95  91.819589216749947
6  38  156.71302797998683
7  54  114.47433190740821
8  63  183.83280033968032
9  66  162.2956878058495
10  89  117.0439630763039
11  100  53.009708472519172
12  67  257.70497905074745
13  59  288.42391110106553
14  89  132.08170361654157
15  78  194.82826667091501
6  85  91.950852458011326
7  42  196.74831602909751
8  62  179.42336858995654
9  77  162.51180268001832
10  60  201.11950624424816
11  48  320.41457718687536
12  78  146.84897011392115
13  90  141.23397223327734
14  97  102.31823374573746
15  97  60.785247524039612
6  41  146.64493224117561
7  80  138.28331829485958
8  27  45.592846366817973
9  65  221.62254575492813
10  66  164.92140492968616
11  72  224.6437914811026
12  91  121.66789657775601
13  87  136.71189768690036
14  77  176.54244210709487
15  96  87.129342452452477
6  77  107.31151082114998
7  38  184.71132451156654
8  66  182.34982870238804
9  95  99.290127103633893
10  77  168.21091684091016
11  71  206.82245050598408
12  77  145.4103425409559
13  77  143.06266336616218
14  65  357.70977157119597
15  89  146.78587242307356
6  76  87.252534494395704
7  75  128.05608240078078
8  67  103.56999999779192
9  64  199.66324349173087
10  49  317.05211971090171
11  70  231.63038057374342
12  100  59.179063092491447
13  82  173.43603788591574
14  90  115.00776156445257
15  80  192.19599645621204
6  37  181.46674412115826
7  60  154.91771079229713
8  50  204.30247578577962
9  63  177.77272643368696
10  61  182.24908439247511
11  100  51.101938649609828
12  96  80.008474905378861
13  93  102.9647578384733
14  84  162.82597136408617
15  100  64.698659087364476
6  66  161.95054565692561
7  63  124.93956987339045
8  23  292.84690685723604
9  61  164.01282729009978
10  42  259.26111994474002
11  89  79.171267461512386
12  94  87.991503783656071
13  97  78.063446517356454
14  84  168.19385277583342
15  97  87.138346716600012
6  44  104.93453702726117
7  59  145.76858899795067
8  52  229.1936543807212
9  71  177.10218113778436
10  50  279.97004641161908
11  60  264.11876350464723
12  26  586.47836959419556
13  93  97.031055469021283
14  69  280.7260383500053
15  85  169.03385011509056
6  76  105.34742460857805
7  57  192.76415341407275
8  47  239.72909324165684
9  52  172.12186850698771
10  56  195.71588884170669
11  68  223.82191119321044
12  90  99.507965630881486
13  76  189.900245731138
14  90  117.26492698451663
15  75  243.34566817492953
6  40  110.56514065048354
7  78  123.31007893283277
8  74  162.70409723900264
9  60  261.27394557170578
10  34  200.47386184990583
11  59  282.29210600320681
12  96  56.946700359735495
13  85  172.79679143610667
14  69  227.36692523497962
15  100  57.253262686904939
6  70  123.54672370519903
7  53  156.59006242009431
8  40  204.9530255474491
9  55  282.19121480338987
10  91  106.91215102559599
11  78  86.974008790236553
12  77  147.63382166508811
13  83  159.60364390409666
14  82  165.17384402645223
15  98  61.684471642703052
6  37  91.262988946204487
7  60  116.27026666332091
8  40  266.30950069131381
9  83  143.63669580773862
10  83  137.4523436514979
11  62  195.24712364067133
12  68  223.98167506034204
13  74  190.57078520288869
14  65  279.14200980349358
15  100  55.424564456944815
6  42  150.30601845721066
7  55  161.68697621679681
8  44  133.81493264608883
9  63  178.07748927635066
10  82  128.42493656917455
11  59  314.91536941436544
12  81  170.48946775252651
13  96  78.236453867751649
14  95  89.346769512540661
15  91  109.9534712692015
6  25  183.35009941217456
7  39  112.49992569060797
8  68  169.62447758665658
9  69  230.17455781838584
10  51  301.28805483322589
11  84  108.6547985069443
12  84  164.67157516941276
13  97  93.593333354375588
14  72  228.20513246455522
15  92  103.72212609900062
6  48  219.97651518286639
7  51  140.60885837654945
8  66  220.65091576383722
9  73  155.59193393036756
10  57  220.18935851490593
11  84  151.95501618263225
12  72  219.86949526769666
13  95  86.227037737598181
14  80  154.77961182801536
15  93  121.08753052471999
6  30  127.27511045848256
7  83  103.25275256974737
8  76  134.84097901132617
9  37  206.80919620704918
10  84  110.73865011808127
11  49  249.15197209896587
12  62  228.14363955656566
13  66  203.85082619327125
14  89  109.41515845799576
15  96  88.965866326801276
6  33  147.27915285174171
7  76  131.9376212507768
8  61  108.26913031755039
9  49  287.72981573340724
10  71  160.65277129777431
11  66  249.51355096734116
12  96  72.824829734741584
13  83  183.53853259073603
14  79  192.34215283191256
15  94  93.312969655353385
6  81  95.229010529020158
7  66  124.66412270198515
8  67  69.844271942603754
9  97  74.434991004378048
10  65  184.92173278146797
11  77  219.55823558898595
12  70  254.0634485074946
13  70  235.69396407153425
14  96  81.525866079486917
15  84  148.55311402986976
6  63  103.29076074482192
7  41  225.14528870607265
8  49  161.818813427039
9  69  173.99799639580661
10  82  103.05425237002167
11  70  183.27090821875063
12  63  217.65351700903526
13  81  181.74725166243624
14  83  162.53663328177672
15  85  155.80644943012757
6  51  41.844707822700833
7  56  209.15223592973891
8  94  96.116748562119824
9  95  90.073066891806789
10  74  194.27449484985618
11  79  191.23892345284611
12  85  128.9445334731216
13  96  82.547829031725058
14  81  157.99072470537777
15  93  103.45988692865816
6  53  121.49457388673176
7  92  100.81635207707167
8  36  227.05586956237099
9  50  294.81716476534262
10  53  196.45635797684926
11  73  138.81631639968495
12  99  53.17554873733863
13  90  127.35509256440916
14  100  52.771069270595206
15  74  240.60182046185784
6  28  154.07320096374471
7  31  174.65702621205423
8  57  165.08694444656788
9  81  131.39879322449136
10  73  192.07216447590991
11  84  172.75853653507792
12  80  152.60355884006074
13  89  90.793464858033033
14  79  176.66126755280348
15  73  217.06120721951729
6  64  105.7366543886472
7  47  206.47170903549556
8  65  198.42508034554004
9  95  85.327205850293154
10  48  232.56103014942229
11  86  146.93910059932341
12  96  74.87035969665078
13  63  312.78009983840224
14  92  99.897459179677512
15  97  78.218043287598931
6  50  154.30671096579263
7  65  207.17858555674977
8  39  249.58273589332441
9  65  165.5740938396967
10  96  84.181403669583403
11  98  76.84268351251913
12  93  80.875290043968803
13  94  85.855731803433684
14  76  215.65569074372914
15  88  140.69841210674588
6  30  128.94481087339193
7  57  113.96248066694682
8  44  172.60487937845269
9  88  95.667103346074413
10  76  143.31174144149099
11  84  139.29164536544496
12  88  121.03101944843668
13  70  223.29426381942397
14  76  142.87959037805496
15  91  118.98410957457008
6  44  77.94169600059891
7  40  192.720965281291
8  75  135.65652840259875
9  72  120.66146305733203
10  42  306.45026620441638
11  92  83.247257322394077
12  81  152.67618189399536
13  73  135.28218135981291
14  83  195.95904841832805
15  85  127.03252447382577
6  54  175.21756686090569
7  82  103.1899949600306
8  68  161.33829143123967
9  71  161.57969432582496
10  66  257.76920538170003
11  67  171.97542729509922
12  88  123.23081186649931
13  94  97.275721538002415
14  85  113.26875939780673
15  97  86.14643091650305
6  32  200.92863096045568
7  84  80.74280331641954
8  47  229.57983721192389
9  100  72.112550043575112
10  100  76.855797774671629
11  49  260.95758152642208
12  85  149.63686312541489
13  78  122.95668329443643
14  92  111.94946304765496
15  80  201.59517069759428
6  43  172.19497754581391
7  93  94.058539547396592
8  35  214.72592625172189
9  68  195.91800765027995
10  49  282.75511153394262
11  96  81.796841557032778
12  82  192.92983472387976
13  95  99.346057110191865
14  85  139.32543175371609
15  93  110.78947327254922
6  42  187.03267975809379
7  78  105.14381523537351
8  62  218.11270882884514
9  93  98.705245091117817
10  98  70.71293034086969
11  59  223.10218023164907
12  66  226.52434695109042
13  94  102.19627992963737
14  68  239.80470401591049
15  99  81.28024722463833
6  79  92.559243090065365
7  88  72.754136378325029
8  65  197.25093892693033
9  75  168.41222021063069
10  58  303.27229585991614
11  40  254.97852501444274
12  61  264.1186468771391
13  86  143.07443964026842
14  87  155.07445024718166
15  75  267.79757237196173
6  32  181.64583216409665
7  43  126.73418708942401
8  99  66.493554572140368
9  55  164.24470526066884
10  99  61.548927109286858
11  74  218.10865927503545
12  99  72.764316551368225
13  84  171.31691811711238
14  96  86.890465479277722
15  98  79.937327210381454
6  72  107.27985527076136
7  30  260.68867901763332
8  48  195.97343276248253
9  77  130.63346824395188
10  40  181.83557181673262
11  98  51.307257465695947
12  87  113.41996129545016
13  61  241.28610537693046
14  89  150.85708603195087
15  91  112.3977838182989
6  29  172.23006828465742
7  62  145.73904980287116
8  52  168.84641166440611
9  77  150.26358211144367
10  79  193.84152679835762
11  53  358.33955047208224
12  87  157.22527810750418
13  71  178.22183864583437
14  100  58.78303234553151
15  100  62.695710105999154
6  82  103.77871524193772
7  68  99.455011109791513
8  77  143.64947566480592
9  93  98.90483059918877
10  83  125.76505914581925
11  62  242.08511431815901
12  60  238.74319654665422
13  85  165.07776983959792
14  68  191.68468013721852
15  89  98.601742782652536
6  24  206.89567979251439
7  69  140.93947820090304
8  72  182.94464714284351
9  71  99.896337450790341
10  84  101.39354000874242
11  60  229.84127294496341
12  82  151.13840787574568
13  90  140.5073360745231
14  84  162.78748386745301
15  91  98.455975643103272
6  46  71.449106463914717
7  85  100.39951632362603
8  100  72.414933027542574
9  80  141.6034806379416
10  87  79.561994540435379
11  65  166.59470606726356
12  75  179.14172242106341
13  71  232.5188225344769
14  74  166.14307626633672
15  92  119.70676547472783
6  56  156.73721431377706
7  47  128.60140888660723
8  72  164.00149831414365
9  63  189.755604125123
10  76  132.97397979487192
11  89  73.987444767421991
12  73  290.81708483151738
13  88  156.34130915491377
14  89  117.91909057982757
15  92  126.51714636388802
6  35  227.18315677596644
7  29  194.73093710609754
8  63  176.90526966557465
9  71  269.26334183147657
10  48  239.31887029854448
11  90  92.453430342604634
12  80  136.57396708432825
13  81  149.5406035696206
14  99  56.112025836365369
15  85  126.06553789201355
6  41  177.69288655393376
7  60  172.34941604680029
8  70  57.291592904762886
9  72  138.1966927829917
10  81  104.27746361622233
11  62  197.39216105198267
12  59  200.77083942890673
13  88  140.63505970517761
14  91  82.742511655539985
15  92  110.89514526560097
6  40  163.70536678201915
7  51  166.961623615126
8  47  174.96812707639111
9  44  243.8617389990539
10  60  255.92977082715646
11  91  87.281217865642574
12  68  256.46886898121318
13  80  160.82575675083717
14  79  165.05506634881593
15  87  143.31352695574199
6  23  147.84060648349492
7  72  65.629696395574655
8  66  171.34849545032066
9  56  258.38457801259187
10  80  140.50416876128008
11  80  155.93356638697557
12  63  243.06725856474418
13  90  135.96500752911643
14  73  206.14588661702362
15  90  133.74829579488065
6  5  48.160620072447486
7  94  82.274848650781337
8  77  120.26294603466714
9  57  153.8015842064718
10  90  129.67951557273591
11  70  219.36510615992424
12  65  255.62437421459626
13  83  161.79369393232383
14  68  276.59692991237569
15  89  148.20898295819833
6  49  91.988030301228648
7  47  245.70402315233278
8  47  184.03597714882289
9  77  141.92065285670824
10  74  221.00816107905669
11  73  173.96125411331394
12  64  283.95096905658562
13  58  343.19198689835014
14  82  169.4818244406039
15  88  139.13373648617409
6  58  163.26566009029727
7  89  72.543085489249336
8  94  75.975127970717892
9  70  165.68409253015346
10  92  109.42564397294427
11  46  356.54402769156422
12  87  125.67306323714935
13  86  148.11713009446794
14  76  228.41584546362728
15  79  154.58197897136984
6  22  127.06000589021559
7  50  62.605837862134884
8  58  233.66276231648973
9  88  76.589204362403336
10  56  189.72664704016884
11  82  118.37006848062406
12  84  135.12353423890653
13  76  189.40122597313919
14  73  142.26518395239117
15  100  40.982835831401815
6  94  90.051293224152758
7  51  152.78048257527701
8  48  275.41927607145709
9  45  204.98891755449071
10  85  119.30151876545241
11  82  153.57705476342883
12  74  135.6802701349441
13  50  315.52884678749001
14  92  89.439979920614192
15  84  104.05760856998445
6  25  134.23285655224953
7  66  207.63372893009083
8  55  226.57946864948354
9  70  172.73736901144409
10  64  229.83239829901072
11  71  236.39824257599395
12  84  133.88144354192789
13  76  183.77063688996037
14  96  72.339332835668046
15  87  124.38642538310667
6  69  103.51806831254977
7  63  139.77746155107687
8  73  146.74417644379491
9  55  242.79350122493173
10  82  157.09396107377356
11  82  179.64905249529875
12  50  384.29896355581758
13  96  56.855171707306731
14  100  65.600239573517015
15  61  384.39446793070283
6  45  125.79713508525984
7  57  170.00890640053331
8  63  193.69803838230786
9  77  156.29637531680993
10  60  190.88739589628071
11  64  237.8872650522508
12  92  100.45644691772731
13  96  109.19519281352258
14  100  64.975136647787323
15  90  94.857957616721976
