10  74.666666666666671  437.62947550846548
15  62.0  562.65467066427038
20  63.0  584.27798227348808
25  84.0  363.63057252934851
30  77.333333333333329  519.06933733841356
35  71.333333333333329  743.54561891503522
40  84.333333333333329  525.63744007302
45  94.0  246.88426363231449
50  91.666666666666671  390.48282104086672
10  50.0  412.4191760353508
15  69.333333333333329  401.52468504930533
20  65.666666666666671  462.43628419692396
25  82.333333333333329  537.4623877682875
30  79.333333333333329  576.66210135570861
35  83.0  487.59345724997172
40  84.666666666666671  345.63735470098362
45  91.333333333333329  369.15135075964628
50  89.666666666666671  407.71658055648294
10  66.666666666666671  382.97144528061591
15  76.333333333333329  426.81703330246046
20  76.0  395.14633680393098
25  77.0  540.07728512436404
30  85.0  462.23472733123913
35  88.666666666666671  410.43492287063447
40  88.0  299.33618515317397
45  83.0  557.13105837899832
50  89.333333333333329  415.80677174709001
10  69.666666666666671  371.34843821676247
15  72.0  482.32401836547859
20  69.666666666666671  401.77526195614598
25  89.0  333.0897496531075
30  89.666666666666671  364.40941451759886
35  84.333333333333329  435.31753338299995
40  84.0  382.11872730250138
45  91.666666666666671  253.5944282130219
50  87.0  391.9060531091975
10  61.0  346.06576499975932
15  50.333333333333336  531.19533892341008
20  54.333333333333336  691.76735338573326
25  76.333333333333329  531.92627812107628
30  79.666666666666671  617.68293028630387
35  88.666666666666671  368.67944136599777
40  83.0  483.60187075267061
45  86.333333333333329  439.611637474703
50  88.0  513.63853629341759
10  38.666666666666664  397.54447130416401
15  63.0  498.22157216881436
20  79.333333333333329  572.07219792013541
25  80.666666666666671  413.89300224898511
30  88.0  379.62040651220872
35  81.0  488.45375650702476
40  87.0  426.18684220473955
45  90.0  354.22833888078839
50  86.666666666666671  452.65527985465286
10  62.333333333333336  415.59489828521259
15  57.333333333333336  518.15208154190918
20  75.333333333333329  471.39173276725433
25  82.0  580.10898503512396
30  78.0  621.4599517011344
35  73.666666666666671  623.28612039734912
40  86.0  454.77378475448637
45  87.666666666666671  411.59103715459884
50  87.666666666666671  406.70527192498514
10  47.0  341.08225002549847
15  80.666666666666671  357.93897789645098
20  65.333333333333329  456.59230391965292
25  74.666666666666671  513.19401118484404
30  80.0  597.82410546857204
35  85.666666666666671  493.08254027579073
40  87.666666666666671  473.34559858821945
45  95.333333333333329  234.98407889761862
50  88.0  565.43084029079171
10  59.333333333333336  437.85807358846245
15  66.333333333333329  379.23794798445829
20  82.666666666666671  364.61314273703732
25  83.333333333333329  507.19283230199909
30  81.0  428.81613605771133
35  89.333333333333329  385.5361848069852
40  82.666666666666671  500.19463569386693
45  86.666666666666671  549.86362141239033
50  88.666666666666671  453.74482946053541
10  64.666666666666671  495.19460813741421
15  74.0  374.35228017287028
20  80.666666666666671  403.95731546158765
25  87.666666666666671  357.35818978819634
30  81.0  588.59717429076443
35  84.0  528.19622115297477
40  88.333333333333329  343.41414694034796
45  93.333333333333329  288.25309550071722
50  89.0  448.99961753742076
10  48.666666666666664  486.41053915783539
15  80.0  350.98956466424164
20  67.666666666666671  566.84169122137257
25  81.333333333333329  435.58387342519603
30  82.666666666666671  509.91388065531686
35  86.0  427.87729687531669
40  80.666666666666671  497.86633527527732
45  86.333333333333329  458.04055633596994
50  82.333333333333329  594.54226270103561
10  47.666666666666664  547.7543134835314
15  63.666666666666664  505.34736624195153
20  75.333333333333329  379.3885022644958
25  74.333333333333329  548.90986322777837
30  82.666666666666671  431.21269772815685
35  91.333333333333329  306.83425561181275
40  81.333333333333329  486.71841867835622
45  87.333333333333329  490.55573301414631
50  91.0  294.07529450998055
10  75.333333333333329  359.418875609221
15  78.0  378.46844223231687
20  77.0  406.17768180713426
25  83.666666666666671  379.45627796822311
30  90.0  299.08730315321952
35  90.666666666666671  300.69867068719202
40  90.666666666666671  352.87124265532447
45  89.333333333333329  381.11646662397641
50  89.666666666666671  389.8270393495448
10  53.666666666666664  412.24992929796366
15  76.333333333333329  322.10101768668181
20  90.333333333333329  296.07182639223191
25  77.0  455.3759387264929
30  86.333333333333329  398.33944337252808
35  81.333333333333329  498.65789511986452
40  86.0  348.11131386028387
45  83.333333333333329  551.2973495420091
50  90.333333333333329  332.24421127099663
10  46.333333333333336  433.70540362905297
15  68.666666666666671  514.22528219156311
20  81.0  346.0595356506908
25  82.333333333333329  326.60898080862972
30  78.0  384.93080197379345
35  79.666666666666671  724.2758745997611
40  86.0  426.32785815111686
45  90.333333333333329  224.10854490564117
50  89.333333333333329  302.40799360426985
10  69.0  401.99380565924389
15  69.333333333333329  546.0487627474688
20  73.333333333333329  486.36949865598592
25  84.666666666666671  473.16628158234323
30  82.666666666666671  507.47498644960785
35  85.666666666666671  421.3773923967675
40  88.333333333333329  469.91198181354054
45  78.666666666666671  664.41065589833352
50  91.333333333333329  298.73141787222488
10  75.333333333333329  334.96770981229889
15  75.0  399.99971942774857
20  70.333333333333329  347.15851910468456
25  78.333333333333329  536.42587400458149
30  87.666666666666671  337.0429014578296
35  83.666666666666671  492.81353124549167
40  87.666666666666671  442.56968975785264
45  83.333333333333329  642.03827804989612
50  91.333333333333329  320.81402728152466
10  65.666666666666671  357.65214526018843
15  75.0  352.37992803482319
20  74.333333333333329  379.42629496855886
25  81.333333333333329  379.7235683523644
30  85.666666666666671  380.74244209907687
35  83.0  437.84569244362484
40  83.0  507.25627020027753
45  93.0  233.8250379502802
50  89.0  392.75667857535558
10  68.333333333333329  398.44339939713944
15  78.333333333333329  366.41126809769725
20  75.0  425.29331442875565
25  70.666666666666671  596.4865046808244
30  76.333333333333329  509.61672837661251
35  84.333333333333329  422.79150856245906
40  77.333333333333329  598.9004223240737
45  87.333333333333329  423.62182584945526
50  94.0  251.18367990103943
10  57.0  362.4491320807727
15  70.333333333333329  470.91789969366999
20  66.666666666666671  558.26588793839903
25  83.666666666666671  421.44312930578207
30  74.666666666666671  685.87786068792423
35  91.666666666666671  292.08658431105926
40  92.0  296.90319090770339
45  88.333333333333329  471.07148578948636
50  92.666666666666671  280.31241883246298
10  48.333333333333336  463.35874453501458
15  71.333333333333329  429.11491023324697
20  74.666666666666671  496.35364058749951
25  79.666666666666671  449.48903556379412
30  79.666666666666671  507.20394547164858
35  73.0  755.22470625082622
40  87.0  464.63882707990643
45  85.333333333333329  488.50691708833557
50  89.666666666666671  381.51009841061187
10  74.0  349.76500985171731
15  75.333333333333329  293.4739182703081
20  78.0  473.57976404313769
25  79.333333333333329  458.52849926267197
30  81.666666666666671  455.84178664266676
35  87.666666666666671  359.14917421761106
40  81.333333333333329  622.05756165947173
45  87.0  499.27299537659712
50  87.666666666666671  487.66312529875034
10  65.666666666666671  390.88370010777385
15  83.333333333333329  306.95754622151554
20  72.0  499.07749960361997
25  82.666666666666671  499.1938659719022
30  83.666666666666671  529.05061434215963
35  85.333333333333329  425.14180889968839
40  89.0  394.24421238791905
45  84.333333333333329  498.78739623891255
50  92.333333333333329  300.73730358232763
10  47.333333333333336  408.84281646895045
15  67.333333333333329  405.53731657236813
20  83.333333333333329  419.43122309028661
25  86.666666666666671  351.46769206807011
30  81.333333333333329  482.66451416610204
35  85.333333333333329  524.73331319709143
40  88.666666666666671  382.43927477403378
45  88.666666666666671  550.65463958801661
50  90.333333333333329  438.86219372022003
10  58.666666666666664  527.64959733556941
15  76.333333333333329  396.43226790885319
20  69.0  604.77968361677688
25  81.666666666666671  469.31471153166871
30  85.333333333333329  451.0556383158472
35  85.333333333333329  507.10408726802325
40  89.0  347.4605241634539
45  81.666666666666671  424.79120743759728
50  82.666666666666671  569.90467454734664
10  72.0  428.34850577952494
15  67.0  543.073203912282
20  64.333333333333329  432.00534558950977
25  72.666666666666671  668.76704322881028
30  86.333333333333329  419.95405075882928
35  79.666666666666671  478.80573600857883
40  87.666666666666671  414.4948595635783
45  85.333333333333329  480.80935151459141
50  92.0  279.24910939808728
10  71.0  395.49252553306644
15  74.666666666666671  354.01989275627682
20  69.333333333333329  506.80797574745327
25  88.0  341.78025392862048
30  84.666666666666671  442.90546113208353
35  82.0  631.21311602985998
40  80.666666666666671  538.45920149197775
45  87.0  425.70351426573831
50  84.666666666666671  686.14405060221338
10  78.666666666666671  319.0457782376414
15  71.0  473.54660658063358
20  80.0  482.96754492916443
25  79.666666666666671  624.06695447202071
30  82.333333333333329  505.14648943130123
35  81.0  553.0604232747105
40  82.666666666666671  580.94238948577026
45  90.333333333333329  339.68820575715381
50  88.666666666666671  359.84115529123062
10  66.666666666666671  412.77030353925107
15  68.0  503.73692359197577
20  84.333333333333329  428.91303694494076
25  81.0  431.74502318307225
30  71.0  766.60379176209369
35  88.666666666666671  382.02042633172977
40  84.333333333333329  360.38351573046441
45  91.666666666666671  290.40602840767286
50  91.0  355.80692168721237
10  65.666666666666671  421.80858863988885
15  81.666666666666671  386.27117574581018
20  72.666666666666671  595.32480713783571
25  78.666666666666671  519.6734068643957
30  76.666666666666671  553.51752246223646
35  81.333333333333329  441.58845129413658
40  83.333333333333329  467.70526914642937
45  86.666666666666671  478.98025835458913
50  91.0  330.07350310694562
10  62.0  431.97456679926586
15  54.666666666666664  580.65140821006014
20  75.0  342.07559709070824
25  78.333333333333329  571.7816913210861
30  72.666666666666671  512.49232824981391
35  84.666666666666671  467.45384094247754
40  90.666666666666671  397.48353834405367
45  90.666666666666671  337.99435242117556
50  86.0  511.12974810459576
10  67.666666666666671  413.54138907299165
15  75.0  399.37405407657457
20  69.333333333333329  596.9311904426695
25  71.333333333333329  648.41418987945838
30  89.0  339.42449434121653
35  83.333333333333329  443.11810910213393
40  84.333333333333329  485.30720250210828
45  87.666666666666671  337.58499240087787
50  87.666666666666671  412.69846779238321
10  63.666666666666664  453.61233734941385
15  74.333333333333329  347.40331538646819
20  71.333333333333329  516.5590380118166
25  84.333333333333329  474.70440323778013
30  79.0  537.44844185743193
35  90.333333333333329  335.05971537823149
40  86.0  386.85354823850111
45  84.0  559.12697332101914
50  92.0  340.6445175007608
10  54.0  520.89448904713015
15  73.666666666666671  314.68609800985507
20  74.333333333333329  334.56104331978582
25  75.0  636.54067496316702
30  86.333333333333329  387.02922456289167
35  86.666666666666671  419.89919253903355
40  92.333333333333329  273.21374299291125
45  91.666666666666671  294.82478288588925
50  88.0  459.52037099104285
10  70.666666666666671  310.67414743096845
15  80.0  359.68932267205162
20  60.0  647.02101793031659
25  82.333333333333329  516.78529871057606
30  84.666666666666671  480.34717388192632
35  77.666666666666671  663.35941890518109
40  80.0  547.81874785650666
45  90.0  333.17148795781389
50  86.666666666666671  367.25498147200005
10  73.666666666666671  328.76904497358771
15  72.333333333333329  423.03078314347715
20  79.666666666666671  477.72981585211244
25  78.666666666666671  469.22144472121221
30  84.0  415.28741985798325
35  91.333333333333329  283.34321255450209
40  84.666666666666671  469.83787954067975
45  88.0  415.43062007951505
50  88.666666666666671  521.55968361655675
10  48.0  554.39803370593768
15  79.666666666666671  342.79769402006883
20  65.333333333333329  742.36773372115874
25  82.666666666666671  443.42986561228247
30  79.0  534.81456942959733
35  87.666666666666671  313.27580545847377
40  88.333333333333329  393.57704676030812
45  86.0  456.04553693309566
50  88.0  426.28224919394739
10  69.333333333333329  348.24876832028957
15  77.666666666666671  420.54252453808874
20  71.666666666666671  612.13546348009118
25  73.666666666666671  704.83820490967241
30  88.0  397.55858739793575
35  91.666666666666671  259.58185478571676
40  88.666666666666671  410.37686357534932
45  88.666666666666671  369.09322016107728
50  91.333333333333329  261.38816781568084
10  62.666666666666664  394.15827718095596
15  75.666666666666671  387.50453106393906
20  76.333333333333329  445.56638975039169
25  78.666666666666671  554.51323491399444
30  85.333333333333329  411.36853558048955
35  86.333333333333329  424.51393258007192
40  90.0  422.02667975798568
45  90.0  379.63663580269662
50  93.0  249.59534954204364
10  77.0  324.57081414750502
15  78.333333333333329  245.81099800900475
20  79.0  431.11146422101882
25  82.333333333333329  423.22041244521279
30  79.666666666666671  543.09993829746281
35  82.0  519.17441120944682
40  87.0  505.47042706971644
45  87.666666666666671  448.68087205228045
50  89.666666666666671  409.3738016765401
10  46.333333333333336  409.38095104919722
15  77.0  398.95339860066173
20  72.333333333333329  361.16133550740773
25  80.333333333333329  478.93657272556777
30  77.0  453.76620934012658
35  84.666666666666671  365.75916192067456
40  81.333333333333329  553.73124828049265
45  83.0  555.49444106558803
50  86.666666666666671  554.75364619240349
10  55.0  471.63200098509577
15  62.333333333333336  496.69809473019876
20  74.0  525.66986496169602
25  84.0  465.34467247287051
30  83.666666666666671  473.79907254401195
35  83.666666666666671  510.56042111362621
40  80.666666666666671  614.13472816329079
45  87.333333333333329  418.60097305657393
50  91.333333333333329  285.53309473901709
10  73.333333333333329  378.81717853281646
15  67.333333333333329  529.37322916482219
20  80.333333333333329  518.32580084915458
25  79.0  537.22435443383358
30  82.0  481.10101810557677
35  88.333333333333329  414.14927259518953
40  92.333333333333329  299.64633331580308
45  89.0  458.69614469449851
50  90.0  356.26287836213083
10  66.333333333333329  424.81622093527699
15  80.333333333333329  355.61315688390016
20  79.0  408.33845082114613
25  66.0  686.49750312216452
30  79.666666666666671  458.5154871807905
35  87.333333333333329  405.42986156739306
40  87.0  373.23865767877732
45  87.666666666666671  431.54000282119915
50  88.666666666666671  405.25917342065441
10  44.333333333333336  508.06850368293226
15  60.666666666666664  634.2461496323607
20  79.0  418.73826035217883
25  74.333333333333329  553.49924636097455
30  88.333333333333329  373.52624875934475
35  91.666666666666671  275.90915126229709
40  86.666666666666671  305.85370037972223
45  93.333333333333329  272.42460359815601
50  82.666666666666671  575.53352066976936
10  49.333333333333336  469.97969289711654
15  57.333333333333336  198.66994547431594
20  77.666666666666671  453.71327352369565
25  78.333333333333329  361.14888386451224
30  91.666666666666671  285.23489000040814
35  87.666666666666671  465.41327969141474
40  85.333333333333329  422.3086545497992
45  87.333333333333329  435.94092020825502
50  96.0  196.16546901956613
10  68.0  369.10693761067836
15  66.666666666666671  438.51009653155529
20  67.333333333333329  508.66502644691485
25  78.666666666666671  532.9521779093061
30  80.666666666666671  552.56071143252689
35  86.666666666666671  463.14949809045874
40  85.0  452.31663768869021
45  90.0  371.07531005911977
50  86.0  500.93542469024533
10  72.0  440.3977222801721
15  82.666666666666671  341.99207184623094
20  77.0  364.37533335121691
25  76.666666666666671  592.81789359445236
30  76.666666666666671  572.92348094955912
35  84.0  520.93798304729455
40  88.333333333333329  349.13966390886674
45  87.666666666666671  416.08793557126813
50  87.666666666666671  407.99244409837769
10  58.0  480.15371080711884
15  68.666666666666671  318.44394282673852
20  77.0  358.28020918597218
25  89.0  293.62333271105973
30  82.666666666666671  465.33403231644172
35  88.333333333333329  475.3323001235857
40  87.666666666666671  557.562866763172
45  88.333333333333329  329.67025384454854
50  89.666666666666671  368.63842441224102
10  77.666666666666671  310.74811068525946
15  70.666666666666671  357.95917784601846
20  75.333333333333329  601.23590247099037
25  77.0  518.11280904002547
30  87.666666666666671  324.04746284593676
35  87.666666666666671  432.08934299212939
40  85.666666666666671  413.67664931431977
45  86.666666666666671  401.63892869007293
50  91.666666666666671  290.64187751586906
10  65.666666666666671  376.08680425916884
15  72.333333333333329  322.21451503462902
20  69.0  400.7819767779373
25  75.333333333333329  525.30398512561783
30  79.666666666666671  503.66445044711526
35  84.666666666666671  389.94155225565402
40  86.666666666666671  381.61623613777112
45  89.666666666666671  280.76612716579723
50  93.666666666666671  278.8029972914224
10  64.666666666666671  412.48592184963212
15  79.0  309.0825375641565
20  71.0  562.41626746285601
25  89.333333333333329  292.44686170973222
30  84.0  417.15375760377236
35  83.0  334.96106836677188
40  89.666666666666671  391.89200352629024
45  87.333333333333329  423.58698694607773
50  90.666666666666671  295.42924990609072
10  64.333333333333329  327.96576674203646
15  68.666666666666671  428.41452668630581
20  72.666666666666671  527.92940249306162
25  73.333333333333329  512.00807291286867
30  87.0  439.47832510246656
35  84.0  456.42383288202052
40  87.0  528.33846585563435
45  92.333333333333329  276.19947692015751
50  83.666666666666671  560.04593524996994
10  60.333333333333336  419.21151698992759
15  80.0  402.35789701725855
20  67.333333333333329  554.60948245960333
25  85.666666666666671  373.70298791854452
30  88.333333333333329  358.35190921852285
35  84.666666666666671  448.55993119523401
40  89.333333333333329  394.92073840126841
45  82.666666666666671  621.74546183609289
50  94.0  221.26727086358588
10  57.333333333333336  507.7267257246761
15  69.666666666666671  352.04933118426101
20  76.333333333333329  425.22453141538182
25  75.0  617.35980972830089
30  81.0  552.90440919879632
35  84.666666666666671  463.60576448420818
40  85.333333333333329  523.56849858725013
45  84.666666666666671  431.71705385916204
50  92.333333333333329  254.33772979826941
10  61.333333333333336  370.87106945659013
15  71.666666666666671  443.51280780749624
20  72.666666666666671  565.59724340408911
25  80.666666666666671  483.51409496895729
30  90.666666666666671  340.11541499283686
35  73.0  754.78169922682582
40  89.333333333333329  336.79951154772777
45  91.0  331.57808176620597
50  91.0  284.14766412875036
10  65.666666666666671  406.88221206007279
15  75.333333333333329  462.52140153859932
20  79.666666666666671  488.32418778229396
25  82.666666666666671  430.21776398180242
30  77.333333333333329  657.87081532488503
35  80.333333333333329  610.99778055377499
40  89.0  397.06170925497941
45  91.0  335.87994899073135
50  92.0  296.80340138189024
10  63.333333333333336  380.99550002563046
15  62.333333333333336  610.11973400379566
20  67.333333333333329  655.74928043690329
25  72.0  738.45173319622654
30  82.333333333333329  424.23604169760046
35  90.333333333333329  341.36185286893664
40  91.0  279.85959240616251
45  84.333333333333329  533.81243883768559
50  88.333333333333329  426.08776562965528
10  54.666666666666664  519.40506533584482
15  67.333333333333329  623.44176310701323
20  73.666666666666671  507.83694538008899
25  81.333333333333329  482.30525241370253
30  85.0  464.03702034396838
35  86.0  459.0696641110946
40  89.666666666666671  346.20890507088558
45  82.666666666666671  730.44786308233734
50  92.333333333333329  286.02365974472588
10  62.0  390.28958658166943
15  71.666666666666671  374.78878795256907
20  79.333333333333329  414.48829380813117
25  76.0  422.03444299482948
30  82.666666666666671  447.11934632973583
35  85.333333333333329  439.99116805453804
40  86.333333333333329  452.98453091991581
45  84.333333333333329  574.32167800870229
50  87.0  569.78620467350925
10  54.666666666666664  417.9580523250504
15  74.666666666666671  466.66240016609748
20  79.0  384.19577625533378
25  81.333333333333329  470.61860601383171
30  80.333333333333329  498.84033993916046
35  84.666666666666671  462.01960151984895
40  84.666666666666671  343.72637055965521
45  91.0  415.93280460586607
50  87.666666666666671  406.11567029666634
10  64.0  347.70729889385854
15  69.0  438.82986213292355
20  73.666666666666671  508.34848905089473
25  80.333333333333329  352.64581309211786
30  80.666666666666671  556.9665816326775
35  91.0  298.36524193774136
40  88.666666666666671  277.57276141267903
45  86.0  425.66417113400792
50  82.666666666666671  487.82885143845579
10  65.666666666666671  346.37429255790965
15  79.0  282.18259059284202
20  82.0  407.93865611413025
25  78.666666666666671  485.8843124577387
30  73.0  605.88176966492074
35  86.666666666666671  428.31976695017011
40  87.0  461.13654105728062
45  81.0  759.46484856225015
50  91.0  450.70726541534884
10  61.666666666666664  328.09653815757429
15  67.666666666666671  504.94845543914516
20  74.333333333333329  574.30745382500345
25  85.666666666666671  429.65229922364773
30  82.0  349.08053934905672
35  84.333333333333329  546.74462547393011
40  88.666666666666671  347.97728627466688
45  87.666666666666671  336.53279037752765
50  91.666666666666671  351.84474679481309
10  67.333333333333329  409.9550627600313
15  65.666666666666671  506.11497856211867
20  73.666666666666671  419.2229739591084
25  82.0  433.02273351320883
30  79.666666666666671  498.35964782938044
35  86.333333333333329  470.38149632164999
40  89.333333333333329  326.46373065120048
45  88.666666666666671  407.06963612039283
50  89.0  463.45623726770953
10  66.666666666666671  425.2231917306915
15  69.0  523.28020975309664
20  82.0  413.81767977205578
25  89.0  292.58083601354679
30  85.666666666666671  434.08684855898269
35  86.666666666666671  402.94952141556877
40  88.666666666666671  416.06301741072588
45  84.666666666666671  653.51928649271053
50  91.333333333333329  399.8474676380348
10  81.666666666666671  352.53492299426773
15  65.0  531.80438925751946
20  54.0  841.52545335503055
25  71.333333333333329  661.4825609321224
30  88.333333333333329  377.41272701265285
35  88.333333333333329  400.66306267331623
40  90.666666666666671  348.6870524576355
45  88.666666666666671  386.8839488047534
50  89.333333333333329  331.52309721493566
10  67.0  331.96880243647888
15  78.0  355.36123586745128
20  75.666666666666671  561.89341329505442
25  87.333333333333329  345.07299993532905
30  89.0  353.89375034675356
35  88.333333333333329  377.45005684111055
40  89.333333333333329  378.03969427653215
45  86.0  557.63315984435985
50  89.0  384.1681103767491
10  60.0  453.95941736670642
15  62.333333333333336  403.85530997932847
20  71.666666666666671  675.02094658185081
25  66.666666666666671  660.09400252839021
30  81.0  472.88079238802817
35  85.333333333333329  474.74133201131519
40  84.333333333333329  642.3177551348241
45  90.333333333333329  301.30506618987755
50  90.0  355.10631640466022
10  64.0  294.88723651080363
15  75.0  456.91641663928817
20  81.0  422.24405679902787
25  76.0  688.76410965710943
30  84.666666666666671  445.01439412616401
35  86.333333333333329  388.64189603591296
40  86.333333333333329  358.18912773664891
45  92.666666666666671  294.07740344458614
50  88.666666666666671  435.41563358173897
10  65.0  420.19917670044907
15  72.0  402.4842275518875
20  76.0  536.23654729139503
25  80.0  461.49799171511114
30  82.0  460.08888768292525
35  87.0  472.93906950701654
40  87.0  379.70726569552409
45  87.333333333333329  496.32717451568362
50  89.0  413.36447313891074
10  59.0  538.48322949569922
15  66.0  463.84276084062003
20  78.0  452.20848176262541
25  78.666666666666671  545.63574550150088
30  85.0  403.32553570941741
35  87.333333333333329  410.84699382016117
40  87.333333333333329  447.69133102406147
45  86.666666666666671  472.63784505559192
50  92.333333333333329  291.43096283212321
10  65.333333333333329  490.98682907807597
15  85.666666666666671  313.04238749542651
20  78.666666666666671  390.73316063459657
25  82.0  402.77262547931707
30  85.666666666666671  416.78993811140128
35  87.0  536.76660921319001
40  86.0  487.32570609051294
45  90.666666666666671  321.14189635986492
50  88.666666666666671  385.99959452139638
10  78.0  302.27195666308108
15  81.333333333333329  416.59018959295969
20  65.333333333333329  545.70560448072001
25  83.666666666666671  442.87961644429907
30  79.333333333333329  553.46677646236139
35  87.666666666666671  358.56766933760866
40  90.666666666666671  314.33037032044632
45  89.0  333.85583012269939
50  87.0  523.27997652428212
10  71.333333333333329  318.36400964834439
15  69.666666666666671  422.69936286577939
20  76.333333333333329  482.91753141494604
25  80.666666666666671  445.98736730876448
30  84.0  401.39228867626508
35  87.0  414.87356287826395
40  88.666666666666671  361.55153563529007
45  91.333333333333329  279.60568755503112
50  87.0  385.87258906549675
10  76.333333333333329  392.59726823860183
15  77.333333333333329  485.45254777030965
20  71.666666666666671  609.46305608392481
25  83.333333333333329  431.31576394792415
30  86.0  382.82642119935571
35  84.0  542.76768176157918
40  87.333333333333329  412.98791782811213
45  83.333333333333329  492.21397314391226
50  93.0  267.59807021440167
10  62.666666666666664  184.02244015210522
15  67.666666666666671  412.62403321720939
20  70.666666666666671  421.47628201575503
25  79.666666666666671  460.21298669127691
30  90.666666666666671  324.29241136859395
35  88.333333333333329  343.70083689384262
40  86.333333333333329  365.39692599187572
45  85.0  550.79605778996245
50  94.333333333333329  234.92999480833811
10  59.0  482.15449930087914
15  71.666666666666671  314.68005530098753
20  75.333333333333329  516.77413604606022
25  81.0  488.93096080672643
30  90.0  294.32637514039072
35  78.333333333333329  525.24592871237485
40  88.333333333333329  406.62438417169648
45  83.333333333333329  401.36791550971333
50  88.666666666666671  394.2802388269854
10  68.333333333333329  357.50326579579894
15  73.333333333333329  443.92465814818252
20  78.0  477.19220135038171
25  81.666666666666671  416.06456625765975
30  85.0  458.79301440848917
35  90.0  337.84425485983058
40  90.0  344.48766498487436
45  91.333333333333329  450.27006449051555
50  91.666666666666671  404.17004778090688
10  62.333333333333336  463.97680108041681
15  76.0  399.96302970579274
20  67.333333333333329  429.24039323831278
25  85.0  454.91533832282778
30  83.666666666666671  530.78245306039446
35  81.333333333333329  454.0384586574466
40  83.666666666666671  362.25347099115976
45  92.0  310.70280951342625
50  91.333333333333329  275.98535556894126
10  64.666666666666671  344.60607384221993
15  74.666666666666671  399.07610019724746
20  77.666666666666671  415.89367345103221
25  80.0  370.45558138194417
30  79.0  465.76709599351966
35  82.333333333333329  563.28620711373424
40  93.333333333333329  268.83881953343143
45  84.0  425.34073894285206
50  89.333333333333329  316.34175074988121
10  70.666666666666671  347.84960547556943
15  67.0  405.07647774445434
20  75.333333333333329  508.12440855263469
25  81.0  437.34129826372464
30  85.333333333333329  409.94686326599492
35  88.333333333333329  374.86767294632836
40  86.333333333333329  425.89218527764319
45  85.666666666666671  595.23917031416966
50  89.333333333333329  374.29666396048691
10  68.666666666666671  447.70711645731308
15  66.333333333333329  527.13047318024269
20  76.0  419.81029842601953
25  80.666666666666671  523.19131113406797
30  83.333333333333329  456.75386137889382
35  81.666666666666671  528.26175477759466
40  90.333333333333329  359.33387368200272
45  90.0  442.67948941626162
50  79.0  537.42719958828218
10  57.666666666666664  482.74457378451399
15  80.333333333333329  317.07865311988303
20  64.333333333333329  659.59792161176017
25  82.333333333333329  459.59014673649096
30  75.0  441.474935467379
35  86.666666666666671  453.59632053524825
40  91.666666666666671  288.03857638259728
45  88.333333333333329  508.29331375714634
50  90.666666666666671  302.91012841311579
10  70.666666666666671  367.5775656009975
15  77.666666666666671  384.11606176277172
20  79.333333333333329  466.17404611605122
25  79.333333333333329  362.67386092697564
30  84.666666666666671  409.75417464055511
35  83.0  479.87724336719282
40  88.333333333333329  358.6670035490796
45  95.0  189.74829512710227
50  79.0  475.20205533290147
10  65.0  417.92096068823821
15  74.666666666666671  362.08940360619772
20  77.0  501.24461448169865
25  87.333333333333329  359.0694638688783
30  87.0  425.84402352687999
35  84.666666666666671  470.33965616172566
40  88.666666666666671  418.52772497310673
45  83.666666666666671  561.7127317048521
50  89.666666666666671  391.15411373454606
10  65.666666666666671  382.91750990333583
15  61.333333333333336  579.43262456529624
20  80.333333333333329  441.37036222010789
25  75.666666666666671  539.64552349076939
30  78.333333333333329  513.71909394489944
35  85.666666666666671  414.54111974306096
40  89.0  364.13943899792361
45  92.0  310.40299786050986
50  90.666666666666671  435.10845432602667
10  65.666666666666671  359.08008667478083
15  77.333333333333329  460.16279867916228
20  87.333333333333329  259.64990905553577
25  86.0  313.24460904461154
30  85.666666666666671  401.91957236064275
35  91.0  335.47410610326102
40  82.0  481.69772951155613
45  92.333333333333329  274.2911083141596
50  87.0  382.58697074600229
10  64.0  402.03071484677355
15  74.0  469.30834398517504
20  82.333333333333329  386.66095258643293
25  82.666666666666671  389.09141050418486
30  91.0  301.10333807402503
35  89.0  433.49536530969181
40  87.666666666666671  392.50031050616013
45  87.0  415.31725387281142
50  86.333333333333329  559.39689171397458
10  59.666666666666664  453.05296283129343
15  68.333333333333329  440.26681421018242
20  76.666666666666671  533.93435189472359
25  80.0  557.74645331191573
30  76.0  781.05572905914676
35  77.0  448.00390902617869
40  80.666666666666671  598.45306453950991
45  85.666666666666671  514.2396174452748
50  93.666666666666671  236.32308802052998
10  68.333333333333329  315.18691354934919
15  66.0  481.19407973369437
20  80.0  417.69995212434225
25  82.666666666666671  381.51170353699297
30  79.333333333333329  622.30226807103691
35  79.666666666666671  517.42263515669833
40  88.666666666666671  422.1939443449653
45  87.0  387.50182776755992
50  88.333333333333329  515.83791833534826
10  55.333333333333336  513.58522853822603
15  69.0  399.26202664703447
20  73.0  526.22020278361413
25  85.333333333333329  419.65822012615729
30  82.333333333333329  545.58012574360248
35  87.0  421.81116358105794
40  87.0  345.10326695826859
45  91.333333333333329  349.49323642411616
50  91.0  312.06240441436523
10  70.666666666666671  355.83863670459073
15  74.666666666666671  432.42743561091243
20  76.0  454.78141053555623
25  78.666666666666671  531.21252256736773
30  83.666666666666671  368.26721153820569
35  79.0  545.74359069385628
40  81.666666666666671  534.29106070125238
45  92.0  269.8070237333672
50  90.0  383.47418487796705
10  78.0  387.93504395764421
15  76.0  332.68661314224573
20  73.666666666666671  621.28112127343843
25  85.0  426.46538914548989
30  83.666666666666671  443.80209353671518
35  87.0  456.65166861586039
40  88.333333333333329  351.3330684062575
45  87.0  429.26957810437153
50  89.333333333333329  420.95669284232287
10  70.333333333333329  290.12711466822128
15  64.333333333333329  409.96006719392392
20  74.666666666666671  442.51041422716349
25  75.666666666666671  519.34541475370747
30  73.333333333333329  845.66911224250703
35  83.666666666666671  409.7794339693632
40  88.0  434.69455420913255
45  89.333333333333329  446.46452946994469
50  90.0  465.9216770836257
10  53.333333333333336  380.42311503372997
15  66.0  510.34853796902388
20  90.666666666666671  251.16423735339541
25  85.666666666666671  448.46055418449566
30  83.0  379.30326274862614
35  83.0  524.23768159535541
40  86.0  389.53289247959867
45  89.333333333333329  381.29451757412596
50  91.666666666666671  387.90155594170477
10  61.0  451.98470499402492
15  66.666666666666671  524.51143529269541
20  74.333333333333329  448.91229650637484
25  84.666666666666671  347.98859308561453
30  87.0  394.77751633766428
35  82.666666666666671  418.19684723378606
40  90.333333333333329  398.3640972765657
45  92.333333333333329  260.57759769267307
50  89.0  334.8316151055659
10  62.666666666666664  357.12891612993099
15  64.333333333333329  553.11552774617496
20  84.333333333333329  361.81405201081054
25  75.333333333333329  658.23841620750954
30  87.666666666666671  328.6600815877656
35  83.333333333333329  523.33326438026745
40  80.0  564.44773145345448
45  91.666666666666671  393.09504072209194
50  90.0  355.12956175667409
10  64.0  464.20561840484629
15  61.0  402.71147978796631
20  67.666666666666671  751.53329740431786
25  75.333333333333329  524.69173712287204
30  75.333333333333329  325.07559882284102
35  81.333333333333329  572.05788866782564
40  91.666666666666671  261.1117719676102
45  87.333333333333329  482.32112243884944
50  90.333333333333329  238.83152358760654
10  42.666666666666664  491.82739660077971
15  72.333333333333329  328.1905121415636
20  74.0  472.89617774092517
25  75.666666666666671  469.92802638107798
30  85.333333333333329  380.4230334353781
35  85.666666666666671  455.98033661317641
40  85.666666666666671  521.78146757984234
45  86.0  519.07905489985444
50  90.0  344.62313420082961
