0.0  64.666666666666671  393.68917674935045
0.1  61.0  473.93468506957572
0.2  69.666666666666671  352.56617651233302
0.3  39.666666666666664  533.6813870322776
0.4  59.333333333333336  509.86612134656934
0.5  56.333333333333336  496.76768211886997
0.6  76.0  328.63292683096677
0.7  49.666666666666664  470.33588663796201
0.8  71.666666666666671  385.21764489835039
0.9  62.0  412.5206696420243
1.0  59.666666666666664  452.4648560685024
0.0  54.0  507.5542623485843
0.1  55.333333333333336  392.16595381968438
0.2  78.666666666666671  316.32492624015168
0.3  37.0  531.13700073073255
0.4  57.0  344.05900033061147
0.5  71.0  350.2747229071116
0.6  75.333333333333329  384.89534244691947
0.7  65.0  347.4026895026546
0.8  67.666666666666671  316.13167640304584
0.9  70.0  401.89419735043907
1.0  49.333333333333336  418.79765695473111
