2  1  146.00000000000003
4  49  148.79155378287416
6  77  98.693908538847282
8  51  283.21247172985051
10  56  229.12402458098799
12  67  211.87818840943601
14  53  371.87301574060456
16  82  135.78453465358766
18  48  432.75028293983013
20  59  631.69297252218678
2  24  146.26946134710337
4  51  146.41578928307302
6  29  293.45819100340356
8  43  235.74659542789539
10  58  187.98394245710392
12  32  640.34454190812301
14  68  263.97385919705499
16  71  294.638319509518
18  61  400.9522452441866
20  61  579.13346694670508
2  28  81.63381486529255
4  9  232.57129060084293
6  69  162.40825032452517
8  59  227.89904606755624
10  62  197.04152197887873
12  56  169.81726505179776
14  45  240.90833937388052
16  52  513.09954505566395
18  56  362.31221671282077
20  71  190.08617907881799
2  0  0.0
4  51  150.74495310705137
6  38  279.50864409181753
8  33  253.74040466746413
10  62  186.08073926226183
12  50  163.27578466808865
14  79  179.34030491275922
16  74  272.55977002278047
18  68  273.51648591819776
20  85  160.46399272475216
2  39  128.73938553970257
4  20  250.38016098776092
6  32  235.04931390480897
8  37  157.4400077597339
10  58  196.98156545414631
12  68  265.57127298783121
14  67  172.94698644298026
16  74  187.91655325983439
18  69  219.14497158363324
20  55  300.72753364531593
2  8  139.6930134360519
4  52  95.535632353972986
6  40  213.10796577763804
8  78  87.906942572446383
10  57  239.6807855643105
12  63  355.17671778090846
14  44  278.45004332327869
16  61  440.8932892200134
18  76  120.71583452975275
20  83  174.59758048024591
2  22  149.35595692949661
4  49  183.31219239600921
6  54  158.92685320956011
8  70  151.50719468175197
10  62  211.15443529616195
12  47  311.19845519504378
14  46  456.85855141445074
16  63  258.49761903897524
18  73  333.78725408936458
20  76  249.14717102006006
2  67  82.631626059499879
4  44  157.76172049704186
6  42  216.95919597391568
8  57  110.83120725569437
10  51  271.6000969112207
12  73  183.17130513296362
14  54  500.22411764404478
16  77  254.18186509797272
18  84  108.25363111762869
20  86  106.4369215577339
2  16  173.42987101671494
4  41  184.67719439208437
6  54  271.53908666091928
8  37  295.03918369886838
10  66  157.36813153962626
12  68  180.80202989473298
14  69  229.98084083824813
16  47  473.1846244815581
18  34  615.89422194205724
20  76  262.40013058042734
2  28  80.694963644612997
4  21  173.6532924577852
6  49  220.44305672821946
8  42  132.21834883024718
10  57  271.45254344356454
12  58  207.40063417780527
14  75  157.26525877147012
16  78  246.02855320639128
18  72  202.98899468557582
20  66  334.001999703585
