10  77.666666666666671  286.38955023785081
15  71.0  395.61248133560252
20  65.666666666666671  280.9819011045974
25  77.333333333333329  612.75574365416151
30  82.0  532.28454955216091
35  74.333333333333329  645.93008380614492
40  86.333333333333329  401.84776137333193
45  87.0  402.26249947159818
50  89.333333333333329  287.91401828428599
10  68.333333333333329  433.57612359971182
15  57.666666666666664  524.16884697215357
20  78.333333333333329  426.20119487837417
25  82.0  431.89944154641728
30  79.333333333333329  593.03918217585021
35  77.0  645.38021160650203
40  85.333333333333329  517.04843977906307
45  81.333333333333329  556.45536963605218
50  88.333333333333329  454.49862822866635
10  56.333333333333336  497.90413160185102
15  83.0  378.80260806483608
20  77.0  456.83095647733882
25  80.666666666666671  435.76431480697789
30  81.0  479.10681784417488
35  81.0  385.4437817655969
40  82.333333333333329  609.30123333405527
45  89.0  352.58021060885869
50  89.666666666666671  365.55072061497737
10  62.666666666666664  387.26952376154691
15  72.333333333333329  482.11797718587951
20  79.333333333333329  410.60397445396211
25  80.666666666666671  470.34509502161785
30  84.333333333333329  501.31262354367709
35  86.0  509.93117105317634
40  85.0  631.43698955812317
45  89.333333333333329  458.33584541303213
50  87.666666666666671  420.58467391758882
10  70.0  415.98790881523581
15  77.333333333333329  366.97474995232994
20  81.0  485.99335576469406
25  84.666666666666671  372.99985916622518
30  79.333333333333329  561.34011041416466
35  79.666666666666671  565.98694722146888
40  91.333333333333329  302.96674432434276
45  89.666666666666671  353.53070124315786
50  87.666666666666671  384.56025213914188
10  59.333333333333336  390.5342778631188
15  69.333333333333329  514.61221080886423
20  74.0  461.21090448580736
25  76.333333333333329  645.7924176778107
30  79.666666666666671  412.20207123004514
35  82.333333333333329  582.49677869041454
40  83.333333333333329  425.52303466944988
45  87.666666666666671  401.80237816379514
50  93.666666666666671  238.3060878270206
10  47.666666666666664  442.67319545706056
15  82.333333333333329  347.73520402594681
20  72.666666666666671  522.60237116033159
25  86.333333333333329  398.42481216656034
30  79.333333333333329  555.23358866743649
35  85.666666666666671  520.39460172158715
40  91.666666666666671  339.405380047721
45  92.333333333333329  249.40236984432767
50  85.333333333333329  547.69665229654868
10  49.0  447.85198720396846
15  75.0  403.93201568027621
20  74.0  616.44205526755661
25  84.333333333333329  484.57401563063559
30  84.333333333333329  409.64938528548282
35  82.0  482.86738851736385
40  82.333333333333329  546.26976677020173
45  88.666666666666671  410.7131445253861
50  86.0  539.71812031086336
10  51.666666666666664  434.70602310688793
15  70.333333333333329  409.09806961622422
20  77.666666666666671  508.03096603230739
25  88.0  457.03966375888393
30  84.333333333333329  320.50008218066677
35  85.333333333333329  387.49166694721936
40  86.333333333333329  430.25016141654578
45  93.333333333333329  238.68200432261989
50  90.666666666666671  340.17473260731219
10  58.666666666666664  458.09778210828387
15  74.333333333333329  376.56134237953859
20  57.0  723.58627402306001
25  86.0  337.6949838662851
30  85.0  408.02200029540728
35  86.333333333333329  467.72165416849498
40  83.333333333333329  466.65819081732263
45  89.333333333333329  425.96886924871086
50  88.0  449.6148745979836
10  75.333333333333329  377.68916933943581
15  69.333333333333329  583.89049539333632
20  77.333333333333329  453.04397665091807
25  79.333333333333329  453.80345435251286
30  84.333333333333329  440.033407511701
35  87.666666666666671  436.73963150704793
40  86.666666666666671  450.87663362908381
45  92.666666666666671  264.85088016833629
50  92.0  309.58753999647695
10  69.666666666666671  394.00412931701436
15  66.333333333333329  520.59225952662177
20  85.333333333333329  325.95482319316653
25  86.0  393.78032911082397
30  85.666666666666671  410.54043916739806
35  88.333333333333329  380.32402286789051
40  89.0  363.09228028495767
45  88.0  352.88431007936339
50  95.0  185.93353975616057
10  44.666666666666664  460.09490531801771
15  76.333333333333329  459.89026884896504
20  72.333333333333329  549.62955390967454
25  88.0  369.49880995141319
30  88.333333333333329  359.06570884833513
35  92.333333333333329  270.31465766500025
40  82.666666666666671  507.17690929935179
45  81.666666666666671  502.74343725108446
50  85.0  607.57902327892555
10  60.666666666666664  421.89705107317917
15  62.0  536.47723112337303
20  78.666666666666671  415.21746527665834
25  82.333333333333329  493.92189084383074
30  82.666666666666671  459.43511740044352
35  93.0  252.06436514477866
40  79.333333333333329  646.30214001511649
45  84.333333333333329  508.81831806369962
50  92.666666666666671  237.99896315227318
10  59.0  402.994590358572
15  64.666666666666671  198.02618198832465
20  77.333333333333329  419.93757353238641
25  79.333333333333329  343.29699062270532
30  82.666666666666671  420.51345625758381
35  88.333333333333329  356.36694872228259
40  85.666666666666671  404.25561265006377
45  87.0  477.02830002605776
50  89.0  425.67903524459729
10  64.333333333333329  427.02236737471014
15  80.333333333333329  414.12027519838517
20  75.333333333333329  447.00565441050583
25  87.0  368.6938996792025
30  82.333333333333329  446.1759153404787
35  90.0  334.48968681317206
40  86.0  412.62705278356532
45  87.333333333333329  431.43540470535436
50  88.333333333333329  432.75383841968574
10  42.666666666666664  478.35834676124892
15  64.666666666666671  498.97184989600527
20  72.666666666666671  561.10347332547144
25  85.0  434.07435844412828
30  79.0  567.27915618693487
35  83.666666666666671  403.49250235868271
40  83.0  612.31374851406235
45  89.0  373.44107939362732
50  89.666666666666671  326.87166781773834
10  60.666666666666664  323.26314852496193
15  81.666666666666671  337.06562971932709
20  82.333333333333329  455.27891932649959
25  80.666666666666671  418.81033189689248
30  90.333333333333329  301.12685346605065
35  79.0  557.89589792101424
40  83.666666666666671  514.84472542165679
45  88.666666666666671  333.46338457170992
50  91.0  393.82423736261558
10  68.333333333333329  363.55264801357703
15  65.333333333333329  381.93906248171618
20  80.0  454.47216867793105
25  87.0  349.59877691617044
30  88.333333333333329  342.1456790026761
35  83.333333333333329  541.84136315974752
40  81.333333333333329  670.23144376365178
45  90.666666666666671  257.67796067200885
50  92.0  287.24012437131108
10  53.333333333333336  556.02718849416215
15  74.333333333333329  479.74671405383521
20  73.666666666666671  446.26519088766167
25  75.333333333333329  493.57785036902953
30  90.0  293.89615392959428
35  84.333333333333329  580.71872411581194
40  88.0  365.88774608492918
45  86.666666666666671  512.81950768868876
50  91.666666666666671  362.6542595346279
10  62.333333333333336  465.61056703607665
15  70.666666666666671  510.74213323652208
20  78.666666666666671  365.17536542758802
25  78.666666666666671  584.58646019762182
30  82.0  515.79874597432752
35  89.333333333333329  405.78715946122031
40  81.0  571.63484716171001
45  94.0  254.36459330167597
50  93.333333333333329  297.57460339130296
10  31.666666666666668  195.68959309257744
15  70.0  446.66283594131511
20  75.0  424.1865829662168
25  70.333333333333329  648.28602596702274
30  85.666666666666671  397.5677521069511
35  79.666666666666671  390.83361299815118
40  88.666666666666671  417.56126079133401
45  92.333333333333329  277.48757685510503
50  93.333333333333329  260.01490275902466
10  64.333333333333329  395.76684050279715
15  70.333333333333329  405.33660527012051
20  73.0  505.89397228486365
25  75.0  474.36589900563922
30  83.0  426.57195435156495
35  88.333333333333329  276.99617136517008
40  86.666666666666671  428.37224794980835
45  88.666666666666671  345.45542872195102
50  88.333333333333329  460.91353608405041
10  64.0  431.16049802775393
15  71.666666666666671  504.60696396512117
20  72.0  466.21346424752358
25  80.333333333333329  465.99634920685673
30  82.0  517.47415455723115
35  85.0  477.37987570832342
40  86.333333333333329  395.44950672459385
45  93.666666666666671  276.50276504811518
50  90.333333333333329  321.6581579036847
10  58.666666666666664  425.78476831260866
15  77.666666666666671  428.60316265940742
20  79.666666666666671  386.08361827500642
25  82.0  504.62469293787655
30  91.666666666666671  283.26702338211578
35  87.666666666666671  425.08515463918764
40  85.666666666666671  488.31446754073801
45  80.333333333333329  802.76856406931688
50  86.666666666666671  444.77972878324317
10  55.0  396.91007017501079
15  68.333333333333329  452.33488653491713
20  78.666666666666671  495.35708301925655
25  76.666666666666671  567.75509988129375
30  71.333333333333329  601.20126372413472
35  83.0  575.88548806447147
40  88.0  464.21599071951186
45  84.0  451.84051745258387
50  87.333333333333329  474.74191852708543
10  78.333333333333329  273.3221071344243
15  79.0  367.206630660673
20  72.666666666666671  452.3201037258724
25  79.666666666666671  549.10158528411682
30  80.333333333333329  497.83641950672916
35  86.666666666666671  405.47526130103495
40  91.0  315.46066135899912
45  92.333333333333329  281.87330194494319
50  93.0  270.75524837644559
10  66.333333333333329  434.03478023969052
15  69.0  456.56038903542014
20  81.666666666666671  403.90340116211632
25  89.666666666666671  293.19936165189313
30  76.0  691.93961315822366
35  83.0  579.44047138135545
40  90.0  344.34041952774521
45  84.666666666666671  465.49361953774991
50  88.0  484.05305781413188
10  58.666666666666664  561.15049925069695
15  69.0  386.35686979296986
20  75.333333333333329  564.35262264731705
25  88.0  325.26492258040639
30  80.666666666666671  472.74668845650717
35  85.333333333333329  498.26786366585878
40  89.333333333333329  393.88925762097369
45  86.666666666666671  361.11121739437988
50  94.666666666666671  213.86069044882359
10  73.0  386.75053685246104
15  69.0  354.5263769506426
20  74.666666666666671  503.53896192691406
25  84.666666666666671  339.15175280421045
30  85.0  425.83504087938917
35  72.666666666666671  705.40072065699815
40  88.333333333333329  357.01505696890513
45  85.666666666666671  387.90535425878232
50  93.0  286.31464907748858
10  67.666666666666671  364.11421464464144
15  57.0  359.0891665557532
20  77.333333333333329  492.95902775115758
25  79.666666666666671  609.34131275374125
30  79.666666666666671  642.98450337761381
35  87.333333333333329  401.91607301838889
40  88.666666666666671  406.79350649466147
45  88.333333333333329  451.2705897992933
50  89.333333333333329  415.17777614376791
10  67.333333333333329  398.25509653256364
15  69.666666666666671  469.85939694674352
20  81.0  316.01351155980666
25  88.333333333333329  304.30085880964322
30  75.0  592.60170461313089
35  85.0  526.06314058813746
40  90.333333333333329  353.82276362887751
45  85.0  460.71817594038868
50  92.333333333333329  303.85068302359718
10  59.0  480.24948985574434
15  72.333333333333329  455.37480610025779
20  73.666666666666671  543.86254265390346
25  80.666666666666671  549.48972673254923
30  84.0  424.50374901160711
35  79.333333333333329  711.1126446012961
40  89.666666666666671  355.26653834818211
45  87.333333333333329  466.98756823110284
50  84.666666666666671  518.03910093644288
10  67.666666666666671  401.39984280339797
15  67.333333333333329  498.00110012250326
20  72.333333333333329  480.67803582287553
25  81.0  556.79115233410596
30  85.333333333333329  371.71139020057035
35  85.0  435.89161538188273
40  91.0  409.20205511727795
45  87.333333333333329  435.50448872118096
50  88.666666666666671  385.0559008370077
10  77.666666666666671  321.48057332804734
15  58.333333333333336  556.92441484564449
20  69.333333333333329  495.27081897485158
25  81.666666666666671  584.71876604861745
30  88.0  415.27669251201945
35  86.0  471.55022115991153
40  88.0  361.09085606770822
45  84.0  579.65339905811231
50  90.666666666666671  364.04005984052475
10  60.0  372.23615828721597
15  73.333333333333329  462.34273641104295
20  80.666666666666671  333.80994103167814
25  83.666666666666671  318.52414983692256
30  87.666666666666671  363.29547557498245
35  91.666666666666671  305.99034539803807
40  87.0  416.89472064220769
45  85.666666666666671  516.61702648434755
50  92.333333333333329  277.55794840630631
10  79.666666666666671  339.56321730893922
15  75.0  422.97695514385759
20  76.333333333333329  469.61574326154124
25  86.0  396.5440060257414
30  80.333333333333329  586.45294954787607
35  80.333333333333329  571.12514606400373
40  89.666666666666671  322.06252433545484
45  90.0  463.6269359680478
50  90.0  293.02631615152239
10  56.0  347.3329249703736
15  67.333333333333329  428.2816077258347
20  62.666666666666664  443.30925387144202
25  86.333333333333329  373.33005124072002
30  86.333333333333329  334.66972800245571
35  84.0  452.71952904226799
40  84.333333333333329  432.5395606242908
45  90.333333333333329  423.13071829570612
50  79.0  452.07038338217802
10  57.0  463.66786929084162
15  66.666666666666671  389.87517942340463
20  82.666666666666671  388.1846050492594
25  83.333333333333329  389.51990922510265
30  87.333333333333329  313.83148806314841
35  80.0  707.92075890901447
40  88.0  373.90801352172775
45  88.0  378.53809879617529
50  92.666666666666671  300.47594654173344
10  71.333333333333329  294.19285843858864
15  74.0  490.08511610307698
20  76.333333333333329  515.16670250539232
25  82.0  393.46496232013129
30  80.333333333333329  562.4829849292023
35  86.666666666666671  393.70702675087523
40  82.666666666666671  305.03132304170191
45  92.333333333333329  362.5276301584737
50  83.666666666666671  474.88641014848321
10  64.333333333333329  412.35330123519077
15  64.0  441.63099666965758
20  71.666666666666671  492.31357813189271
25  84.0  455.79361580694462
30  87.666666666666671  368.10759774689615
35  85.666666666666671  387.39680758524082
40  87.0  390.04093546512223
45  90.666666666666671  445.31774738191075
50  87.333333333333329  423.27302369249759
10  72.0  420.18767388903689
15  72.666666666666671  443.08036009273007
20  79.333333333333329  561.8175481666733
25  80.0  471.36972136848908
30  86.333333333333329  379.274655269964
35  87.333333333333329  371.82192973210596
40  89.666666666666671  464.53399448018519
45  87.333333333333329  441.1855332320531
50  89.0  413.68458494765912
10  67.666666666666671  405.55407515881791
15  74.0  453.28731187033395
20  66.0  595.13496452759125
25  86.0  477.25997125370026
30  80.333333333333329  575.26388039665915
35  79.333333333333329  495.14356469075267
40  88.333333333333329  422.50115206958804
45  91.0  287.52690006348513
50  87.0  451.06408952336653
10  50.333333333333336  494.45056327357725
15  68.0  487.26964771263908
20  68.333333333333329  502.85506995370014
25  80.0  449.5200991504426
30  87.0  366.39387309944868
35  86.0  459.7586562870606
40  86.333333333333329  495.46953630015201
45  92.333333333333329  380.91173141888248
50  92.666666666666671  292.08303775805877
10  62.333333333333336  504.11477102845737
15  69.666666666666671  470.36400446578961
20  81.666666666666671  384.96271946945001
25  86.0  331.09864235218868
30  80.666666666666671  493.12817191833682
35  90.333333333333329  331.86770699321085
40  80.0  496.65337958833788
45  90.0  375.94152823523615
50  87.333333333333329  337.1141761148541
10  59.666666666666664  389.97575321937364
15  73.0  477.74794190517491
20  75.666666666666671  498.18984620569341
25  80.666666666666671  465.26074648917364
30  87.333333333333329  424.55652441213289
35  87.0  408.79236553891275
40  79.333333333333329  542.12282793800671
45  88.0  382.76602967540788
50  86.666666666666671  457.94103272779887
10  74.333333333333329  413.21965826930943
15  68.333333333333329  458.41978651742545
20  68.333333333333329  651.74155510283867
25  81.0  434.72149190410511
30  85.0  476.10051973353251
35  81.0  484.57409028262191
40  81.333333333333329  509.30776291522352
45  89.333333333333329  397.06585236220803
50  89.0  408.99889375132693
10  53.0  518.00406353193694
15  86.0  309.8150398636194
20  89.333333333333329  336.37265317469394
25  78.0  451.6827560792089
30  84.0  472.96722273228607
35  83.666666666666671  496.64684586535162
40  86.666666666666671  279.04795581421388
45  90.333333333333329  407.86011698482332
50  94.333333333333329  212.64737121091085
10  58.0  404.86147762959979
15  68.666666666666671  468.49309644068552
20  76.666666666666671  532.50525690792074
25  87.333333333333329  330.05810777950694
30  85.333333333333329  353.15777799118541
35  83.333333333333329  503.89661575142799
40  80.333333333333329  466.13951289628625
45  87.666666666666671  417.70292526739195
50  90.0  403.91289287221076
10  52.0  467.10534151823833
15  72.0  518.84059704033723
20  85.0  396.93291209992833
25  83.0  521.54413087470869
30  87.666666666666671  283.02314286323002
35  90.333333333333329  346.49843349042908
40  90.333333333333329  355.90099052351627
45  89.333333333333329  349.73750525643106
50  92.333333333333329  245.31379886608354
