10  70.333333333333329  414.6855002125464
15  85.666666666666671  376.16809200309683
20  91.0  347.9074866488051
25  80.333333333333329  559.52196471457034
30  88.666666666666671  493.44154330396805
35  85.666666666666671  499.1962677980739
40  93.0  356.54165724906909
45  94.0  352.04242331776737
50  100.0  191.19217545749308
10  61.666666666666664  391.61240333607429
15  75.666666666666671  442.2503067845671
20  79.333333333333329  475.8691306947548
25  83.333333333333329  526.13814710785061
30  86.666666666666671  471.14724025883828
35  92.666666666666671  344.89228731079038
40  90.0  427.12077267187294
45  92.333333333333329  361.73461831129225
50  96.666666666666671  257.49952979588187
