1  98.0  258.98900501764916
2  93.333333333333329  314.22116382739961
3  92.0  367.80664313870642
4  83.0  558.69591449004781
5  88.333333333333329  410.3811446986046
6  86.666666666666671  474.88843281110553
1  95.666666666666671  245.00190399959783
2  88.0  353.8377087595648
3  93.333333333333329  323.59760209699141
4  89.0  417.81261252313851
5  86.0  494.81921438671026
6  85.333333333333329  511.74464306766157
1  91.666666666666671  299.75843991530763
2  94.666666666666671  303.93920328695447
3  83.0  582.92205099671514
4  91.0  400.42527432974452
5  89.333333333333329  389.7624407360251
6  84.333333333333329  538.01187610075885
1  100.0  199.4612806104652
2  98.333333333333329  229.26498830706308
3  95.666666666666671  280.87042106537842
4  87.333333333333329  464.07558990074176
5  84.333333333333329  495.79871541469242
6  82.333333333333329  607.122406551209
1  97.666666666666671  208.91165007419653
2  92.666666666666671  351.04278793404882
3  82.0  600.97077998552174
4  83.333333333333329  572.52714927592956
5  89.0  419.65310951110706
6  80.333333333333329  686.82859260152441
1  99.666666666666671  214.22379862451828
2  93.333333333333329  296.05114593257707
3  88.666666666666671  479.73090882309083
4  85.0  527.74592193620163
5  87.0  416.51053583541272
6  81.333333333333329  589.67759943302485
1  96.0  233.32731844587133
2  95.666666666666671  296.58620677661997
3  88.333333333333329  463.36331832053827
4  84.0  460.29787257089237
5  84.333333333333329  499.07293595325297
6  85.0  451.48440635364619
1  95.333333333333329  304.18687385082086
2  91.666666666666671  381.98262201815612
3  84.666666666666671  495.91007340695774
4  91.666666666666671  350.72038020109284
5  82.333333333333329  552.12097529492871
6  88.0  457.5396047194975
1  99.333333333333329  201.90520497941429
2  91.0  309.10733361131093
3  92.0  357.86584780158472
4  87.333333333333329  466.84471636835679
5  81.666666666666671  612.9542041556482
6  79.666666666666671  636.25314120246117
1  96.666666666666671  259.72095185387991
2  95.666666666666671  309.68188330217146
3  87.0  503.52424462044883
4  81.333333333333329  583.07639380558874
5  88.0  458.87692603414519
6  80.333333333333329  628.90150949998963
