6  36  186.8954016764701
7  12  369.91943282648191
8  36  258.32501596823516
9  62  176.36981402857822
10  60  254.43770134272995
11  63  267.83973592014405
12  37  224.71086957477769
13  48  308.60021823221814
14  78  164.85120242930435
15  83  149.35933098371993
6  41  203.24133002529442
7  48  213.75560104424065
8  21  407.36754738166616
9  46  230.92115598845933
10  54  243.33600529827146
11  56  288.7379027337949
12  49  302.09645251593736
13  71  187.31139887507237
14  73  202.74722002140555
15  84  101.07414920430223
6  57  96.83835961695786
7  38  379.24897897931913
8  69  119.94341700006613
9  29  526.04913815310067
10  57  193.291965776919
11  71  98.97260685365876
12  52  366.42378803656737
13  34  539.86953918576057
14  80  210.24767588832657
15  93  70.041176721992031
6  22  295.57581121560673
7  45  327.08241607448599
8  47  336.38474580131327
9  52  200.29835886770073
10  72  143.99145532673415
11  43  396.42033639650793
12  46  301.94658036388665
13  72  194.26703820327205
14  69  224.58654035555787
15  54  464.60182402708188
6  38  378.61569926760086
7  52  150.28804607041729
8  45  316.76054289779114
9  73  105.20070701830653
10  61  244.93179766021569
11  45  447.12262697072526
12  67  190.65572738772181
13  75  178.52245648597506
14  62  237.19191226934359
15  66  261.17483591732054
6  18  138.21894380485716
7  37  310.76470539509467
8  51  249.83219150710067
9  30  56.287362468344092
10  37  410.96449998153105
11  65  227.27703105338631
12  76  185.2225047942909
13  76  170.11244056710103
14  81  136.74902202494201
15  38  545.26390486324408
6  54  134.18239474741029
7  40  198.98944212192129
8  50  198.13980973832193
9  66  159.38002895018539
10  80  130.50960665537866
11  77  135.4655995845911
12  48  207.78985329546072
13  82  108.29346676092439
14  83  106.43364812791862
15  73  225.51520881405102
6  60  221.2626100707335
7  40  126.63013255249852
8  38  183.90205681977781
9  45  384.62173130210579
10  34  534.14369526571295
11  78  155.41737929819783
12  78  160.08103714664122
13  52  265.10470295976472
14  74  181.70990504851224
15  64  192.7871835438815
6  43  229.61645510925567
7  24  166.27784010935267
8  60  169.27731080131198
9  50  162.34431729878838
10  48  228.98905515489741
11  48  336.89010292965287
12  55  299.51844802317316
13  67  285.05958963743717
14  83  145.57719987084354
15  86  100.21354230452148
6  40  129.38447143685096
7  36  171.09707269679345
8  42  172.40675653457109
9  77  118.51732294152855
10  47  288.64198780576413
11  65  211.34027693136358
12  81  100.6113857757416
13  61  264.35770912310312
14  67  289.55958303295256
15  75  161.54030860518213
6  42  145.15502785166987
7  45  231.24444642793375
8  53  48.621586656264697
9  33  305.90522950463242
10  53  192.20303290794678
11  53  229.54343487337491
12  79  150.60875257344938
13  65  203.97024311936502
14  79  174.26136842459181
15  62  360.20950273968236
6  27  193.10645393884204
7  27  304.93770665246404
8  49  158.73895174098215
9  39  327.86352308918333
10  76  107.46747732999394
11  60  403.32302207534065
12  66  199.893781008491
13  70  216.11800100678681
14  76  157.78746190902166
15  68  272.16022379389489
6  43  144.28034738593826
7  64  117.90913330475908
8  43  207.00585733771373
9  57  220.3598701746055
10  43  301.59948812266538
11  62  192.63581706334145
12  82  115.59040956148279
13  76  176.52474912956822
14  49  329.56019025457408
15  58  425.25292627076641
6  42  145.48912231424887
7  55  107.051745502971
8  16  345.54054487710766
9  25  286.10489333768379
10  54  208.58074165056391
11  68  198.3316174013666
12  74  166.53527485956872
13  75  138.5835242788155
14  82  113.46963986880523
15  93  50.407867623573928
6  49  321.80052602825708
7  40  289.53762406648116
8  48  222.77376607217641
9  60  179.26283054921058
10  80  116.67765250538054
11  65  214.27669938872882
12  56  331.96298947219589
13  66  290.60808381995145
14  82  156.84521751224756
15  92  76.75313939778772
6  41  281.71161703101893
7  49  320.02985668883895
8  29  570.52591502441408
9  54  262.14825091709474
10  67  187.73371198799373
11  74  115.67124493360521
12  76  117.89845363009475
13  90  83.479740927337133
14  79  126.96531569110293
15  78  194.39296014875015
6  36  279.84151240035408
7  36  360.34838198934085
8  47  283.81902738843183
9  49  227.47716155487936
10  72  179.23790820353528
11  44  467.38169656710562
12  66  234.65247420610066
13  65  273.61222525892089
14  82  133.08007968245479
15  91  71.591885063374406
6  47  131.31422838194803
7  74  132.11604897263393
8  48  164.95969731316916
9  56  221.76348858141128
10  65  289.26589752028013
11  58  289.02301027098628
12  40  532.82732968023345
13  76  182.47972452848757
14  77  209.07324352950459
15  81  135.1509004644812
6  16  152.31540255206923
7  19  421.5466034072677
8  44  335.3449750190826
9  60  215.1275542307398
10  51  139.40422147852985
11  62  213.42254723249508
12  82  91.022255440317394
13  65  298.47216792023283
14  67  201.6599380197259
15  94  47.989962757927728
6  32  168.33907925826784
7  46  272.7881716234013
8  62  152.2755241305903
9  52  258.29179737347044
10  52  260.77447635717772
11  73  162.82101260900518
12  40  290.11631435018467
13  88  82.982802254465113
14  85  116.24016303732267
15  73  201.52692450699507
6  63  82.638548027482045
7  52  286.97418477636006
8  46  209.73946828026698
9  46  316.09525638458109
10  60  221.63735605891139
11  74  179.47503022572752
12  76  135.6498588706894
13  67  243.00517162226794
14  76  197.89860517402241
15  63  317.04734372753381
6  40  157.82811798188081
7  32  214.1021243567408
8  39  256.48549338456922
9  61  202.45491335161574
10  50  304.45089979706131
11  70  214.23461285123852
12  73  187.6417347010204
13  50  287.88969787946758
14  76  219.04713976766075
15  73  168.31226115087199
6  23  185.61776785661274
7  37  331.0450638178026
8  36  272.92099552870923
9  35  478.56694506418722
10  70  152.14889498598836
11  41  411.64336031608764
12  74  205.84478126030285
13  57  223.66696322930548
14  83  153.94745462594696
15  73  195.91755082091504
6  35  279.60340756141375
7  35  170.43257062385774
8  59  213.88094682852395
9  51  282.00390800702297
10  54  205.95889212566257
11  50  371.05986993979934
12  75  188.36354097591507
13  62  264.76043723906679
14  75  187.85062894039643
15  58  414.10905894142638
6  68  90.002464655531625
7  20  458.77120345798687
8  75  74.215074709937269
9  75  161.52309842379347
10  51  241.11133937929594
11  63  318.25856490535415
12  82  93.380799776810903
13  73  199.38264092166222
14  64  337.9181556211492
15  83  167.48997164266868
6  24  217.83952846850985
7  22  322.52231767981789
8  43  207.62215620745729
9  47  174.6440964237577
10  65  180.97930907357681
11  61  251.52455138648116
12  48  325.11909055571789
13  63  267.50588677975639
14  69  270.16174193756132
15  64  211.22327856597823
6  32  290.86527238954778
7  40  124.65582634370338
8  45  178.97260391806995
9  66  75.268634678508306
10  26  643.13699690651924
11  59  348.1651016845633
12  68  226.46052096410128
13  53  406.42958149959304
14  73  245.12989656264006
15  87  109.16192525077935
6  33  288.2505471468844
7  43  281.21979548810685
8  33  293.0168255562379
9  67  166.89821464929611
10  38  252.06488152527339
11  64  237.16083278902272
12  72  231.51621082933283
13  75  193.75884802496006
14  55  337.29841313369928
15  84  128.03046477558641
6  56  153.25982177812989
7  22  320.853706817378
8  32  277.94289879975537
9  41  360.89836278009193
10  23  541.12447173111923
11  52  261.71778629446464
12  76  132.09647337120876
13  71  201.70981504355404
14  66  224.99867810262779
15  74  260.90845235700607
6  73  112.12921174861145
7  51  202.7550812279589
8  48  240.02142438849174
9  53  341.48983907553611
10  65  215.14085132735215
11  53  257.55050474508431
12  59  335.04855476555412
13  77  205.0626408893763
14  82  152.8013530042208
15  86  117.82536382089633
6  33  151.77493176438176
7  40  267.36502735001193
8  50  224.30943112977479
9  53  265.76661001158323
10  75  116.67418286395821
11  52  323.88823360033621
12  74  124.63811003338704
13  80  178.90068181847414
14  78  166.76612953399402
15  58  338.79562191741547
6  51  127.54945338477427
7  31  167.08636853590531
8  32  248.51645274837168
9  37  364.34442784528676
10  59  293.72856218974653
11  47  304.58825745042708
12  56  225.5425981737954
13  71  147.3915641744756
14  79  160.92866095334421
15  79  231.17561143756373
6  45  110.03276303209336
7  41  164.04822598723806
8  54  216.60779473184962
9  59  184.37505460863412
10  45  299.09651779954407
11  42  336.54522423005153
12  71  170.43822520394733
13  88  85.224819944871768
14  72  150.20457908699564
15  75  180.11865125621736
6  32  188.66570664139149
7  47  233.25717460802903
8  42  273.34559293980385
9  45  199.39273623430336
10  43  311.41267072087845
11  55  373.5740952881643
12  57  370.18625159634041
13  79  154.44783699355617
14  72  268.81279256361597
15  78  165.88613906324093
6  47  144.90738962150954
7  39  266.4919022954615
8  54  149.91398625765376
9  69  186.03127949075281
10  76  342.05656851920872
11  65  157.56444743177525
12  74  146.83778366517819
13  57  239.83355501030854
14  70  167.93718431742136
15  90  59.86222946935559
6  52  263.32421715859522
7  67  107.84990608547635
8  32  349.24030181210179
9  62  149.95093843978239
10  42  240.16275486038097
11  45  322.52555524840585
12  82  116.50285241492625
13  75  214.73825079963424
14  65  220.64868189558666
15  83  160.26648615747459
6  39  184.2395956708643
7  32  158.11979448547601
8  38  259.3646006770673
9  38  386.4177490491428
10  74  159.84312056263241
11  76  129.03344101301269
12  44  439.18823750131003
13  76  211.70631202569166
14  83  113.42139096410203
15  84  132.54348955063793
6  14  301.25005158692505
7  58  77.491753771346282
8  79  64.846199600852174
9  50  343.73927922101745
10  75  142.29363672913084
11  50  229.05601134443233
12  59  367.4234161282443
13  83  163.61737768151229
14  90  47.929187486516199
15  75  221.69492439909331
6  47  101.33460076243664
7  44  226.76892060303618
8  41  398.61499117575437
9  34  247.56063738181479
10  65  300.72865848238735
11  57  246.55574035416637
12  75  147.36180093018234
13  83  84.387721233477521
14  91  66.013552762211788
15  83  165.47013539437512
6  25  208.68598813047134
7  54  163.45807159818099
8  58  139.03931156555848
9  43  245.87825615989908
10  58  301.05011021980704
11  70  240.8614380069032
12  54  369.25327826295796
13  88  103.56790401667405
14  54  316.92692325290716
15  76  182.17009905581685
6  40  196.52813171662359
7  42  230.84615485125931
8  23  241.85784862608691
9  46  248.20118737603187
10  62  279.14842137130773
11  64  213.40141882324369
12  82  110.39640543136261
13  50  281.00667470237471
14  94  42.576404367804656
15  66  290.24466310842109
6  21  247.2718675552116
7  35  214.36136577357621
8  54  206.51589569738326
9  36  298.65783741250419
10  66  138.01784902666435
11  31  466.00489439192364
12  80  122.89238797387426
13  86  142.75053655355345
14  83  120.49119651519959
15  84  135.343734672762
6  49  61.557498008000515
7  57  194.10929264348869
8  58  160.59564136817426
9  55  263.78986561416286
10  45  406.1912316507487
11  72  185.24670886009957
12  17  494.245015042712
13  90  81.749674760986252
14  72  254.48003981340614
15  87  100.97855439729182
6  42  178.71994113977217
7  28  536.31171673086658
8  55  215.11545978999021
9  64  290.18149760626505
10  78  142.48830205614092
11  68  317.01641675498126
12  73  109.19445956864624
13  66  328.83019991383924
14  73  199.1861218281214
15  73  187.72701573424024
6  20  388.29502579214795
7  37  147.24395798964281
8  32  258.31625768776382
9  54  268.21993670657878
10  48  332.50525664345616
11  70  167.08142223925017
12  77  207.48418639875905
13  76  279.42688942052638
14  82  178.51433147640836
15  82  135.3099095444565
6  10  263.95223702146552
7  47  102.56697584211047
8  40  277.25410873416956
9  38  330.39635424015808
10  65  208.22316410467388
11  72  197.09406961423727
12  78  122.81546130843253
13  77  104.8539523961274
14  84  77.288242549232677
15  80  147.48225460330437
6  33  167.03204229136378
7  30  441.62479794216006
8  22  394.64325344585762
9  36  258.73171997950828
10  20  396.86405151052372
11  31  441.04616792817842
12  81  73.218059712668889
13  42  515.24548430532377
14  88  98.975843199694523
15  83  145.70318633269562
6  24  182.12847600108827
7  34  342.86852865068818
8  32  373.04134670081316
9  51  216.72659379697623
10  63  331.95880829581142
11  53  384.03939898106142
12  64  250.60273267705779
13  78  170.06469893635213
14  68  241.75474134962769
15  68  258.16341370550225
6  33  231.27794909681774
7  25  212.59738902698126
8  39  226.0477044777424
9  33  435.77786020775631
10  71  213.89051855645542
11  92  48.323813176750662
12  43  316.94434807793539
13  63  327.28305781766124
14  90  77.88913611454241
15  84  139.15267408022234
6  27  273.3569581533248
7  61  120.90575946699377
8  49  369.15022708147876
9  61  191.30675949990595
10  71  172.29675542657128
11  65  170.53826658447332
12  72  224.72588302182942
13  89  141.67052865363956
14  77  179.70440982900928
15  52  463.92361584261982
6  34  172.99697784355962
7  36  204.65222423150149
8  60  147.7041767098913
9  78  115.64401434985099
10  70  149.6767123187625
11  88  75.858428856210139
12  75  178.08267537428628
13  70  232.18118624888663
14  60  321.0912028415197
15  76  197.89175888455128
6  41  278.76801520108825
7  39  239.61285791968075
8  39  282.96538457297379
9  53  267.83942091111601
10  66  199.50363308972322
11  66  142.27767860211935
12  72  263.74453612319883
13  74  207.80451161287371
14  90  70.784712889179133
15  88  94.080436992037704
6  50  223.44543669544649
7  31  97.732086445472277
8  31  379.01176861339934
9  49  437.10701653307956
10  78  114.81551673076434
11  83  116.50708924588959
12  92  61.458038861357515
13  54  450.60039403836373
14  79  152.3280179134282
15  73  193.09933913511028
6  47  156.36981183431396
7  47  208.87983502854129
8  34  232.49367522669991
9  52  281.666075941418
10  40  401.07221871707782
11  53  332.73790425865582
12  61  310.1697012896438
13  68  299.6561729511676
14  78  151.88572754533422
15  61  355.36915206863802
6  41  212.60088914471535
7  63  155.58461856117194
8  52  237.13787156609854
9  34  390.11206281287372
10  86  50.336027388981037
11  75  144.36766852615236
12  55  288.94219137771637
13  56  235.70422802002111
14  85  111.74962758771545
15  85  133.68025196752825
6  37  110.60794702961208
7  28  182.89698622539834
8  57  289.67720713362115
9  50  245.4297723673649
10  65  180.06856749769122
11  42  330.16982709160879
12  79  157.66104463103107
13  62  337.35621530656493
14  63  183.75853084361577
15  70  232.62014737134342
6  52  224.61240577461848
7  62  172.97623552153141
8  30  171.77561269102904
9  23  254.0639644020352
10  35  429.12545565000664
11  85  77.681465820013514
12  31  314.25991783005742
13  57  360.52649546804861
14  71  281.88502821932377
15  86  101.12445730307172
6  22  167.19752218299604
7  27  307.36464685934959
8  51  141.34876602029101
9  68  78.597708011816692
10  54  211.90830134088867
11  83  115.96833734235503
12  44  364.78054378717627
13  69  158.10205883879709
14  79  173.83333041004511
15  72  175.44512235240776
6  37  169.55511532141946
7  64  215.08709150500599
8  32  388.3706834530588
9  43  352.9374407726491
10  42  232.21780265266682
11  75  162.10063237661114
12  48  393.83291496017858
13  50  410.76128814852439
14  63  354.67746230796035
15  46  432.53183857193642
6  45  219.9502825799012
7  41  244.18340390659037
8  47  291.62879192476782
9  48  367.71331734540826
10  51  313.66076631651129
11  65  219.40235771586541
12  66  308.13783869833628
13  79  106.05184291296523
14  61  196.26517597757811
15  82  129.18130609407055
6  53  67.637887185989456
7  51  218.44275958598789
8  27  517.01871037001911
9  61  190.11279943966352
10  52  225.21589871268571
11  70  128.9497254843823
12  75  159.48543230501713
13  67  282.26278070042491
14  87  74.16484064513574
15  87  80.234538467078849
6  38  125.91170286636648
7  62  277.86435167896656
8  71  145.50705636670338
9  34  208.90171488669026
10  53  188.09419639176485
11  41  434.3259920284512
12  58  313.11359367275156
13  55  302.41435534900154
14  66  196.53297855922739
15  81  128.63817345986564
6  19  343.8205118993443
7  48  204.1936249470148
8  48  241.20054059225393
9  45  405.78980915062323
10  70  147.2718612576833
11  68  247.15298741059706
12  57  312.3346455115734
13  81  145.09836366907004
14  74  228.7193976497957
15  68  298.028652997275
6  36  281.27851493931746
7  34  303.91131009405268
8  71  180.50701201685814
9  54  308.63579058751048
10  67  147.63360022850685
11  57  250.18558226001363
12  41  306.09850439177751
13  89  95.742031882513061
14  61  329.65107606729379
15  63  317.03764267972855
6  38  286.60616401598071
7  17  349.38656298898002
8  50  186.32973999855827
9  52  196.3762014407055
10  43  290.41939107964134
11  60  200.06763004297324
12  70  153.41367063592367
13  85  106.56802167259238
14  76  173.54893895501579
15  76  155.00788422619635
6  26  135.85656968842562
7  35  159.56355014486448
8  41  364.14874271214478
9  58  243.35688394588348
10  75  164.54069795022957
11  54  274.38122753950626
12  66  249.4412929565369
13  71  191.45214361781825
14  46  383.58114069140345
15  91  58.339881188787245
6  38  141.47718396763943
7  35  270.16631837820188
8  45  131.20139746981965
9  52  276.83264316541761
10  64  216.02495483681238
11  61  241.42539307665172
12  59  223.97158763108067
13  70  210.88721808876588
14  91  71.588098013723737
15  72  255.92277733875034
6  36  198.98411161283616
7  39  125.58786889536022
8  73  106.94673097391238
9  38  220.99510918617295
10  55  208.25040427400629
11  66  107.8879901885517
12  40  391.59078339919046
13  78  152.53751601950515
14  63  234.78951800100765
15  62  300.83873541387754
6  51  241.40233692182474
7  38  294.02587568989213
8  56  219.6731290207602
9  64  169.41343056481168
10  54  339.48613037540326
11  59  315.93634493773152
12  65  214.7715138867411
13  63  224.77198655229486
14  84  119.11109516807636
15  72  214.74818768965648
6  7  47.629556773030139
7  40  374.89777462133515
8  58  257.98408374845002
9  50  228.84576512506106
10  48  226.69630245585205
11  42  427.58636959917652
12  79  170.73639351904407
13  71  170.45129227619006
14  82  148.50345528989996
15  78  237.86912505775337
6  33  238.02110930224146
7  36  235.76966926652659
8  56  258.02456572155489
9  41  183.15716187957213
10  45  513.85142990474947
11  63  263.77527071085495
12  58  193.44678795457182
13  78  164.31642397477907
14  84  157.23148599608169
15  89  93.154569417784685
6  29  298.58181153074361
7  26  420.22985872729168
8  32  435.32791184388867
9  42  311.47072835803709
10  29  490.41338054478524
11  21  394.58567471576418
12  54  363.4055382143693
13  81  124.87248120926701
14  62  391.30853946578469
15  82  118.08278176983855
6  43  222.76804159634983
7  39  241.23307911744615
8  20  187.50193593458164
9  58  267.88067869472536
10  62  231.0694758594951
11  66  274.57917083530378
12  63  307.10293680922888
13  69  264.49406462262783
14  55  293.04148099990647
15  56  296.17363067761926
6  62  78.277759445091931
7  33  235.61291629966837
8  50  318.73022258169937
9  42  369.25247386378811
10  49  251.05522322248956
11  58  389.17428766573892
12  81  164.95689196561111
13  76  160.77765512599382
14  52  274.37020109979397
15  82  140.24869718686762
6  41  106.06181932746843
7  53  198.09758217114043
8  44  351.05085403372919
9  32  409.4103462867256
10  38  364.81491893132971
11  59  187.16476964167015
12  84  142.99624907073695
13  83  99.38471492107918
14  59  319.61328969277298
15  63  268.88963209821901
6  47  202.88121509163352
7  58  216.5109533143345
8  37  378.35040823755037
9  48  234.82863401726806
10  34  450.83531240870138
11  56  287.03433606079489
12  79  141.83145972803305
13  36  625.58591372197043
14  83  134.99660453095808
15  90  74.854469361469071
6  9  307.45023377318574
7  52  209.95815326247941
8  36  360.69219522804781
9  48  323.55938973224704
10  77  93.821163720325032
11  78  133.82395813301386
12  42  265.99412875471126
13  60  255.71505746704906
14  72  244.07830501080991
15  81  201.95409045459004
6  36  226.13973598298367
7  20  272.61718922905737
8  55  184.0824136592492
9  27  308.36494411155059
10  45  333.16159381077676
11  35  294.25548114046393
12  72  213.95865701982254
13  41  444.90535253706042
14  85  99.470419535595639
15  66  322.24267396072003
6  32  294.40519937475983
7  48  212.48921874477008
8  69  116.21553651272846
9  48  349.52820467139566
10  58  259.35962544994817
11  40  406.82213799229072
12  61  251.19716245748867
13  66  280.31711070992628
14  89  67.473804364070446
15  80  183.59236301239918
6  30  205.88794679132914
7  38  305.01836120717593
8  28  316.32213089291429
9  45  272.59448601194998
10  73  158.74455244705857
11  54  300.02836418531848
12  68  258.48900877083361
13  76  230.85971810344995
14  65  294.57137222205955
15  92  53.087306661021273
6  47  200.49863275300001
7  50  248.72512621279103
8  30  225.63113665067937
9  52  145.93993355309172
10  64  168.10699236956663
11  66  176.54099282952902
12  47  351.11574549954219
13  65  266.12922869443258
14  82  153.85222929271706
15  89  103.24514982662934
6  23  150.67435987366702
7  44  207.10013659574233
8  39  283.06541402601431
9  18  751.94545086126823
10  54  295.96070018707127
11  58  287.7094066151783
12  53  291.2851725859407
13  76  204.41159332127418
14  69  237.36330987630052
15  96  28.423907813824385
6  17  196.65968910948169
7  24  296.90284019645276
8  24  191.61403211748734
9  59  212.21162663523307
10  52  246.12502959536479
11  50  353.2033453659709
12  58  271.44585059987787
13  61  296.47740903148025
14  47  483.4707014129541
15  74  162.62415850472246
6  50  101.57494046522901
7  43  336.59327338625451
8  41  210.31365795483768
9  64  169.16955811885742
10  78  125.63578411200866
11  78  232.87177830673193
12  65  221.76763552525287
13  45  331.3382793329526
14  77  184.92418703843882
15  93  71.650565583460633
6  46  220.22569015354139
7  22  240.52874639819689
8  27  358.63414783739125
9  62  212.21654265708207
10  49  255.06141092282505
11  69  182.67514143289173
12  69  230.728028965097
13  89  87.180626495117622
14  52  374.90573185008094
15  59  300.82309465373794
6  35  225.66952300992784
7  40  196.67409334572434
8  35  197.17190797834866
9  72  139.78372776913432
10  49  260.82939498085904
11  85  91.071801444727143
12  48  485.07488729363735
13  61  268.84885567183784
14  77  208.00608351331624
15  86  106.93356790808583
6  23  156.89683016917664
7  33  38.49320338669834
8  54  196.49010929895223
9  55  221.13275347883385
10  59  299.83986569703637
11  75  152.86201441041297
12  28  563.83573953914367
13  96  36.8802880620255
14  73  161.52074152591425
15  89  95.483854834553327
6  39  269.85736975605835
7  53  243.22277418221958
8  49  171.20704386435585
9  41  216.81476564269812
10  71  198.69899571824971
11  50  351.61070315121947
12  87  126.20622837861772
13  67  311.88355479862918
14  79  188.98190663662587
15  76  188.74356609789629
6  37  333.44966513325102
7  34  276.32368893626762
8  53  173.60424599840783
9  60  288.57578381360264
10  34  302.37370387162156
11  52  243.92769449185792
12  55  286.99205280021647
13  51  333.04131897816916
14  83  134.21154680176076
15  87  104.65940445345069
6  36  325.66800344517492
7  30  124.38171199354014
8  66  134.88909679323442
9  53  291.64008410467096
10  61  164.81198270294465
11  57  443.11728771005698
12  76  148.50277776805149
13  57  365.01764405984699
14  67  202.34026820335154
15  66  203.417394479444
6  29  192.48310819404441
7  38  311.92326136527925
8  37  303.09231716075169
9  60  197.66194038290266
10  64  136.83341865596566
11  55  211.06938601471745
12  80  169.87696245356844
13  78  150.59505967296954
14  70  283.62472191249788
15  65  278.30265899844449
6  57  125.72579743355303
7  36  145.62772055678005
8  55  259.14536069404176
9  53  249.08403398349722
10  60  217.41091669820472
11  59  248.11693440733242
12  62  201.16756799336318
13  59  344.62129435563941
14  78  177.3985311827326
15  70  262.60050535284927
6  62  135.6710009107847
7  8  257.55779252043692
8  22  529.19017712938626
9  75  114.85842602100294
10  66  242.60080068952701
11  69  269.83127954829376
12  61  318.63036418991965
13  67  189.68118618729304
14  64  356.36838132551969
15  72  215.19387851948102
6  31  293.0215486836936
7  45  134.50346618466037
8  38  312.28073186860541
9  61  165.72306007655183
10  59  188.42044252740317
11  53  296.75560331892933
12  77  144.19572222932911
13  79  170.07864292308284
14  81  127.76124916572934
15  65  255.82819721050109
6  40  227.9362916920806
7  23  555.15352047512567
8  45  198.99878911824393
9  61  248.59235916680592
10  48  247.8615295020262
11  57  337.0913059585294
12  65  226.38134838161076
13  65  309.09692953818745
14  76  130.16673343978243
15  85  107.28473934944573
6  20  297.52440787515104
7  24  299.47985747827863
8  33  367.55818452353901
9  30  33.604426233784892
10  68  187.33430771132601
11  55  205.1168186659643
12  62  305.26463198307152
13  71  198.84196632216452
14  76  221.11382162471048
15  82  155.5742777231055
6  23  268.75701151346885
7  20  158.06623000671578
8  34  274.05171825471177
9  59  241.62361201049777
10  51  407.11936056018561
11  51  386.73862965876395
12  57  325.14511739021719
13  64  339.13857044490112
14  86  92.042619731139837
15  88  113.14220411924323
6  39  305.0629386541803
7  47  128.92403105713822
8  53  247.2598068615269
9  52  234.73166543624581
10  69  142.8318561647651
11  77  82.342638478399152
12  82  126.39249813726543
13  85  104.63719715828979
14  91  70.225037900742251
15  58  384.67189410737024
6  38  205.46090068664563
7  6  405.21060545620719
8  58  168.33865963612052
9  51  252.67498415159537
10  39  382.94802730015135
11  47  335.89165720240379
12  52  154.5095274444347
13  69  240.2568730138531
14  94  28.630496985674888
15  72  230.79678747457291
6  39  110.44611444727505
7  71  118.51206179921098
8  64  178.33447043878201
9  71  122.18986777548189
10  61  225.72843506048557
11  50  495.26736183594284
12  84  113.56291065475725
13  48  421.57082589356423
14  69  245.45815442444922
15  83  141.68555008419844
