1  100.0  192.48793307999631
2  97.333333333333329  264.08153546149123
3  94.0  338.31277425834446
4  87.333333333333329  406.58339781124141
5  80.333333333333329  520.31832234337151
6  81.333333333333329  537.69912854453298
1  99.0  200.52203309428
2  98.333333333333329  244.68613559238901
3  92.0  357.00707950159989
4  91.0  369.52001808029172
5  84.0  543.54875589693438
6  76.0  691.59453758207258
1  96.333333333333329  261.75945741134791
2  95.0  304.87379783020123
3  94.0  300.4733862359875
4  82.0  589.65833808887601
5  84.333333333333329  514.25082919025579
6  84.333333333333329  544.00502311989987
1  100.0  167.05226872018019
2  93.333333333333329  352.80830931253479
3  93.0  325.8144669227749
4  94.333333333333329  337.65065497129643
5  83.666666666666671  578.32601041995792
6  81.666666666666671  554.24025095024172
1  95.666666666666671  309.15611770660223
2  82.666666666666671  626.23258828129121
3  92.666666666666671  362.05681658533661
4  87.333333333333329  455.28081419964485
5  95.333333333333329  256.80675207211226
6  84.333333333333329  508.60105012688604
1  95.0  311.69828357785696
2  87.666666666666671  371.53898017894335
3  84.666666666666671  540.36918480778593
4  88.0  449.47527982710102
5  85.0  531.51257261118224
6  74.666666666666671  696.10201421170393
1  95.0  249.0347817878345
2  95.0  303.79040094184995
3  87.0  509.49338736084349
4  91.0  342.80154322424806
5  78.0  675.26666444786747
6  76.666666666666671  585.64654374870065
1  99.333333333333329  199.66101338822611
2  91.0  389.8112820288485
3  94.666666666666671  333.98375299038736
4  78.0  554.11874012613907
5  87.333333333333329  462.12607849067439
6  82.0  565.74227172705275
1  93.666666666666671  309.17165888567524
2  96.666666666666671  283.97965246636039
3  92.666666666666671  375.90924094735237
4  86.666666666666671  480.44239951744049
5  81.333333333333329  583.68409978459522
6  88.666666666666671  448.53920212837119
1  99.333333333333329  186.20225042746841
2  96.333333333333329  262.86745305253282
3  93.666666666666671  289.29004937068191
4  84.666666666666671  585.69517785921562
5  82.666666666666671  593.9249555503618
6  74.333333333333329  600.97300906761461
1  100.0  175.42273559423509
2  92.666666666666671  372.25139678406754
3  92.0  345.86995929213543
4  93.0  359.76930972931524
5  84.0  500.34292339820513
6  85.0  512.68459074284647
1  98.666666666666671  211.01387808008391
2  95.666666666666671  283.25545120057802
3  91.0  407.08452154717088
4  83.0  518.21323919691872
5  85.0  493.98938538430031
6  89.333333333333329  425.75410489855966
1  98.666666666666671  191.59894962458378
2  91.333333333333329  369.44210632917941
3  92.0  382.46550010935465
4  86.0  471.591610834579
5  97.333333333333329  263.74650100104975
6  91.0  390.77407022955924
1  95.333333333333329  309.48072458774294
2  91.666666666666671  391.4997702015296
3  90.666666666666671  365.39228533774354
4  92.666666666666671  359.29975992653976
5  88.666666666666671  453.94348180371628
6  79.666666666666671  583.59517771556375
1  100.0  190.54777285955183
2  93.333333333333329  331.11304496470655
3  84.666666666666671  475.86028929129657
4  90.666666666666671  381.37824109594692
5  90.0  407.90420363773489
6  84.666666666666671  460.50256719233556
1  99.0  193.31810971271824
2  91.333333333333329  340.2549425042161
3  85.333333333333329  495.68011579391526
4  89.666666666666671  392.63542540743515
5  85.0  544.82041886514037
6  91.0  363.98276790140727
1  96.333333333333329  286.70479512645829
2  88.333333333333329  463.27062997496228
3  86.333333333333329  415.5072716956152
4  76.666666666666671  688.43781428337923
5  81.666666666666671  632.36142220426109
6  81.333333333333329  531.39890967260078
1  96.0  246.44625803180969
2  99.0  215.15587978987045
3  97.666666666666671  263.20140788555841
4  81.0  610.98210168521825
5  86.666666666666671  493.85354017466699
6  90.666666666666671  365.28485653019732
1  97.333333333333329  246.83176028443492
2  92.666666666666671  348.13511092474363
3  86.333333333333329  479.48451063349466
4  95.333333333333329  328.25147270972343
5  86.666666666666671  480.67469653064728
6  89.333333333333329  397.55207717609312
1  95.666666666666671  286.67090397211922
2  91.333333333333329  346.36730046588229
3  92.333333333333329  350.66506501171887
4  89.333333333333329  422.4646679698136
5  87.0  482.35709491786997
6  81.333333333333329  576.74737008351917
1  96.333333333333329  242.04147161047368
2  82.666666666666671  562.83564397951579
3  89.333333333333329  434.15490352286724
4  85.0  504.79823763587126
5  80.666666666666671  586.53593483434838
6  83.0  571.04109437316913
1  96.0  308.89708646255781
2  85.666666666666671  546.74953508884357
3  90.0  371.32044798655755
4  83.333333333333329  634.96123969693861
5  78.666666666666671  638.81557052765584
6  78.333333333333329  669.55839306700068
1  93.333333333333329  297.92478060480721
2  93.0  387.1014153290144
3  91.333333333333329  329.00324306229919
4  73.0  691.11370200104784
5  89.333333333333329  450.15460523006601
6  88.666666666666671  458.08082072664581
1  98.0  235.85284227577893
2  85.666666666666671  526.25144157018315
3  92.0  346.31807870814077
4  90.666666666666671  421.22035628072837
5  80.333333333333329  671.13911843538779
6  81.333333333333329  610.467965994162
1  98.333333333333329  236.52485958552023
2  89.0  444.7234221856279
3  88.0  519.6975640288656
4  91.0  361.5264718849208
5  84.666666666666671  517.29191075134781
6  88.0  443.61991787176868
1  99.0  207.78721947374606
2  94.0  321.80133098260723
3  88.333333333333329  389.88846081835754
4  88.666666666666671  402.04388346746458
5  88.666666666666671  460.63446727382831
6  84.666666666666671  464.99941408656105
1  96.666666666666671  209.48503583059176
2  91.333333333333329  418.72544334563958
3  93.666666666666671  353.00839204678914
4  90.333333333333329  386.31185780741254
5  79.666666666666671  569.93913259561339
6  84.0  448.34000684282654
1  96.333333333333329  280.61720980831035
2  93.666666666666671  297.09660427223565
3  86.333333333333329  486.8922785403754
4  83.0  472.88295643865018
5  85.333333333333329  580.36399118258009
6  87.0  438.80625178671943
1  99.333333333333329  173.73182704855549
2  94.666666666666671  305.99981329946951
3  88.333333333333329  419.72698628119349
4  92.333333333333329  339.28130446733661
5  90.333333333333329  387.22525018550141
6  70.666666666666671  884.13805572964429
1  97.666666666666671  245.75791222967769
2  88.0  468.21627108008477
3  93.0  364.88364628060953
4  93.333333333333329  295.92473716654979
5  87.333333333333329  444.34459331308045
6  82.666666666666671  540.65010839772458
1  99.666666666666671  190.20156281969921
2  91.0  368.00084682892384
3  88.666666666666671  394.37133682687562
4  83.0  519.35731507359424
5  83.666666666666671  549.56206277813169
6  89.666666666666671  408.29949974892941
1  100.0  184.157821703064
2  91.666666666666671  304.80077689567025
3  91.666666666666671  355.23182343594948
4  83.666666666666671  520.77692453535076
5  89.0  424.76671613693418
6  83.0  574.68443844938793
1  96.333333333333329  275.26096204052067
2  89.333333333333329  445.96370791044643
3  85.0  530.16883204397993
4  93.333333333333329  306.12433821021835
5  80.333333333333329  609.67074429282945
6  85.666666666666671  498.75001286444643
1  100.0  188.16529557771423
2  95.666666666666671  282.80563467861816
3  90.666666666666671  361.01485587310884
4  76.0  598.19832840810454
5  87.333333333333329  511.44148015766979
6  81.333333333333329  511.12897404404208
1  98.0  240.79469504325959
2  83.666666666666671  452.28420009099449
3  91.666666666666671  348.2737761798129
4  82.666666666666671  510.35961410930742
5  77.666666666666671  614.63148748799165
6  78.666666666666671  670.80198531469114
1  99.0  228.47470843255763
2  92.0  371.35918456138739
3  90.666666666666671  326.38978025996408
4  95.666666666666671  286.16424733627554
5  81.666666666666671  559.40544910851406
6  90.333333333333329  389.58614236701067
1  97.666666666666671  271.75715487577764
2  88.333333333333329  436.28076505536205
3  86.333333333333329  435.24013686152057
4  82.0  594.87371991541522
5  84.666666666666671  545.27668895479235
6  87.666666666666671  415.45394544093142
1  98.333333333333329  233.43584735171996
2  98.666666666666671  234.84680629256806
3  87.666666666666671  473.97279018961711
4  87.333333333333329  509.71509648509431
5  89.0  384.59023512417411
6  81.666666666666671  597.4415393934122
1  100.0  190.55480046369789
2  95.666666666666671  309.4432074483787
3  86.0  467.45246792804761
4  83.666666666666671  490.8952928784027
5  87.333333333333329  477.5252572683159
6  79.0  535.24781581374475
1  95.0  222.37529518057264
2  92.0  353.70193589712954
3  87.0  442.27847751813107
4  81.0  556.86241253660728
5  82.0  620.09769990323912
6  85.666666666666671  511.63372755322467
1  99.333333333333329  219.55187292564958
2  91.333333333333329  400.57632540646028
3  94.666666666666671  302.59178634637794
4  81.333333333333329  488.16823412504107
5  71.666666666666671  852.75131794737581
6  87.666666666666671  480.76155183938761
1  98.333333333333329  259.13627705596923
2  93.333333333333329  334.31691028866237
3  84.0  562.60842851340999
4  85.666666666666671  523.66355709230334
5  83.333333333333329  560.04908497913448
6  98.0  246.907752019219
1  98.666666666666671  201.95316893650286
2  99.0  203.90776362072265
3  88.0  491.3555599126455
4  86.0  484.24861333956392
5  89.0  385.90273009464948
6  75.0  718.80481743879079
1  95.666666666666671  312.46251537824395
2  93.333333333333329  329.16116309136208
3  81.0  532.25015297033065
4  78.666666666666671  585.82871025564066
5  77.0  715.35561251962781
6  89.333333333333329  410.40210168734097
1  95.333333333333329  282.65630003318847
2  87.333333333333329  503.40482837514259
3  78.333333333333329  672.19244866251563
4  85.666666666666671  476.26338164559513
5  82.0  530.80498017479363
6  87.333333333333329  445.11557407518865
1  99.0  254.20073082347815
2  95.666666666666671  299.65103336224291
3  87.666666666666671  449.76165451907002
4  85.0  528.26508086511933
5  88.333333333333329  434.45661148088465
6  90.0  407.2262994580442
1  90.0  373.16232335515969
2  95.0  299.83353146956654
3  93.0  346.44970197372606
4  81.0  530.89452282975401
5  85.666666666666671  481.39065808693186
6  83.333333333333329  546.3170390048532
1  99.333333333333329  193.97555562617154
2  93.666666666666671  336.00642942982159
3  83.666666666666671  556.32532708171686
4  89.333333333333329  422.8768481258266
5  86.333333333333329  478.40097542496574
6  88.666666666666671  443.53731643668692
1  100.0  207.51045815500825
2  96.0  321.33904724935422
3  94.0  325.11859189042093
4  81.0  590.69376551387529
5  83.0  591.10133135657543
6  87.0  392.29263768989262
1  99.333333333333329  177.29306614699976
2  98.0  227.8896193681218
3  91.0  418.94239114521167
4  95.333333333333329  288.92934089439819
5  83.666666666666671  529.97017054039225
6  74.666666666666671  701.52211613232453
1  98.333333333333329  201.50300560493375
2  95.666666666666671  260.71080627322834
3  83.0  575.12597066481942
4  85.0  502.02570752164985
5  78.333333333333329  663.70996352395434
6  83.666666666666671  599.48783113679178
1  99.0  189.18225808881775
2  92.0  369.50402240851264
3  82.333333333333329  616.58064088455842
4  88.666666666666671  412.70370254869658
5  84.0  570.34043726504137
6  89.0  397.96486985031601
1  100.0  222.10334547782949
2  88.333333333333329  345.80914665434238
3  87.666666666666671  452.94981847516704
4  91.333333333333329  395.51354510724104
5  88.0  458.48969280230108
6  91.333333333333329  327.76794048840492
1  99.0  193.25683888101014
2  91.0  383.67144935364308
3  91.0  357.32387661611369
4  83.666666666666671  531.27840060774781
5  85.333333333333329  475.40263814762386
6  75.0  663.19023167473335
1  96.0  276.70508232435361
2  89.0  421.80390703575176
3  76.666666666666671  547.49993120713168
4  92.666666666666671  336.46461861075653
5  86.333333333333329  465.21439827073812
6  84.666666666666671  507.30826771945476
1  95.333333333333329  273.35327396656498
2  91.666666666666671  335.40896593894269
3  91.333333333333329  373.16276707119869
4  89.333333333333329  383.09277389816538
5  90.0  383.15521660680093
6  90.333333333333329  386.73461405272201
1  99.333333333333329  174.15403658493759
2  89.0  436.83414448172277
3  95.333333333333329  294.24276482548021
4  82.0  583.24398189804322
5  78.0  643.02386426346663
6  81.333333333333329  618.22686595759365
1  99.333333333333329  192.17878144479536
2  92.0  341.23410265293586
3  92.0  388.32478337763308
4  85.666666666666671  511.69727474724988
5  75.333333333333329  681.08425083157476
6  73.666666666666671  749.52361089101692
1  97.0  254.06526474728918
2  94.666666666666671  288.42865227001209
3  97.666666666666671  252.66715065195953
4  91.0  428.03115665002201
5  87.0  460.23738146599146
6  77.0  646.34598151388263
1  97.0  251.81087621137934
2  95.666666666666671  297.09467460306075
3  86.666666666666671  499.51658597497328
4  87.666666666666671  484.11494083259726
5  100.0  186.71428762242775
6  89.333333333333329  461.56406551500481
1  95.666666666666671  251.77587813846498
2  91.0  423.264825968053
3  90.333333333333329  392.82674429933036
4  91.333333333333329  394.5157212571454
5  88.333333333333329  432.70228141544089
6  79.333333333333329  593.36201126924266
1  96.333333333333329  274.41280823151055
2  94.0  273.62178930468338
3  98.0  222.12867783675827
4  88.666666666666671  443.88115512806974
5  87.333333333333329  489.06354776666308
6  86.0  451.01623391130028
1  94.333333333333329  345.62219576612671
2  94.333333333333329  311.90602805958156
3  90.666666666666671  396.82045349293054
4  79.333333333333329  612.94736490755224
5  88.333333333333329  415.91785911194251
6  84.0  556.45890157279416
1  93.666666666666671  286.28944653494278
2  98.333333333333329  237.51111157122457
3  83.0  507.90842735278216
4  84.0  500.67225339185916
5  82.333333333333329  591.71774041067749
6  81.666666666666671  536.83594739251214
1  98.666666666666671  228.78069658736641
2  91.0  373.69865720427981
3  89.666666666666671  405.72200289084111
4  85.333333333333329  544.81423034471652
5  86.666666666666671  422.48520372892995
6  78.333333333333329  685.81511083987459
1  100.0  226.87223052771861
2  84.333333333333329  407.4861018677579
3  87.666666666666671  439.69309551944309
4  81.0  526.43990789618988
5  86.666666666666671  407.09532557588875
6  88.333333333333329  420.94020474959467
1  99.0  204.18345711412539
2  90.0  411.84787848464248
3  88.0  432.4417434853832
4  91.0  411.32318880723284
5  83.0  601.43938126571277
6  76.0  685.04023777046973
1  99.666666666666671  198.84734660696395
2  95.0  267.38007994967239
3  81.0  572.7663335185174
4  88.333333333333329  491.74608013678051
5  76.666666666666671  660.65156857255522
6  78.0  678.69311771528976
1  99.0  211.4325321727961
2  92.666666666666671  348.36032770518898
3  86.666666666666671  489.65558939700344
4  89.333333333333329  444.05477245960208
5  87.666666666666671  472.42123958757816
6  84.0  541.66016225394026
1  100.0  220.97168088797659
2  98.0  236.726402063509
3  85.333333333333329  416.62922911297949
4  89.0  436.32837735271801
5  76.0  628.12622461547778
6  87.0  505.33056466619064
1  99.333333333333329  227.07447327425368
2  92.0  351.4095593690945
3  88.333333333333329  425.99531147139703
4  95.333333333333329  274.07428083324817
5  84.666666666666671  557.72185586073533
6  65.0  924.2149601203439
1  95.333333333333329  263.12742388622513
2  85.666666666666671  504.36305682677266
3  92.0  331.44484945612527
4  87.333333333333329  407.39571377244437
5  88.333333333333329  421.93057271878934
6  85.333333333333329  550.72363028231246
1  99.666666666666671  208.09746928916508
2  92.333333333333329  334.61069639289212
3  88.666666666666671  378.58092633541168
4  97.0  276.03056317097406
5  83.666666666666671  488.66744004275864
6  83.666666666666671  552.07925715329122
1  100.0  184.65692437924369
2  93.666666666666671  320.25830129936406
3  85.666666666666671  469.02759137306469
4  87.333333333333329  458.85455427328958
5  85.0  531.39050704649594
6  91.333333333333329  371.10577389498224
1  93.666666666666671  271.27346593426637
2  85.0  518.78422736345442
3  89.333333333333329  437.30824871770835
4  92.666666666666671  312.56469058973175
5  77.0  625.08743647164977
6  90.666666666666671  378.90711112338465
1  94.0  354.77907945149428
2  94.666666666666671  299.48230461585553
3  87.333333333333329  448.4559823577415
4  87.333333333333329  481.31213194227644
5  85.0  511.75802547871007
6  83.333333333333329  535.52106764929806
1  98.333333333333329  265.83696104387059
2  96.333333333333329  271.18973470737302
3  85.333333333333329  519.29465902146489
4  85.333333333333329  559.5460807642778
5  84.333333333333329  540.79725466958587
6  85.0  527.08087974791965
1  95.666666666666671  286.80560667748699
2  91.0  404.21629039473726
3  87.666666666666671  421.69754434738689
4  87.0  495.46996148933925
5  78.0  677.69712636199904
6  85.333333333333329  455.95529130514137
1  97.666666666666671  224.40950643352332
2  97.666666666666671  237.11299708693016
3  89.333333333333329  417.36380493288812
4  91.0  378.02657715287603
5  79.333333333333329  619.46869723555324
6  89.333333333333329  422.26790661093571
1  100.0  196.38553534959289
2  93.333333333333329  310.54815949049225
3  88.333333333333329  431.63894562642963
4  88.0  442.16572106907444
5  81.0  643.756392086196
6  87.666666666666671  476.06697494183504
1  97.666666666666671  265.07266154116809
2  98.333333333333329  240.09610572627182
3  92.0  322.61864131187775
4  87.0  454.27738762581009
5  87.666666666666671  455.02387049479591
6  86.666666666666671  465.33556091351903
1  100.0  189.22691333529141
2  88.333333333333329  390.20977710350303
3  92.333333333333329  381.59056884466833
4  84.0  558.72201245190035
5  93.0  343.1870742692891
6  84.0  509.73688103259997
1  97.333333333333329  262.71773662656784
2  94.666666666666671  337.88897256306944
3  97.666666666666671  252.96315630235733
4  87.333333333333329  447.45689814495137
5  77.333333333333329  597.63640458685529
6  83.666666666666671  561.14295856090541
1  93.333333333333329  289.1350644857838
2  93.333333333333329  356.74703766411875
3  83.666666666666671  514.27880847873564
4  82.333333333333329  545.58902295103348
5  90.0  370.92553852176502
6  85.0  500.04767865925652
1  99.0  193.37442693471993
2  86.666666666666671  476.46177870172477
3  86.333333333333329  516.24945828586294
4  85.666666666666671  485.06716146458734
5  81.666666666666671  587.59375138024677
6  85.333333333333329  491.89100816669571
1  98.0  241.2213346061107
2  93.666666666666671  298.83990262029408
3  82.0  540.56254685249587
4  91.666666666666671  398.83976656946135
5  88.666666666666671  403.36242869947631
6  74.666666666666671  713.95487902579691
1  93.666666666666671  342.24345757696341
2  95.666666666666671  274.05783446255134
3  86.333333333333329  525.18000929645132
4  88.333333333333329  459.88732151045042
5  83.666666666666671  515.91298890165581
6  82.333333333333329  545.65212226656206
1  98.666666666666671  201.92772292340305
2  92.666666666666671  359.38135129281164
3  94.333333333333329  328.53063548173566
4  83.666666666666671  580.94726171774266
5  91.333333333333329  390.07058868453788
6  77.666666666666671  607.66972720364561
1  97.0  248.63125692208925
2  89.666666666666671  440.54701371532906
3  91.0  390.82679840562844
4  88.666666666666671  403.85968675321908
5  87.333333333333329  454.97973458429902
6  85.0  526.39233518725302
1  99.666666666666671  185.80707361169527
2  96.333333333333329  302.15093112841231
3  84.0  512.51968774899399
4  84.666666666666671  524.75727709482931
5  80.333333333333329  586.88862885927006
6  81.333333333333329  562.29260226248448
1  97.666666666666671  240.67546628960801
2  88.0  403.41406845995897
3  81.333333333333329  439.25208962680608
4  84.333333333333329  494.46456795378748
5  93.666666666666671  344.57297392459736
6  89.0  428.96419871021129
1  95.0  321.28348932037608
2  97.333333333333329  253.80092087066927
3  87.0  461.57391343111209
4  81.333333333333329  614.19943734080857
5  93.333333333333329  345.37897764946757
6  81.333333333333329  589.46032819466996
1  95.0  329.63909361495661
2  91.0  376.3411844366305
3  76.0  720.51819526031829
4  83.666666666666671  571.23091267914242
5  87.666666666666671  445.3587089795746
6  85.0  464.2618694446677
1  99.333333333333329  201.84597319621477
2  92.0  391.92794230394458
3  84.666666666666671  463.13922173013356
4  89.333333333333329  452.48762259176141
5  87.0  485.99647764226944
6  74.0  745.50958104281381
1  96.666666666666671  236.89323753551412
2  97.0  250.12185496638077
3  86.666666666666671  479.15858139667938
4  80.333333333333329  605.44091460356731
5  92.0  368.47348960812462
6  88.0  470.81969733298604
1  96.666666666666671  287.00352248937565
2  95.333333333333329  297.53135253518019
3  92.333333333333329  332.51894173759564
4  78.333333333333329  622.25502562581482
5  78.333333333333329  677.70552409541813
6  78.666666666666671  645.52480961423157
1  98.0  255.14703728292972
2  89.666666666666671  408.99325548233446
3  86.0  511.97264643253231
4  94.333333333333329  319.36447285557205
5  88.666666666666671  454.92377944358373
6  81.666666666666671  519.73926846616996
1  99.666666666666671  187.02292694527074
2  84.333333333333329  466.22817660970156
3  85.666666666666671  475.50906112664848
4  89.666666666666671  424.99722093185488
5  90.333333333333329  410.56742076206132
6  89.0  449.74132962478825
1  98.333333333333329  237.13299375892214
2  88.333333333333329  473.63985434650499
3  89.0  457.40221315936185
4  90.666666666666671  420.16417260023525
5  88.333333333333329  426.13546233662089
6  82.333333333333329  466.36613275605714
1  98.666666666666671  237.19871913917027
2  89.666666666666671  381.69025211427595
3  78.333333333333329  638.84786948813553
4  87.333333333333329  470.17172003057021
5  83.666666666666671  540.23084260292285
6  69.0  849.38415669043798
