1.0  73.666666666666671  346.00863480237189
1.1  83.0  325.5449961222609
1.2  69.666666666666671  402.89852136294206
1.3  73.666666666666671  356.55082268208344
1.4  68.333333333333329  394.98997236210982
1.5  46.333333333333336  503.35182679265529
1.6  59.666666666666664  470.44026358332377
1.7  65.0  397.99095261324015
1.8  80.0  331.44825082427866
1.9  68.333333333333329  450.07270237285508
2.0  76.0  349.01842313566311
1.0  68.0  389.72412262374206
1.1  81.0  326.42353840763855
1.2  62.333333333333336  425.06327416959346
1.3  66.666666666666671  389.25071362508868
1.4  72.0  363.82520166229426
1.5  87.333333333333329  295.41942399183574
1.6  63.0  433.65688033784591
1.7  57.333333333333336  409.38955851951687
1.8  76.666666666666671  357.17923091393089
1.9  74.333333333333329  371.59416963328135
2.0  61.0  472.8957476557074
1.0  67.666666666666671  400.86335993548391
1.1  75.0  398.97792531374859
1.2  91.666666666666671  276.43087733777065
1.3  66.666666666666671  416.04565822803465
1.4  76.333333333333329  369.58496683247449
1.5  81.666666666666671  298.5259152101566
1.6  77.666666666666671  381.57247440362198
1.7  79.0  322.61202064700728
1.8  50.0  502.37892009248344
1.9  70.666666666666671  351.78819611433153
2.0  45.666666666666664  502.36569129707436
1.0  68.666666666666671  365.78363632652082
1.1  63.0  472.14328169187684
1.2  58.333333333333336  485.42248746876953
1.3  70.0  366.28043685395238
1.4  51.0  480.74528676394891
1.5  67.333333333333329  408.45893946531527
1.6  77.333333333333329  332.11624488447575
1.7  62.666666666666664  437.41665846029576
1.8  64.666666666666671  387.97959418869743
1.9  65.666666666666671  453.24966454541544
2.0  63.333333333333336  391.5403260628878
1.0  78.666666666666671  355.53430962800979
1.1  67.666666666666671  406.55186022497082
1.2  75.666666666666671  307.24053162879954
1.3  74.333333333333329  396.00412248363153
1.4  87.0  316.13126735886658
1.5  65.333333333333329  424.43387464316766
1.6  65.0  417.5827152626448
1.7  65.666666666666671  412.04230835835534
1.8  77.666666666666671  323.84377314501307
1.9  82.666666666666671  350.94007157068017
2.0  93.0  225.85107558017856
1.0  87.333333333333329  279.59345380178172
1.1  66.333333333333329  439.42684698755221
1.2  72.0  310.29723363120337
1.3  60.0  459.32853682261157
1.4  66.333333333333329  418.87562176940219
1.5  67.333333333333329  384.43160501912092
1.6  89.333333333333329  268.26396906701075
1.7  69.0  421.57269163504498
1.8  60.666666666666664  427.86983771385241
1.9  61.0  476.03912819472015
2.0  77.0  354.05599743112509
1.0  78.666666666666671  376.42789902321363
1.1  68.0  394.1670706369448
1.2  64.0  378.7881398116246
1.3  74.333333333333329  410.49833170943032
1.4  68.0  385.18968772374882
1.5  61.333333333333336  455.88075449962645
1.6  71.666666666666671  364.90847780015406
1.7  69.333333333333329  406.9404578227705
1.8  59.333333333333336  486.10050993893606
1.9  69.0  442.03254291476799
2.0  67.333333333333329  439.02765042263752
1.0  50.333333333333336  541.34257932434571
1.1  77.333333333333329  356.9850385146064
1.2  60.0  428.62971895690117
1.3  71.0  419.1272550397569
1.4  72.333333333333329  352.26274277360761
1.5  72.666666666666671  377.79990743566196
1.6  69.333333333333329  405.67566922243134
1.7  74.666666666666671  402.27504770972922
1.8  68.0  438.1793396994708
1.9  83.0  326.24921032273323
2.0  84.333333333333329  330.99152943406136
1.0  72.333333333333329  426.11684320827288
1.1  74.333333333333329  362.56130485440826
1.2  60.0  473.51365271685859
1.3  65.666666666666671  404.57565159359228
1.4  63.0  413.19551047630819
1.5  84.0  308.29095436377469
1.6  72.0  366.86625761740049
1.7  79.0  310.40117002238469
1.8  70.666666666666671  392.94785164680849
1.9  69.333333333333329  393.43221018957797
2.0  64.666666666666671  415.79469473198577
1.0  76.0  352.73887950976462
1.1  63.0  437.40088537219833
1.2  77.666666666666671  384.50456561189247
1.3  76.666666666666671  363.86456292002987
1.4  60.666666666666664  403.52548994717881
1.5  81.0  321.74654781477204
1.6  77.0  351.32814698810665
1.7  74.333333333333329  362.45966918561339
1.8  71.666666666666671  441.70327397776225
1.9  52.666666666666664  447.83229064473193
2.0  68.666666666666671  409.71935365193593
1.0  47.333333333333336  548.85087710719233
1.1  55.333333333333336  407.54284938282115
1.2  75.333333333333329  357.80022453625901
1.3  94.666666666666671  242.77333068866707
1.4  71.333333333333329  385.25312619092711
1.5  72.666666666666671  394.51816171097954
1.6  71.333333333333329  366.04590711098808
1.7  78.333333333333329  326.92597785182096
1.8  74.333333333333329  328.77167965062603
1.9  69.666666666666671  403.0394209253588
2.0  60.0  440.80407819051703
1.0  68.333333333333329  385.35572403189764
1.1  73.0  445.13531315946568
1.2  71.0  402.94204428534584
1.3  77.333333333333329  353.38502558893697
1.4  56.666666666666664  407.05886448388759
1.5  55.666666666666664  319.60508477379034
1.6  62.666666666666664  414.64154099262794
1.7  54.666666666666664  451.62410587338996
1.8  81.0  344.54697212540196
1.9  82.666666666666671  305.05649391865893
2.0  71.0  357.7326575764987
1.0  77.0  360.53087640075609
1.1  82.666666666666671  299.9269442676059
1.2  87.666666666666671  278.87362871277395
1.3  62.333333333333336  413.41711341674625
1.4  55.0  485.13242882053544
1.5  62.666666666666664  468.07986801126043
1.6  80.666666666666671  336.63512340017456
1.7  49.666666666666664  494.90499603301134
1.8  65.333333333333329  460.52106889283618
1.9  58.666666666666664  425.56313596172345
2.0  75.0  373.52171601847658
1.0  58.333333333333336  464.85600193172979
1.1  64.666666666666671  474.50688010744176
1.2  65.666666666666671  349.64603536653243
1.3  61.666666666666664  518.19143842189305
1.4  81.333333333333329  335.54616219313215
1.5  75.666666666666671  365.51416248214508
1.6  69.0  340.36475850445629
1.7  76.333333333333329  363.75142969607464
1.8  78.0  366.26354158684757
1.9  71.666666666666671  367.5240200452817
2.0  82.333333333333329  316.70969135709885
1.0  54.666666666666664  427.1897645218591
1.1  72.666666666666671  395.40041725477352
1.2  87.0  316.70917024948068
1.3  61.333333333333336  463.59785456421793
1.4  65.0  463.72377651171257
1.5  62.333333333333336  485.51633269197788
1.6  71.0  389.35646247940338
1.7  74.666666666666671  380.13346160352341
1.8  65.666666666666671  460.69652205073254
1.9  49.666666666666664  529.55894053978955
2.0  67.0  373.44184303037667
1.0  56.666666666666664  521.8649559077196
1.1  72.666666666666671  413.10196971831448
1.2  59.0  373.03413526491306
1.3  59.666666666666664  498.6407488719139
1.4  73.666666666666671  349.02515654384831
1.5  64.333333333333329  419.36336347703548
1.6  54.0  492.7071415362027
1.7  70.333333333333329  451.27082613578409
1.8  83.0  290.84348313230629
1.9  68.0  406.75139462791861
2.0  61.333333333333336  430.14671755686123
1.0  84.0  335.85531665285225
1.1  64.0  448.05439530240272
1.2  62.333333333333336  457.23318020422448
1.3  59.666666666666664  520.99934072409189
1.4  74.0  337.863588542782
1.5  73.0  410.50420963098247
1.6  68.333333333333329  389.79464709664398
1.7  67.0  477.76578271299269
1.8  70.333333333333329  452.56358067821679
1.9  62.666666666666664  424.25545006702936
2.0  62.0  472.52281453796235
1.0  80.666666666666671  338.86358033349921
1.1  50.666666666666664  519.96324133648636
1.2  74.333333333333329  359.82936244137102
1.3  63.0  482.49744724825132
1.4  86.666666666666671  284.50426344700179
1.5  58.666666666666664  464.46845459990186
1.6  64.0  436.10671634893049
1.7  77.333333333333329  353.08448220841183
1.8  69.333333333333329  434.79903619291895
1.9  58.0  532.94479256516513
2.0  78.333333333333329  329.40943627551667
1.0  81.666666666666671  296.38731960824191
1.1  76.333333333333329  340.18453887768771
1.2  74.333333333333329  326.27250822931069
1.3  58.333333333333336  377.67318243898774
1.4  89.666666666666671  279.94298400483586
1.5  72.333333333333329  396.45531775230245
1.6  66.666666666666671  440.61926315452962
1.7  70.333333333333329  417.99552750822596
1.8  62.666666666666664  422.86153200872968
1.9  58.0  378.81936327277424
2.0  66.0  388.8166473188781
1.0  62.333333333333336  486.20269422676074
1.1  71.666666666666671  403.0350529843605
1.2  65.0  436.32683369610248
1.3  80.333333333333329  308.65628777603132
1.4  34.333333333333336  553.56384773327795
1.5  64.333333333333329  419.73430032581302
1.6  59.333333333333336  460.44723328154555
1.7  74.0  360.70665511632899
1.8  65.666666666666671  482.18902488636189
1.9  57.0  402.18741277497674
2.0  56.666666666666664  400.75363015260479
