2  90.0  292.14002796893891
3  98.333333333333329  237.96241866773346
4  95.75  385.66216377207058
5  95.599999999999994  487.18187626251051
6  94.333333333333329  665.24703981255061
7  96.571428571428569  603.94700056044496
8  92.875  867.90058434888499
9  94.333333333333329  897.88972817294223
10  94.099999999999994  944.83793759884429
2  92.5  231.20551356477927
3  90.333333333333329  428.08765446632702
4  93.25  489.59405929535859
5  94.799999999999997  550.24027982659891
6  93.666666666666671  652.44465491389826
7  94.857142857142861  728.16583620346728
8  94.125  815.77411283806691
9  93.666666666666671  885.14637418870814
10  97.700000000000003  812.00517799355077
