0.32  70.666666666666671  395.23226758455155
0.34  58.0  455.23524671681344
0.36  81.0  374.06069741921749
0.38  65.333333333333329  300.47729990560043
0.4  44.666666666666664  515.09896309698127
0.42  78.0  290.06190316778725
0.44  74.666666666666671  364.53399425156778
0.46  61.666666666666664  476.36415870947991
0.48  73.0  339.74898753452857
0.5  63.666666666666664  408.35768086678479
0.32  64.333333333333329  462.21914850510205
0.34  65.666666666666671  401.74013712257857
0.36  66.666666666666671  452.78009458379574
0.38  55.0  536.0005972163807
0.4  62.666666666666664  405.12396777755009
0.42  56.333333333333336  426.92463799421336
0.44  55.666666666666664  349.77078262758363
0.46  62.333333333333336  410.26745011659807
0.48  57.333333333333336  423.02094852652976
0.5  71.666666666666671  238.92577489230129
