0.32  67.666666666666671  420.61505762111904
0.34  69.333333333333329  344.24250135502666
0.36  56.0  362.45179288828245
0.38  62.333333333333336  398.69308182427716
0.4  49.333333333333336  477.89128472917241
0.42  73.0  327.23911437567199
0.44  64.666666666666671  429.97227375901196
0.46  76.0  331.03052647661411
0.48  77.666666666666671  319.67685836627834
0.5  65.333333333333329  363.07494002863564
0.32  62.0  392.74477511042244
0.34  81.333333333333329  382.44792618167583
0.36  61.0  391.72985995106649
0.38  71.333333333333329  389.02690920858197
0.4  51.666666666666664  572.9515515958484
0.42  73.0  306.44053661925847
0.44  73.0  338.34751101195616
0.46  60.0  367.13463202890847
0.48  55.333333333333336  340.74634197888196
0.5  79.333333333333329  308.90990368846246
0.32  67.333333333333329  395.14696626000176
0.34  59.0  428.76132885177952
0.36  67.666666666666671  382.7846098042877
0.38  77.333333333333329  332.25554892304962
0.4  81.666666666666671  334.49965060521407
0.42  57.0  359.29117262596588
0.44  47.333333333333336  448.12852657875618
0.46  52.0  464.46943425734463
0.48  71.333333333333329  366.6456782601133
0.5  78.333333333333329  292.22412665891562
0.32  58.333333333333336  357.55107367427496
0.34  51.0  456.31073916157169
0.36  64.0  382.48300796212447
0.38  65.333333333333329  343.5913294066969
0.4  57.0  488.07147676398893
0.42  52.666666666666664  497.38061560099078
0.44  47.666666666666664  350.31537558955222
0.46  66.0  389.57715942759279
0.48  47.666666666666664  388.77405476993476
0.5  59.0  504.8759659433905
0.32  65.333333333333329  315.62581691273931
0.34  80.666666666666671  327.4176226943722
0.36  63.666666666666664  335.80077284846897
0.38  64.0  415.37648770347448
0.4  70.666666666666671  433.72361029532055
0.42  73.333333333333329  330.39401845519563
0.44  72.0  338.89832589696783
0.46  62.0  445.8273980380477
0.48  51.666666666666664  546.09872090909028
0.5  76.333333333333329  360.62900935340281
0.32  60.666666666666664  470.85634333368012
0.34  54.0  248.60755814325759
0.36  60.333333333333336  452.39694082092115
0.38  79.333333333333329  355.81433908260846
0.4  85.333333333333329  318.573581235723
0.42  74.0  315.47700671131105
0.44  72.0  344.89442183372228
0.46  61.333333333333336  417.56901300463386
0.48  61.333333333333336  336.94612015834394
0.5  70.333333333333329  405.89334050588025
0.32  52.0  492.30321184917864
0.34  64.0  379.09311671855687
0.36  70.0  347.84587612967476
0.38  54.0  346.71250952196772
0.4  43.666666666666664  486.91361496652104
0.42  53.666666666666664  458.45768630829286
0.44  53.0  374.79584835237239
0.46  36.333333333333336  472.5296637916714
0.48  64.0  369.08524238459012
0.5  53.666666666666664  489.77610327217008
0.32  52.666666666666664  452.26638891926103
0.34  45.333333333333336  415.4596857634923
0.36  88.333333333333329  310.32644314794561
0.38  52.666666666666664  441.27415078531703
0.4  50.666666666666664  401.70070615016277
0.42  53.666666666666664  479.61676367403163
0.44  64.0  459.51983729550977
0.46  48.333333333333336  419.00564298575318
0.48  58.0  434.66272616653947
0.5  88.333333333333329  294.24790273074632
0.32  58.333333333333336  536.00321825200967
0.34  80.0  358.9868759823874
0.36  49.666666666666664  533.8224586727315
0.38  70.333333333333329  377.28923254070349
0.4  66.666666666666671  424.20142156968313
0.42  42.666666666666664  469.43984276847323
0.44  57.666666666666664  393.68674280246125
0.46  49.0  584.23430286195469
0.48  73.666666666666671  379.02565491267228
0.5  71.0  373.77769982697504
0.32  75.333333333333329  316.62116834657189
0.34  53.0  555.67129341634256
0.36  55.333333333333336  462.88898206374097
0.38  59.666666666666664  485.59584244872963
0.4  67.666666666666671  424.11010424761105
0.42  54.666666666666664  435.75384395847772
0.44  81.0  311.05065715479958
0.46  47.0  544.83206732417023
0.48  60.0  356.75820567179187
0.5  70.333333333333329  319.07690900904282
0.32  59.333333333333336  428.42562471439794
0.34  62.666666666666664  472.8814794150635
0.36  68.666666666666671  421.06386433751459
0.38  60.666666666666664  379.90775916677234
0.4  57.666666666666664  398.16905491150959
0.42  69.0  405.83502757058164
0.44  55.666666666666664  479.38749863733619
0.46  59.666666666666664  427.41963934063881
0.48  79.333333333333329  289.6767769178017
0.5  70.666666666666671  350.45344864018301
0.32  52.666666666666664  424.43443099816699
0.34  54.0  397.88092136970971
0.36  69.333333333333329  394.13966654897291
0.38  73.333333333333329  342.16805506072666
0.4  53.333333333333336  515.93383159607492
0.42  71.666666666666671  422.63427247941831
0.44  89.666666666666671  242.22693272227929
0.46  63.666666666666664  326.66848132672368
0.48  53.333333333333336  566.04510613216667
0.5  70.0  400.35044724113527
0.32  62.0  373.41886019070699
0.34  84.666666666666671  269.11677995065838
0.36  48.333333333333336  384.60630301324829
0.38  35.333333333333336  406.6515006426045
0.4  83.666666666666671  323.53878647001125
0.42  71.0  286.6363311045597
0.44  73.333333333333329  396.71756743365739
0.46  53.0  542.87935169967739
0.48  55.0  433.86613190161637
0.5  63.0  458.59233165345864
0.32  64.0  423.16508740387434
0.34  76.333333333333329  350.43630667486735
0.36  52.333333333333336  500.93666557219848
0.38  86.666666666666671  279.58506225910031
0.4  68.333333333333329  432.88395700605139
0.42  72.333333333333329  448.56541423345885
0.44  55.0  389.8042088150259
0.46  75.333333333333329  314.74134940595366
0.48  56.333333333333336  357.22356474345281
0.5  58.0  475.09953478212623
0.32  68.333333333333329  364.30162200865493
0.34  72.0  298.59496242080456
0.36  79.333333333333329  317.0899025878947
0.38  47.333333333333336  415.10865801691625
0.4  60.666666666666664  422.25934445232502
0.42  72.333333333333329  354.04807827708674
0.44  73.0  345.09188397486338
0.46  55.0  441.1050509996486
0.48  60.333333333333336  395.16261878380845
0.5  48.666666666666664  502.57698934321604
0.32  53.333333333333336  508.18895863413422
0.34  45.666666666666664  467.05217522376597
0.36  64.666666666666671  395.67189216109057
0.38  79.0  301.7086008333863
0.4  71.333333333333329  338.87029599551795
0.42  48.333333333333336  466.6719803655277
0.44  66.0  523.90846252245808
0.46  63.666666666666664  458.12967154228147
0.48  70.333333333333329  389.05700936055842
0.5  71.0  335.08080862158016
0.32  76.333333333333329  322.52559626171825
0.34  40.666666666666664  460.74707451306773
0.36  59.666666666666664  447.5319167124706
0.38  61.666666666666664  392.30210160592497
0.4  73.666666666666671  364.6277069993053
0.42  51.666666666666664  441.32624770654058
0.44  53.333333333333336  460.49223537574193
0.46  66.666666666666671  326.56546773649262
0.48  73.666666666666671  354.52644504910427
0.5  67.0  371.44614501867557
0.32  63.0  428.84137845613498
0.34  54.666666666666664  373.03728180239438
0.36  85.333333333333329  292.98674796544867
0.38  60.333333333333336  359.51227881737736
0.4  77.0  372.5529716897131
0.42  70.0  438.53678243848589
0.44  60.0  509.24697634372717
0.46  43.0  470.03383667371395
0.48  57.333333333333336  491.54685042451393
0.5  64.666666666666671  418.94081959129704
0.32  59.666666666666664  410.25446912577161
0.34  67.0  369.10685552282371
0.36  76.333333333333329  390.36339614298925
0.38  54.0  520.95816606008202
0.4  83.0  262.54624768592856
0.42  69.666666666666671  269.70141812606971
0.44  65.666666666666671  322.00445189852684
0.46  59.333333333333336  464.98762716926223
0.48  74.333333333333329  269.76885739099197
0.5  77.333333333333329  346.07717319541553
0.32  45.666666666666664  404.63726029034842
0.34  60.666666666666664  508.51642951839352
0.36  73.333333333333329  410.04975236970967
0.38  53.0  424.09953175473123
0.4  37.0  470.42462661631777
0.42  70.0  339.30954442129348
0.44  62.666666666666664  478.12908454453503
0.46  56.0  438.97448054478167
0.48  57.333333333333336  430.0557270941303
0.5  72.333333333333329  352.66111009854967
