2  57.0  115.02359768278264
4  39.0  144.3184391024449
6  79.0  104.03073651532621
8  42.0  253.13780152654311
10  85.0  115.43861756108768
12  82.0  112.91117993857556
14  92.0  96.581942403877861
16  77.0  178.00868167623094
18  74.0  200.58391105532397
20  96.0  100.30015746154896
2  81.0  115.74768481272967
4  36.0  182.45260776226218
6  71.0  146.37941245949585
8  59.0  155.16824729312339
10  58.0  229.95656163410735
12  80.0  155.14641282753928
14  80.0  138.16862690550238
16  82.0  144.82204650490161
18  80.0  176.05094772816017
20  79.0  214.79875975609431
2  71.0  78.262293704827798
4  57.0  126.02721781545333
6  52.0  122.02828603311038
8  94.0  100.91453485258282
10  88.0  96.688589624607445
12  86.0  136.82057292197624
14  72.0  226.29315375127871
16  96.0  90.17356935133617
18  64.0  252.88728698904131
20  84.0  171.03019572114832
2  33.0  133.82185010941728
4  60.0  109.47227134986356
6  59.0  153.8053000124998
8  94.0  97.85276908014805
10  70.0  221.17620667071111
12  89.0  130.62842935603888
14  79.0  164.24667529299236
16  100.0  78.418406859990625
18  84.0  154.4088837669083
20  97.0  83.104927780390454
2  32.0  94.489268950899813
4  80.0  101.46788122403653
6  73.0  141.6232638336397
8  86.0  126.47496852505027
10  65.0  168.5926431205464
12  66.0  230.32450461455133
14  89.0  133.86802058595663
16  67.0  227.46775903353665
18  100.0  52.224584971197821
20  79.0  201.09794911582216
2  37.0  43.869921325701192
4  4.0  92.595468976839598
6  80.0  86.499984333162061
8  75.0  94.097178189023637
10  66.0  155.89842883060061
12  86.0  112.60447634115624
14  71.0  264.17489117355586
16  87.0  154.7046064817747
18  96.0  93.400526702884832
20  65.0  252.56343104033644
2  41.0  101.01936579821862
4  18.0  99.354449781941426
6  96.0  68.776478015841192
8  64.0  137.3266700451457
10  86.0  115.68398381733496
12  55.0  284.96667401174011
14  69.0  249.58863003393392
16  80.0  198.13989321505494
18  80.0  180.33658410467919
20  86.0  140.3158033795703
2  0.0  42.999999999999964
4  63.0  142.50818820151832
6  75.0  125.45626627068928
8  96.0  71.217423712187426
10  96.0  69.386176719725256
12  81.0  128.2858190575148
14  91.0  93.079498353028526
16  84.0  151.70984250836796
18  53.0  269.69237268295757
20  88.0  146.62341239578498
2  43.0  61.03970557495947
4  18.0  205.67655847022218
6  66.0  184.83568488371958
8  63.0  177.05700982348512
10  83.0  117.52142869825811
12  88.0  114.30067608913519
14  85.0  118.45372360787584
16  98.0  70.826231482430117
18  88.0  154.01689514658895
20  63.0  355.88336432673827
2  0.0  7.9999999999999973
4  88.0  87.379672443759276
6  55.0  128.59178526384912
8  35.0  313.83802123673445
10  70.0  195.49561415386808
12  91.0  74.190675454615842
14  59.0  329.95330850079148
16  90.0  83.021169809558444
18  97.0  76.644634407340931
20  77.0  213.43710661275293
