10  89.0  273.19715178097238
15  72.666666666666671  455.33482585727199
20  71.333333333333329  608.81321599441526
25  89.333333333333329  444.53266406094326
30  85.0  472.69013781925008
35  99.0  219.21384751991238
40  96.333333333333329  238.32924551893018
45  88.333333333333329  478.00244457769145
50  96.666666666666671  295.14375846437298
10  58.333333333333336  508.61342901689568
15  83.333333333333329  398.09054760997503
20  88.333333333333329  333.92490321318161
25  80.666666666666671  545.91787888714089
30  95.0  309.33559817222857
35  89.666666666666671  444.96594804063284
40  87.333333333333329  475.70762234612994
45  94.333333333333329  343.14828044824452
50  96.0  267.67483670998996
10  63.0  351.79335531730089
15  80.666666666666671  412.37132487843934
20  74.333333333333329  580.47146174636759
25  84.666666666666671  483.53076964361031
30  89.0  429.89176174873313
35  97.666666666666671  251.9782371593586
40  88.666666666666671  448.3260122837994
45  95.666666666666671  302.67227893774293
50  91.333333333333329  389.18844003407651
10  69.666666666666671  325.21684704959034
15  87.666666666666671  300.19433742545147
20  86.333333333333329  358.25648591855798
25  82.333333333333329  566.11368591523217
30  91.333333333333329  393.12608153097472
35  92.333333333333329  362.39568464086875
40  86.666666666666671  465.65608690698809
45  94.0  341.60677132365788
50  94.666666666666671  311.04585224938097
10  88.333333333333329  272.85447871251966
15  61.0  574.86226947127489
20  94.333333333333329  275.99088731901833
25  73.666666666666671  715.9566966060695
30  89.666666666666671  425.04599330414834
35  92.0  384.41628982014976
40  87.0  522.99705248561861
45  91.333333333333329  379.66194063321797
50  96.333333333333329  303.78345963698536
10  63.666666666666664  388.69475504799004
15  57.666666666666664  622.86355725873682
20  75.666666666666671  550.18257686469417
25  79.0  497.776011241118
30  94.333333333333329  283.74426319393297
35  91.333333333333329  364.23584922704566
40  92.666666666666671  360.50199005904409
45  94.0  358.13572832544043
50  91.0  392.30469025283344
10  76.333333333333329  322.15277986976179
15  69.333333333333329  451.18789485465675
20  90.0  326.69793759823187
25  92.666666666666671  308.0121903323074
30  89.333333333333329  374.61722596016841
35  87.0  490.2753493803109
40  90.666666666666671  395.3700859854755
45  94.333333333333329  338.10715807738791
50  98.0  247.97940049086463
10  61.0  472.20739362097737
15  70.666666666666671  479.26856158062753
20  67.333333333333329  615.6122492788171
25  88.666666666666671  398.04349740871515
30  96.666666666666671  298.75201115280777
35  87.333333333333329  489.87900948277314
40  94.0  356.21464011357375
45  96.666666666666671  219.85356538108897
50  94.666666666666671  331.88658630075662
10  53.666666666666664  404.67913912208331
15  87.0  354.74508059801025
20  92.0  315.52943411238363
25  92.333333333333329  311.71998375619779
30  95.0  305.78486684809553
35  97.666666666666671  234.3642792808717
40  86.333333333333329  542.97034795486047
45  90.666666666666671  415.87753289395357
50  92.0  378.12214305795038
10  71.0  422.47436674679307
15  87.666666666666671  342.11311398771358
20  76.666666666666671  577.69472800270171
25  80.666666666666671  536.1089574029196
30  84.333333333333329  567.94605059199853
35  86.666666666666671  539.69107051432002
40  91.0  378.63470219152742
45  90.333333333333329  415.23127271467649
50  93.0  329.53555407392412
10  55.0  508.23798511746298
15  68.333333333333329  599.10615718896395
20  86.666666666666671  360.17685172843971
25  92.333333333333329  297.24085136525611
30  84.333333333333329  508.71211246276596
35  86.333333333333329  485.26741210891294
40  88.666666666666671  476.31717734330135
45  90.666666666666671  432.29993329567634
50  91.666666666666671  409.99563660420358
10  80.0  334.05744783319449
15  78.666666666666671  388.11883672121252
20  82.666666666666671  376.89277070587684
25  87.666666666666671  429.25674447069031
30  83.0  509.17831741609791
35  98.333333333333329  240.07647403998885
40  93.666666666666671  321.65739375425176
45  91.333333333333329  402.46099722360208
50  90.0  433.8354000045432
10  78.333333333333329  330.68483795345804
15  77.0  485.96039796810049
20  91.0  274.06206475057468
25  87.333333333333329  429.2622250591071
30  94.0  321.88952352880028
35  85.666666666666671  558.88780026913366
40  89.666666666666671  436.44782790041421
45  95.0  308.79728426453096
50  99.333333333333329  185.78175471974231
10  81.333333333333329  384.83047786257742
15  69.666666666666671  413.34217177037425
20  79.666666666666671  460.8461970316398
25  82.0  528.12831806282486
30  84.0  574.15043413646958
35  90.666666666666671  416.13519359040333
40  93.0  385.56926532062209
45  93.0  341.2252844911589
50  96.666666666666671  269.0776194878402
10  84.0  304.60706829477522
15  91.333333333333329  330.2831664857427
20  84.333333333333329  448.16986250015822
25  91.333333333333329  336.71000452050146
30  90.333333333333329  393.62979278590552
35  80.0  676.17154266797525
40  95.666666666666671  299.81432592885096
45  96.666666666666671  290.49847830168244
50  92.666666666666671  381.1352461361941
10  65.333333333333329  428.40793173897492
15  70.333333333333329  509.57753205168251
20  89.333333333333329  364.95953237663889
25  78.666666666666671  628.23204473082797
30  86.333333333333329  439.09421691752692
35  93.666666666666671  312.89358335323993
40  96.333333333333329  307.79256125188545
45  97.0  261.32984095316112
50  97.666666666666671  235.44055729687122
10  82.0  343.77094893368144
15  81.0  427.91765821641701
20  71.666666666666671  577.89514350762147
25  91.333333333333329  376.11655904309407
30  83.0  532.93335515633021
35  90.666666666666671  406.22439095524163
40  96.333333333333329  292.50443118725553
45  91.0  375.49468414384171
50  95.333333333333329  290.28499492782868
10  66.666666666666671  415.67674159874622
15  65.0  573.33733115341465
20  85.333333333333329  375.14048091776493
25  94.0  309.62925248979053
30  73.666666666666671  617.17672626229921
35  85.666666666666671  519.55684588401505
40  92.0  356.7669626122692
45  93.0  341.58982452191628
50  98.0  250.99486431197656
10  73.333333333333329  336.49137982627911
15  67.666666666666671  486.26736390882115
20  92.333333333333329  347.09177791979459
25  85.666666666666671  496.4383845498275
30  85.666666666666671  498.89891753979339
35  94.333333333333329  366.97211481764072
40  93.666666666666671  318.55992285538366
45  94.0  337.05932876057858
50  92.666666666666671  354.4138153177297
10  78.666666666666671  374.68194215406425
15  80.333333333333329  415.99991347324539
20  79.333333333333329  514.7217015914207
25  88.333333333333329  306.16426519334391
30  90.666666666666671  375.36403330916494
35  95.333333333333329  298.45896047637785
40  93.0  321.47906030045539
45  90.666666666666671  383.13133970403516
50  96.0  252.59301408982606
10  70.333333333333329  381.49306838810764
15  71.666666666666671  441.36248631408569
20  70.666666666666671  628.63084312069759
25  88.333333333333329  430.36517554890418
30  76.333333333333329  742.24850219978566
35  92.333333333333329  399.47764537025773
40  87.666666666666671  472.32684404948822
45  96.666666666666671  276.99522252049741
50  97.333333333333329  259.4675216215993
10  77.666666666666671  309.61307886379404
15  74.333333333333329  425.42106781057936
20  84.333333333333329  412.80410002187546
25  75.666666666666671  606.01159912581613
30  88.666666666666671  421.19146568911071
35  93.666666666666671  329.0580040578771
40  94.0  323.09911628752371
45  97.333333333333329  263.11994898474012
50  86.0  539.50013779476069
10  56.0  379.50817658525756
15  75.666666666666671  474.75935239314504
20  91.666666666666671  347.14843460018091
25  92.333333333333329  362.21393214972301
30  76.333333333333329  601.66961399120498
35  96.666666666666671  266.98226962111119
40  92.0  370.07361351099087
45  95.333333333333329  305.789745065261
50  95.333333333333329  311.10098072581428
10  62.333333333333336  447.44549275128969
15  83.0  395.5506169562592
20  84.0  455.19743838296716
25  91.333333333333329  341.02120617528186
30  85.0  524.24898384003814
35  95.666666666666671  298.12569704419968
40  91.666666666666671  402.9446818275502
45  96.0  289.07485175462921
50  95.0  308.51986660696855
10  63.666666666666664  467.32757576912064
15  80.333333333333329  446.35265160323553
20  73.666666666666671  540.46017996886462
25  94.333333333333329  329.04187043015759
30  92.0  328.43758509134614
35  93.333333333333329  328.49078154482203
40  90.333333333333329  441.30959016712325
45  92.0  367.14906702130583
50  96.333333333333329  264.56772908725236
10  72.666666666666671  421.16422775098977
15  88.0  338.34539166339101
20  81.666666666666671  389.04154496191774
25  88.333333333333329  320.5416452335125
30  97.666666666666671  245.31930624628993
35  94.333333333333329  326.81153844511147
40  93.666666666666671  315.69509252442333
45  92.666666666666671  333.86280763009682
50  99.0  210.45807639234278
10  68.666666666666671  459.34500988709499
15  74.0  452.2908203025126
20  94.0  289.83559696299648
25  84.666666666666671  476.3160179149429
30  93.666666666666671  320.8830140800531
35  92.333333333333329  369.3355246110566
40  90.333333333333329  438.60451813372043
45  96.0  299.6703376893995
50  93.0  352.71427372158774
10  73.333333333333329  421.60927739766703
15  78.666666666666671  412.44560493920238
20  91.666666666666671  286.3345072445253
25  87.333333333333329  423.76187172635872
30  93.0  264.52246633403871
35  81.333333333333329  602.6281962953326
40  93.666666666666671  351.15340190923479
45  96.0  286.4748882967308
50  93.333333333333329  364.86699724407362
10  70.0  396.08600060000987
15  83.333333333333329  352.05086714763792
20  81.0  390.23341674481895
25  78.333333333333329  611.8032539138452
30  91.0  384.63112995518964
35  86.666666666666671  524.4009644538977
40  95.666666666666671  306.05543131528611
45  86.0  542.36930406062265
50  94.333333333333329  338.17951943596233
10  62.0  475.54392553234135
15  77.666666666666671  437.71057191199657
20  88.666666666666671  326.72598747444385
25  88.0  423.87047144706901
30  90.0  390.28832633988105
35  91.333333333333329  418.81029128001768
40  97.0  298.17867663024884
45  95.666666666666671  279.71977649282456
50  97.666666666666671  265.37274615618924
10  74.333333333333329  360.94639273338072
15  85.333333333333329  335.86298154839142
20  86.666666666666671  328.51560835450408
25  94.0  290.0739014927085
30  85.666666666666671  485.66214751708628
35  87.0  477.7678514882478
40  91.0  391.36385514303066
45  95.0  305.55821803515283
50  94.0  329.24627098805695
10  61.0  363.77374671663381
15  84.333333333333329  365.05797973499767
20  82.0  393.26656098204484
25  89.0  344.14709657152093
30  87.666666666666671  428.34889534892608
35  97.333333333333329  296.50433875510947
40  94.0  316.35634086612089
45  97.333333333333329  268.44126108808825
50  94.666666666666671  315.14720199097178
10  70.0  336.9507483360677
15  75.0  391.96317247019607
20  76.333333333333329  527.64993429217725
25  88.333333333333329  422.11340343799799
30  93.0  277.2560865814487
35  91.0  413.55373158827888
40  86.666666666666671  492.34860195452364
45  97.666666666666671  241.54562447526436
50  96.333333333333329  266.64376053722424
10  77.666666666666671  372.74558632227991
15  82.0  349.43967934111515
20  81.666666666666671  444.20246485811316
25  88.333333333333329  336.53361982763084
30  87.0  471.80340993018592
35  91.666666666666671  367.71503842067142
40  97.333333333333329  233.8213357179776
45  95.333333333333329  289.95011624077324
50  99.0  207.14772539810377
10  62.666666666666664  402.20595688628833
15  83.666666666666671  330.99037873792787
20  84.333333333333329  398.52595646689008
25  93.333333333333329  310.40557168676253
30  87.0  469.21526324042048
35  92.0  367.94786210786481
40  97.333333333333329  252.48134874660408
45  97.0  257.20170102374124
50  99.0  188.51822150621683
10  65.0  418.24655766835019
15  58.333333333333336  653.27965205931105
20  77.333333333333329  510.43966412727605
25  83.0  424.99005625420313
30  93.0  353.72469814776815
35  91.666666666666671  343.96307925038292
40  88.333333333333329  456.04176827054687
45  97.666666666666671  215.02443157634593
50  95.666666666666671  254.53430993244669
10  48.333333333333336  597.04149173239568
15  64.0  582.94344136032998
20  79.333333333333329  446.40931791249062
25  82.0  515.85677259185468
30  82.666666666666671  564.43270108928766
35  90.333333333333329  424.44030772195077
40  93.333333333333329  355.46991417081648
45  93.666666666666671  365.4003908671998
50  93.666666666666671  353.33944460169704
10  58.666666666666664  450.77042425672823
15  79.333333333333329  420.83769006797451
20  86.0  357.63966711291937
25  91.0  362.01734732020299
30  87.333333333333329  436.83111631728576
35  95.666666666666671  297.49889198598936
40  93.333333333333329  377.77284717619773
45  99.666666666666671  195.56553651926575
50  94.0  338.96827514320489
10  61.333333333333336  414.34221784938467
15  82.333333333333329  387.21151364523269
20  91.0  323.08028357663829
25  93.0  310.32622008095603
30  88.333333333333329  430.42288465491595
35  94.0  361.92366410984977
40  89.0  465.29840965821847
45  93.0  352.95460727219711
50  95.666666666666671  297.48427533447756
10  83.0  293.45773906638999
15  74.333333333333329  499.69235751292763
20  86.333333333333329  354.6101020091287
25  85.333333333333329  421.55587247443265
30  87.666666666666671  475.32519279958319
35  88.0  401.72420832869568
40  86.666666666666671  540.64131913790789
45  94.333333333333329  316.2411482718349
50  97.0  240.28895329601036
10  65.0  431.18593029095746
15  74.666666666666671  470.36187224215877
20  91.666666666666671  341.66083713112232
25  93.666666666666671  306.07755212669383
30  91.333333333333329  385.19576284193363
35  81.666666666666671  596.09645348734625
40  91.666666666666671  403.84044617752909
45  97.0  255.68051771190866
50  95.666666666666671  246.64065911888574
10  63.333333333333336  454.85014227046111
15  87.333333333333329  332.96050587008301
20  95.666666666666671  239.64805410418796
25  81.666666666666671  543.82317301146384
30  87.0  432.57230372368076
35  84.666666666666671  491.67262276831315
40  93.333333333333329  329.4025126798449
45  94.333333333333329  342.38429864481384
50  98.0  226.20842972386828
10  58.333333333333336  409.5111116315328
15  80.0  357.94033809208975
20  84.0  450.56398211793237
25  93.0  291.58213942686001
30  92.0  357.81679151308015
35  91.666666666666671  392.062128673313
40  96.666666666666671  264.62822681111226
45  96.666666666666671  275.55941606833102
50  96.333333333333329  300.55175905796324
10  68.666666666666671  343.23198989067572
15  81.666666666666671  391.9808485316496
20  88.666666666666671  323.52989634093217
25  89.666666666666671  397.47438213978961
30  88.666666666666671  458.34193767962176
35  95.666666666666671  278.96509222349425
40  93.666666666666671  361.60273436391697
45  97.333333333333329  263.15678597214526
50  91.666666666666671  404.02845256423348
10  81.0  323.56416798964426
15  67.333333333333329  481.41294174290141
20  84.333333333333329  449.89147698434374
25  95.0  285.49371253994599
30  95.0  298.62041493247392
35  91.666666666666671  370.15159879173876
40  89.666666666666671  461.10280240452011
45  95.0  314.32885435341313
50  96.666666666666671  242.62781128768617
10  53.0  559.58222936883487
15  77.0  448.95372575639624
20  82.666666666666671  438.01385920722788
25  80.666666666666671  516.75483486294684
30  89.0  460.03103054243337
35  93.333333333333329  325.66755589943699
40  88.666666666666671  475.25618345385749
45  91.666666666666671  411.32363988500509
50  95.666666666666671  293.99313258359871
10  83.333333333333329  303.5114818949196
15  86.333333333333329  292.0118412555413
20  82.666666666666671  405.60811640733033
25  99.333333333333329  244.02379517605837
30  86.0  527.51921889646837
35  93.0  354.14177718993727
40  94.0  328.0274327284618
45  97.0  256.34819026680805
50  83.666666666666671  561.11649509072208
10  76.0  387.96510718561251
15  83.333333333333329  363.13464169340477
20  86.0  426.86034353520535
25  78.333333333333329  619.27533274775988
30  82.333333333333329  564.0655340260472
35  96.0  269.2562316101176
40  98.333333333333329  250.25465369676709
45  93.666666666666671  356.20291240693336
50  94.0  341.2870548110065
10  66.333333333333329  392.98718476741055
15  75.666666666666671  447.58215166190968
20  78.666666666666671  533.51971935928339
25  85.0  525.71873371261267
30  90.333333333333329  393.53105938224007
35  84.666666666666671  518.52514565824106
40  96.333333333333329  268.59983654714193
45  89.666666666666671  450.23122490938135
50  98.666666666666671  242.2582438705972
10  70.0  381.97130114053573
15  82.666666666666671  422.22170976570777
20  69.0  687.0581518305504
25  79.0  457.40078674931169
30  82.333333333333329  600.01576132083005
35  88.333333333333329  492.91962065302005
40  94.0  317.12692198657749
45  88.666666666666671  468.11173466033694
50  94.0  330.58306585598217
10  74.333333333333329  406.19485009882425
15  76.0  446.24467912786344
20  71.0  561.271671061598
25  88.0  396.46030629132269
30  89.0  439.18289429839371
35  91.666666666666671  369.16093191299058
40  91.333333333333329  430.68922943591042
45  97.666666666666671  253.9834590374499
50  98.0  218.09725773474239
10  80.666666666666671  291.91803372312694
15  65.666666666666671  556.01461221940826
20  93.0  269.72667639824493
25  84.666666666666671  495.85716805883459
30  91.0  343.64948107775058
35  96.666666666666671  281.5700304303536
40  92.666666666666671  384.70718748211073
45  91.666666666666671  348.09369722924134
50  97.666666666666671  273.77072320313539
10  59.0  488.60246492563704
15  72.0  517.24348771242614
20  79.666666666666671  489.67559873102778
25  80.333333333333329  603.35730922203788
30  94.333333333333329  327.76051023281099
35  82.666666666666671  618.806295099115
40  95.0  301.92307266864333
45  96.0  305.81414719037753
50  86.333333333333329  487.88382387264363
10  81.666666666666671  343.88948237393686
15  78.333333333333329  412.86604998514792
20  90.666666666666671  374.78053669415004
25  75.0  600.84711446195263
30  87.666666666666671  356.34741000407587
35  95.333333333333329  283.08256809562374
40  96.666666666666671  314.65446099669589
45  95.666666666666671  284.15009891527325
50  97.333333333333329  257.85331335885348
10  50.0  511.84242426562105
15  79.333333333333329  358.66633002211705
20  86.666666666666671  396.26899791771189
25  87.0  428.64293935417021
30  93.0  342.67624009473451
35  91.0  392.27418809061589
40  92.333333333333329  361.10858971447396
45  96.333333333333329  287.91063499313879
50  94.333333333333329  333.6202226693361
10  67.666666666666671  376.29400572566999
15  77.333333333333329  448.90995857210328
20  79.333333333333329  348.69392179981293
25  90.333333333333329  332.3744614480355
30  85.0  468.50992173543023
35  93.0  348.96077556156109
40  99.333333333333329  190.52893912058565
45  93.333333333333329  336.70465160242202
50  91.0  436.53993644642543
10  66.333333333333329  461.06611868660991
15  78.333333333333329  451.22148047109556
20  84.0  428.76290329407885
25  84.0  496.52034395082734
30  94.666666666666671  329.44677766958353
35  94.333333333333329  342.23317684353026
40  98.666666666666671  216.38601358374561
45  90.666666666666671  408.11714334739014
50  96.333333333333329  272.05471136714823
10  67.333333333333329  405.30216007860599
15  76.0  338.29901061618529
20  85.666666666666671  400.05018677814121
25  73.333333333333329  651.07498049887397
30  89.666666666666671  391.64639081605128
35  93.333333333333329  370.28981063111729
40  94.666666666666671  335.48400606591173
45  96.0  253.30076040294222
50  88.0  502.07192047975059
10  72.0  387.69840222002711
15  80.333333333333329  387.06136990699025
20  90.666666666666671  307.34884846616018
25  80.333333333333329  568.97140823716063
30  87.0  406.65545086915682
35  90.333333333333329  401.84297471408246
40  91.666666666666671  374.16328935550411
45  93.666666666666671  332.73876776589952
50  97.333333333333329  269.98708152837395
10  68.333333333333329  457.72129184563715
15  76.666666666666671  373.77029640856153
20  88.333333333333329  350.16540289353145
25  81.0  431.24163013283936
30  86.666666666666671  484.90529441807377
35  99.0  224.27503205080524
40  94.0  329.96111224207044
45  81.333333333333329  582.92937391215889
50  95.0  311.22367434231091
10  73.666666666666671  380.93092342903327
15  77.0  497.05959793372324
20  90.666666666666671  338.1945322871664
25  86.0  445.1978945851107
30  82.333333333333329  645.18197853349466
35  93.333333333333329  311.42448830596226
40  85.666666666666671  517.26858015826679
45  90.666666666666671  387.16891382595156
50  91.333333333333329  403.08654612284801
10  74.333333333333329  384.69698761430925
15  80.666666666666671  386.99678064872046
20  78.0  484.30561861077859
25  86.333333333333329  415.98102513233925
30  87.0  353.28515571765712
35  96.0  257.68086238813936
40  91.666666666666671  372.89432080244052
45  94.333333333333329  350.79061966690892
50  98.666666666666671  209.39290245972566
10  73.0  388.44456822350708
15  81.0  388.15904933900538
20  87.666666666666671  376.81891818781781
25  88.666666666666671  474.96910724171477
30  94.0  332.13427961405597
35  91.666666666666671  377.81906480158852
40  96.0  243.18760416185341
45  95.333333333333329  294.98095721590175
50  94.333333333333329  318.72247402070195
10  77.666666666666671  387.07714723392405
15  54.0  504.21677581689016
20  87.0  398.89691529350534
25  95.333333333333329  264.94617219598092
30  94.0  308.56319479720008
35  96.666666666666671  268.94987704502239
40  89.666666666666671  454.47681907843548
45  92.333333333333329  376.61460111100024
50  90.666666666666671  427.33503653320236
10  65.0  444.7092793324511
15  82.0  365.30206353268414
20  86.666666666666671  367.47467350125578
25  92.666666666666671  344.03053827459951
30  87.666666666666671  439.26356440211862
35  97.666666666666671  243.68239764229142
40  93.0  314.50650549697156
45  95.333333333333329  292.68093077799944
50  91.666666666666671  394.92771047553987
10  82.333333333333329  291.92110928896739
15  80.0  366.45480621737113
20  85.0  371.94916831142024
25  80.0  561.11864756807825
30  91.0  340.25286665607308
35  95.666666666666671  325.15400453537893
40  98.0  196.17300842797292
45  94.0  325.82944127906245
50  97.333333333333329  274.58963254733067
10  68.666666666666671  372.68985083250533
15  76.0  425.31131505033585
20  78.333333333333329  500.24171275820561
25  87.333333333333329  419.35205358244872
30  89.333333333333329  340.999945520697
35  88.333333333333329  402.94829369869132
40  92.0  346.49291350701117
45  95.666666666666671  298.38831488934142
50  95.333333333333329  299.88559111048693
10  59.333333333333336  536.29101873595596
15  87.666666666666671  346.51107099892664
20  82.333333333333329  466.0894852232754
25  86.0  422.95709752905282
30  85.0  537.47779642557532
35  86.666666666666671  513.26467769404303
40  91.0  407.20234123174805
45  96.0  297.82514133755927
50  96.666666666666671  276.95264666977999
10  61.0  463.98828545946611
15  81.333333333333329  395.98586211796186
20  78.666666666666671  458.23342607147163
25  91.0  333.65814204133704
30  92.0  368.90784150940078
35  96.0  252.79207736566465
40  93.0  385.38929724426299
45  93.333333333333329  346.56636618432282
50  95.333333333333329  282.27062453879688
10  44.333333333333336  528.89764408086864
15  84.0  334.59766249093741
20  80.666666666666671  460.04314142230214
25  87.333333333333329  402.98037747700556
30  88.0  449.67358504150377
35  92.666666666666671  354.77738969503906
40  93.333333333333329  327.00323909453465
45  98.0  234.56553737185149
50  92.333333333333329  383.6534950471758
10  72.0  376.58181607628046
15  75.666666666666671  471.32677197830577
20  82.0  389.15127759942425
25  80.333333333333329  494.21717181976777
30  79.333333333333329  619.18403946084516
35  91.333333333333329  407.19286571742788
40  93.0  362.82945869212739
45  89.666666666666671  406.30285789996174
50  90.333333333333329  427.02445672736371
10  62.333333333333336  467.17847977414255
15  74.333333333333329  345.69205238153046
20  90.333333333333329  355.35621354590199
25  83.0  515.81343058478626
30  86.333333333333329  466.72124245938096
35  86.333333333333329  499.08952293867929
40  76.333333333333329  777.72362860862211
45  92.333333333333329  387.15458488356978
50  95.666666666666671  280.31642735327011
10  67.0  423.01360203958478
15  74.333333333333329  522.71717084172985
20  68.333333333333329  595.52461542712842
25  87.0  417.39273280801547
30  88.666666666666671  426.11572534977762
35  91.0  412.62226223082371
40  86.0  511.92185327480098
45  89.666666666666671  396.96891455076576
50  96.666666666666671  269.92858760753859
10  64.333333333333329  401.68664940517931
15  84.666666666666671  315.4007226973801
20  76.0  492.76301868171822
25  77.333333333333329  557.56832414872235
30  81.666666666666671  561.2217244504609
35  94.666666666666671  331.90935895388276
40  94.0  327.90610264362618
45  94.666666666666671  312.72827660815676
50  93.333333333333329  352.26687767142039
10  68.0  403.00365684835356
15  72.0  507.81695530195492
20  83.0  433.4021646009117
25  90.0  358.69952571743869
30  92.666666666666671  373.60407381050544
35  93.0  316.19039706041957
40  96.333333333333329  277.24369043546733
45  88.0  453.10000280628037
50  96.333333333333329  273.42800656206197
10  66.666666666666671  385.80481892411075
15  64.333333333333329  544.52630564763729
20  82.0  460.98528685340324
25  85.333333333333329  457.47311788391534
30  91.0  344.18438826505604
35  89.666666666666671  444.00777532099579
40  94.666666666666671  308.06030837383713
45  96.0  284.17878208734703
50  96.333333333333329  279.48106960527332
10  68.333333333333329  453.07004149008986
15  87.0  377.72869337511861
20  89.333333333333329  313.56049653073092
25  78.666666666666671  606.2448065280347
30  88.333333333333329  455.06467166258665
35  90.0  380.91985383116855
40  95.0  301.3117539335434
45  91.333333333333329  394.15123181453572
50  96.333333333333329  262.59089634571285
10  57.666666666666664  480.49458531227737
15  82.0  376.90135400195459
20  88.333333333333329  344.87283518652697
25  87.666666666666671  395.74326117089731
30  88.666666666666671  497.81882160018313
35  90.0  433.94054070332993
40  98.333333333333329  219.260470634608
45  94.666666666666671  336.98358282351205
50  96.333333333333329  274.88763093673998
10  76.333333333333329  341.05048254562337
15  73.333333333333329  467.63572043091352
20  79.333333333333329  466.43262819401332
25  84.666666666666671  475.65529742774112
30  90.333333333333329  369.31593284054361
35  87.666666666666671  419.19847729907679
40  95.333333333333329  303.92434849454946
45  96.666666666666671  274.16985864444007
50  97.0  232.08096694921775
10  50.333333333333336  379.20118387458126
15  57.666666666666664  650.96653957368551
20  88.333333333333329  380.05156388811554
25  85.0  449.79926695794234
30  94.0  305.38963105382959
35  92.666666666666671  351.01768754878537
40  96.333333333333329  271.77600712794293
45  95.0  318.38474438599536
50  98.333333333333329  224.23168570880446
10  75.0  384.24656244113703
15  70.333333333333329  515.60967130883478
20  90.666666666666671  324.6363879489661
25  90.333333333333329  378.55702159769686
30  92.666666666666671  367.89396981012834
35  93.333333333333329  350.34932485558051
40  93.666666666666671  342.49953610911064
45  98.0  235.76265759169286
50  95.333333333333329  293.75381961991917
10  74.0  366.98986827728908
15  75.0  456.73722711708228
20  79.666666666666671  488.12268385849347
25  86.0  430.37249627520947
30  87.333333333333329  495.8371703003308
35  95.333333333333329  291.52922054664606
40  90.0  440.14116824748328
45  94.333333333333329  341.05508804981861
50  95.333333333333329  292.30710428063065
10  75.333333333333329  356.24307206269623
15  80.333333333333329  405.59821893846697
20  92.333333333333329  326.34965517425576
25  85.666666666666671  390.92206134671557
30  91.333333333333329  339.15822474255896
35  92.0  386.88702804656549
40  93.666666666666671  325.75726513047317
45  95.0  335.90142571488985
50  94.333333333333329  327.58892325089317
10  65.333333333333329  492.59326388546407
15  89.0  311.92178997972962
20  94.333333333333329  280.93832913259865
25  88.333333333333329  397.68300171907015
30  92.666666666666671  316.44088794123775
35  91.333333333333329  372.60383291161753
40  98.666666666666671  245.64777135505119
45  95.0  294.44410227155231
50  97.0  242.2271801394763
10  82.666666666666671  322.82373238861987
15  84.333333333333329  282.70901910538248
20  86.333333333333329  370.71625555193765
25  86.666666666666671  459.09500332282676
30  91.0  429.84997465434492
35  80.0  684.72682069729149
40  97.666666666666671  243.2478394031898
45  90.0  419.54840416430739
50  97.0  252.38574030063302
10  62.666666666666664  397.05899383117105
15  81.333333333333329  424.10307844311126
20  93.666666666666671  349.64855228294772
25  87.0  447.58321887521709
30  92.0  358.81813831976109
35  86.666666666666671  501.64294988289055
40  89.666666666666671  433.20727654633578
45  90.666666666666671  375.38954793023788
50  95.666666666666671  289.49835504622661
10  61.666666666666664  456.09437700690637
15  76.666666666666671  484.00746206920996
20  86.0  377.56975151019043
25  77.333333333333329  577.19345181779454
30  93.0  311.37460557448861
35  95.333333333333329  297.21405542675598
40  97.333333333333329  240.23558431342821
45  91.333333333333329  388.71254874859267
50  96.333333333333329  245.05788811929548
10  77.0  343.44458323400733
15  60.0  556.55692118419006
20  83.666666666666671  394.45836815450076
25  82.333333333333329  478.32436567769696
30  79.333333333333329  637.26044564404947
35  93.333333333333329  332.12280382696554
40  97.0  252.0032083675583
45  93.333333333333329  366.13318975078573
50  91.333333333333329  389.48790089014176
10  43.666666666666664  485.9624079259475
15  72.0  499.45562016359588
20  79.333333333333329  419.49634796906713
25  84.0  446.48807904244904
30  81.0  588.08533522774439
35  88.0  474.95799150179425
40  91.333333333333329  402.98921249960472
45  92.666666666666671  380.47223725997253
50  93.333333333333329  333.57496777004729
10  47.666666666666664  444.84202516371795
15  87.0  325.49066423148025
20  88.666666666666671  364.63010802773215
25  88.0  443.8927385556832
30  96.333333333333329  296.6716546122106
35  95.0  313.80059801166021
40  93.333333333333329  380.10811790478965
45  92.0  386.46094463228616
50  93.333333333333329  357.08395733518171
10  64.666666666666671  413.09221972141626
15  72.666666666666671  505.70357714203311
20  90.333333333333329  307.26433898396465
25  81.666666666666671  512.16415815567564
30  89.0  440.00395751384843
35  84.0  531.19605628177101
40  93.0  324.46630289106719
45  92.0  357.37051381122109
50  95.666666666666671  322.96140451921406
10  76.666666666666671  392.68704660250671
15  77.666666666666671  502.70784106364187
20  81.666666666666671  380.9366254342317
25  75.666666666666671  663.34164600141821
30  85.0  515.64414702944748
35  87.0  498.06611342397082
40  93.333333333333329  345.35208654144429
45  91.333333333333329  384.75968568447342
50  97.333333333333329  237.18458440187521
10  64.666666666666671  439.16778796471721
15  83.0  337.54221159089315
20  66.0  521.34119999525205
25  92.666666666666671  345.54011835198997
30  95.666666666666671  270.30589193525083
35  96.666666666666671  250.71592878377197
40  96.666666666666671  274.5268911735746
45  96.0  254.31840563959577
50  92.666666666666671  378.2150897131192
10  74.666666666666671  328.05513023119494
15  79.0  393.36389991203487
20  82.0  439.79146810817855
25  89.0  379.70352165871878
30  87.333333333333329  452.56877648327628
35  95.333333333333329  284.25043522470526
40  89.333333333333329  455.39599079231999
45  86.666666666666671  528.46394060138664
50  91.0  419.28191764438293
10  77.0  391.2460506736233
15  85.0  361.92466111974147
20  81.0  489.51476981179712
25  88.0  438.06135936646029
30  94.333333333333329  319.24447968123104
35  89.333333333333329  413.06652400509597
40  88.666666666666671  420.22119993029872
45  98.333333333333329  244.2923492552699
50  93.333333333333329  371.26653884176585
10  75.0  345.06250667183986
15  88.0  334.41715191079641
20  93.666666666666671  291.6794713150428
25  88.333333333333329  415.22271657156142
30  91.333333333333329  379.59123188497023
35  96.0  275.95969001268128
40  90.333333333333329  437.43943254314235
45  94.0  321.53945816486771
50  92.333333333333329  378.91038459619602
10  74.666666666666671  373.62878913200996
15  69.666666666666671  471.60188087703949
20  89.666666666666671  334.01591570433737
25  86.666666666666671  345.55935377323317
30  82.333333333333329  575.03019849638338
35  92.666666666666671  379.41794828072813
40  95.333333333333329  262.23019708984691
45  98.333333333333329  236.41858155015944
50  93.333333333333329  317.70551743569212
10  48.333333333333336  454.54405957665057
15  75.333333333333329  478.78475889757289
20  72.333333333333329  501.14658006515987
25  88.0  394.6527900347798
30  88.666666666666671  412.73847658006798
35  87.666666666666671  455.45701555696655
40  87.666666666666671  520.97134245563961
45  94.666666666666671  343.07940008828655
50  95.666666666666671  256.46421779905234
10  73.333333333333329  323.31860491105243
15  61.666666666666664  528.53077681211141
20  95.0  276.68884215039509
25  73.0  601.24457126074196
30  83.0  559.55339302426955
35  93.666666666666671  307.0296135522911
40  96.0  291.81522346310362
45  94.333333333333329  317.56509233277166
50  94.666666666666671  303.49211105426082
10  63.0  494.05868151112429
15  79.0  399.97582711077962
20  92.666666666666671  317.51018928114513
25  77.666666666666671  508.30161842196043
30  86.666666666666671  436.34765323098696
35  88.333333333333329  437.90741900655769
40  96.333333333333329  297.22163821109933
45  97.666666666666671  226.31102260297408
50  94.0  331.01903351976841
