10  72.0  390.88533568868621
15  78.333333333333329  380.69002872855856
20  82.333333333333329  363.60442258379572
25  89.333333333333329  373.65892192575433
30  86.666666666666671  371.60148345895874
35  89.0  426.34947919310429
40  83.333333333333329  404.13985008121654
45  89.0  341.00334465746448
50  87.666666666666671  448.40775291805915
10  56.333333333333336  373.30631351568678
15  69.0  440.13392002854715
20  74.0  370.9452509973035
25  72.333333333333329  666.13793514232088
30  73.666666666666671  612.71903722334685
35  75.333333333333329  664.39703141338566
40  88.333333333333329  387.15963105683909
45  82.666666666666671  471.60769789601733
50  92.0  314.61285773421139
10  65.0  413.81269129394377
15  86.666666666666671  286.88962119377112
20  76.0  477.77415695840716
25  82.666666666666671  453.86082499501617
30  81.333333333333329  444.88568741093826
35  89.0  345.45064404506331
40  86.333333333333329  414.80660009455681
45  88.333333333333329  494.39606206320099
50  81.0  348.8334807048866
10  80.333333333333329  217.47787192581447
15  82.333333333333329  322.64598813869497
20  85.0  364.64274490654094
25  80.666666666666671  479.00220561898772
30  77.666666666666671  557.13605048462307
35  88.0  438.74831576628088
40  88.666666666666671  433.70394078093909
45  90.333333333333329  329.7194000253225
50  92.333333333333329  316.55163548934928
10  42.0  461.90140302931854
15  76.0  481.39409394419317
20  75.333333333333329  565.72206548236022
25  80.0  438.20376726933699
30  82.333333333333329  617.31525362636432
35  85.0  513.95107866805006
40  87.0  375.6131464985383
45  86.333333333333329  626.58895939639262
50  90.666666666666671  342.13210552527659
10  65.666666666666671  383.52559589324517
15  57.666666666666664  575.35732920407008
20  65.0  687.51417069812624
25  79.333333333333329  522.09963395495481
30  81.0  449.61796870416686
35  87.0  383.6421989167772
40  87.0  372.33346001899076
45  82.333333333333329  574.47890992362852
50  91.0  247.97842136031906
10  66.666666666666671  450.6028155281395
15  69.666666666666671  508.79804577370231
20  80.666666666666671  388.59625390331962
25  81.333333333333329  387.12966819437503
30  73.333333333333329  572.23969057816896
35  78.666666666666671  717.33605303857939
40  85.0  457.24380943563449
45  87.333333333333329  405.21307531398776
50  89.666666666666671  381.74115547676399
10  47.333333333333336  285.56565645580054
15  64.333333333333329  582.67071185004147
20  79.0  491.61631050031434
25  83.0  399.04697988989767
30  83.333333333333329  538.54970745095534
35  88.666666666666671  300.55309047824397
40  91.0  319.54575874197451
45  89.666666666666671  385.63674447858807
50  90.333333333333329  314.15808450011798
10  70.0  430.75823395320708
15  75.666666666666671  452.68381981497299
20  74.666666666666671  510.37234849132295
25  87.333333333333329  332.79567787580191
30  83.0  448.75960374755704
35  90.666666666666671  297.80424154664081
40  83.333333333333329  613.12316296947245
45  85.333333333333329  459.61336040356252
50  90.666666666666671  445.04748689713642
10  57.0  338.81120074181626
15  66.0  555.07764797330162
20  71.333333333333329  518.27761700950691
25  81.666666666666671  398.44030599783713
30  83.333333333333329  519.07853891500235
35  92.666666666666671  335.69717816856507
40  87.0  434.36060807666024
45  88.333333333333329  483.69788964579016
50  89.666666666666671  429.73125806502145
10  79.0  352.0996593977062
15  67.666666666666671  524.75609109013851
20  75.333333333333329  459.65184864000162
25  63.0  817.20512220282285
30  85.0  449.65521565435415
35  85.666666666666671  500.49211114485553
40  87.333333333333329  453.53750593440787
45  87.666666666666671  289.01504121764322
50  85.666666666666671  607.871010807483
10  61.333333333333336  388.63538833700255
15  64.666666666666671  498.26988816726464
20  75.333333333333329  479.88732322099918
25  81.0  366.69133808271715
30  85.666666666666671  363.91417705050446
35  77.0  464.01190195535679
40  78.666666666666671  583.24953761638687
45  93.333333333333329  285.37267959407529
50  90.333333333333329  369.10112216217505
10  51.0  474.25612395360974
15  71.666666666666671  348.5079868680279
20  75.333333333333329  516.23585232591245
25  82.666666666666671  487.68279783006153
30  85.666666666666671  449.59327308885662
35  90.666666666666671  355.36605607390567
40  91.666666666666671  286.99703902138378
45  83.666666666666671  528.88992355501409
50  94.0  270.97443926010595
10  55.333333333333336  428.73122670965427
15  75.666666666666671  459.2115095229471
20  84.0  454.82754335553608
25  82.0  427.91677734244075
30  81.333333333333329  503.23256397771382
35  84.666666666666671  361.20317239266666
40  86.0  406.0612962768185
45  89.666666666666671  415.20264789169153
50  92.0  242.46850664877772
10  76.333333333333329  346.51425076024287
15  77.666666666666671  380.68701436356383
20  75.666666666666671  468.61842469318822
25  83.333333333333329  375.01468939608458
30  77.666666666666671  523.51953156196271
35  89.0  390.63525677383751
40  90.666666666666671  309.61261249417208
45  87.0  459.98808497987841
50  90.333333333333329  326.54585535554423
10  55.0  323.11636687782794
15  75.333333333333329  443.29975446058285
20  73.333333333333329  437.80830463620936
25  78.333333333333329  562.86383325119175
30  89.0  354.32869880520599
35  86.0  443.49725045046461
40  81.333333333333329  597.65093382800694
45  82.0  607.8524953238159
50  93.666666666666671  250.6841273289503
10  60.666666666666664  427.45868752308729
15  61.0  335.04693464533887
20  74.333333333333329  482.14192432117136
25  71.333333333333329  479.49141851953135
30  79.0  487.65032784271648
35  81.333333333333329  629.51864524347627
40  85.0  572.55492927397358
45  88.333333333333329  366.64470574328442
50  87.333333333333329  330.00122563493301
10  66.333333333333329  444.06083350064984
15  77.333333333333329  375.52437044018359
20  72.0  619.29898117865673
25  76.666666666666671  525.91374007373713
30  85.0  462.48563215358564
35  87.666666666666671  380.45855363295613
40  88.333333333333329  426.46962037221209
45  89.333333333333329  326.05495540435896
50  90.333333333333329  425.09900883407761
10  38.333333333333336  180.91533441793035
15  76.333333333333329  420.77952301080256
20  78.0  446.92525829123878
25  79.333333333333329  513.36338396021847
30  89.666666666666671  337.04054048198475
35  92.0  301.75704317980319
40  91.333333333333329  314.24312771116115
45  84.666666666666671  535.79056809558153
50  86.0  570.31681473086235
10  60.666666666666664  502.5815533693044
15  71.666666666666671  419.0516317544928
20  78.333333333333329  465.86255860290436
25  82.333333333333329  452.50141850570952
30  77.0  644.9617732346635
35  87.0  360.31940037881344
40  83.0  591.30751190237743
45  93.0  291.97362590069838
50  94.666666666666671  241.29971038505599
10  53.333333333333336  424.15132555283981
15  65.666666666666671  527.20002062140441
20  78.333333333333329  498.38236875411798
25  78.666666666666671  490.58566904331042
30  80.333333333333329  589.26920390960368
35  88.333333333333329  391.95498918028954
40  85.0  388.70600571713533
45  91.666666666666671  335.35614126911844
50  87.666666666666671  446.46431375546678
10  55.0  411.99537313304899
15  63.333333333333336  514.48081810696772
20  74.333333333333329  353.22293358029464
25  81.666666666666671  297.60137034822088
30  83.333333333333329  575.71707390698305
35  85.333333333333329  487.16916925973482
40  83.666666666666671  637.82645013398781
45  84.333333333333329  602.68651744423869
50  87.0  453.14775047305716
10  64.666666666666671  481.75470721916838
15  72.0  394.81903129560254
20  69.333333333333329  511.69221634314465
25  84.666666666666671  372.3079704684576
30  80.0  525.90551215079347
35  88.0  349.41792954398545
40  87.666666666666671  405.86230362749308
45  90.0  318.37800175968431
50  93.333333333333329  322.56028238722286
10  59.0  366.91181268918956
15  66.666666666666671  588.35532536298842
20  74.333333333333329  420.1696924048299
25  81.0  521.5839143027938
30  89.333333333333329  257.15575216980568
35  89.333333333333329  394.88790160964527
40  89.0  394.74973489505504
45  91.0  290.76284946312944
50  87.0  453.81167186465262
10  71.0  352.21875356117118
15  77.0  277.13391491669779
20  72.666666666666671  523.41774620661135
25  73.666666666666671  439.07521521414196
30  75.666666666666671  709.52472418951879
35  81.0  658.42560941421391
40  85.666666666666671  440.90516808479441
45  86.666666666666671  472.53437763556985
50  85.333333333333329  485.6582657866926
10  55.333333333333336  305.32983735832556
15  67.0  596.50570331774918
20  88.0  306.85573772517967
25  79.333333333333329  343.66092423110018
30  84.333333333333329  481.61179736548513
35  86.0  484.35225575663873
40  83.0  552.74827230004655
45  93.666666666666671  240.44089160590903
50  89.0  409.46775524037554
10  78.0  259.57412233826426
15  60.666666666666664  574.00114485900986
20  75.666666666666671  440.55097303275886
25  88.333333333333329  335.40437914719729
30  90.0  361.51634948385617
35  89.333333333333329  366.56846721465325
40  82.333333333333329  589.09208445178956
45  90.666666666666671  357.5890308181676
50  90.666666666666671  270.80110540723905
10  74.333333333333329  371.65089291423885
15  85.666666666666671  371.71207222622076
20  79.0  439.8811738266055
25  73.333333333333329  688.58985835905889
30  88.666666666666671  377.38632848037753
35  92.333333333333329  249.32849780764482
40  89.0  372.98897665818009
45  90.333333333333329  331.83277927646913
50  86.0  550.55479690015682
10  59.0  357.45990421469372
15  72.333333333333329  397.97747621765279
20  81.0  420.59209121370446
25  82.666666666666671  391.92349387996882
30  85.0  404.58242440340643
35  77.666666666666671  682.21530136451304
40  91.333333333333329  311.76643907700094
45  83.666666666666671  654.55392958280538
50  91.0  301.28700617617022
10  70.0  397.93694426594419
15  69.666666666666671  446.11572372163698
20  73.0  491.97769002815966
25  87.0  332.67869668218816
30  85.666666666666671  491.91758662750914
35  82.0  405.41942989682184
40  89.666666666666671  318.68912812770429
45  91.0  379.57501020591462
50  90.666666666666671  337.71318997386464
10  66.666666666666671  305.33905043813905
15  71.0  485.0058289977448
20  79.333333333333329  494.48959367583114
25  78.666666666666671  565.03343996459535
30  86.333333333333329  464.44988193431959
35  90.666666666666671  288.06676283375776
40  85.666666666666671  424.80557233014071
45  88.333333333333329  346.60731209760485
50  87.0  397.93471007486102
10  73.0  364.88543220354063
15  84.333333333333329  333.41098930228731
20  81.333333333333329  416.87720275874597
25  81.333333333333329  528.14246554914325
30  80.666666666666671  554.4621229367624
35  87.333333333333329  375.14357687454145
40  81.666666666666671  627.30580246825411
45  86.0  430.01131565650178
50  89.666666666666671  351.95523789757027
10  44.0  480.03952009577296
15  72.666666666666671  388.07482272367639
20  79.666666666666671  435.25035763835598
25  77.666666666666671  523.46957067242158
30  83.0  504.22107511555231
35  85.333333333333329  559.23879887605267
40  89.0  384.08151063513225
45  84.0  458.87372530308454
50  87.333333333333329  522.50510425736695
10  54.666666666666664  497.54351136396861
15  80.333333333333329  352.9028121001059
20  73.0  434.22889593248652
25  81.666666666666671  427.30562698226169
30  89.333333333333329  307.9997781387097
35  82.333333333333329  599.32028073222011
40  85.333333333333329  508.82664523244483
45  93.666666666666671  209.77457789727444
50  87.0  447.79005986850177
10  65.333333333333329  348.92935710662385
15  74.333333333333329  406.92224979149637
20  75.333333333333329  538.76117906018214
25  73.333333333333329  687.03112222878167
30  81.0  504.86113166229103
35  86.333333333333329  330.90837142801274
40  87.0  320.85483141286892
45  87.666666666666671  460.27307129798231
50  93.666666666666671  282.753537374058
10  61.333333333333336  372.45840920390498
15  70.666666666666671  484.06731430073199
20  73.333333333333329  514.4574373450854
25  73.0  554.1239276389822
30  90.333333333333329  365.76405520073718
35  89.0  433.61246828000549
40  92.0  262.35752541183058
45  89.333333333333329  332.03520351839239
50  91.666666666666671  330.2000045327963
10  66.666666666666671  372.79767155322281
15  76.333333333333329  412.27277918183682
20  76.333333333333329  406.95336366392587
25  74.666666666666671  431.03510272791476
30  86.0  443.97059417781088
35  83.333333333333329  647.50865593373578
40  80.333333333333329  550.51529079276577
45  86.0  548.03076045934267
50  92.666666666666671  286.779465216517
10  61.666666666666664  465.77158809451572
15  63.666666666666664  541.73578334495755
20  79.333333333333329  419.63219425377133
25  85.333333333333329  466.13004931030429
30  84.0  512.40240045963276
35  85.666666666666671  396.27884337366066
40  87.666666666666671  399.79733392559478
45  88.333333333333329  351.90314317279422
50  87.333333333333329  610.74950989570652
10  59.0  471.88156345115357
15  82.333333333333329  317.36057926257683
20  84.333333333333329  345.70795038771371
25  91.0  244.02030177768012
30  82.666666666666671  379.57360269351551
35  91.333333333333329  317.92491065475207
40  82.333333333333329  459.23859947566257
45  90.333333333333329  427.08308745867572
50  94.666666666666671  192.20335597856641
10  62.666666666666664  369.57488481477714
15  71.333333333333329  537.81497469261365
20  69.0  562.49192948423763
25  80.333333333333329  413.82137807363995
30  81.0  510.97526711584567
35  90.666666666666671  365.96498555992741
40  86.0  498.28605872458974
45  92.666666666666671  301.85050577092375
50  87.666666666666671  477.22573046357962
10  51.333333333333336  534.37849948528924
15  77.333333333333329  413.93854212893638
20  87.333333333333329  338.43382298037608
25  84.333333333333329  386.72384003400856
30  85.0  444.31103313077654
35  86.666666666666671  421.99994244925853
40  86.0  375.10129901648554
45  89.333333333333329  407.14912361676528
50  85.333333333333329  374.07952139485002
10  64.666666666666671  406.17293990164609
15  80.666666666666671  385.20485058925254
20  75.666666666666671  491.71141482849856
25  78.333333333333329  507.38809466467006
30  80.666666666666671  502.24533789438738
35  80.0  698.06217817007212
40  81.666666666666671  569.90643403703621
45  88.666666666666671  392.59274361665649
50  87.0  337.44740946565435
10  76.0  358.00051837776545
15  85.333333333333329  315.67983626445448
20  49.666666666666664  723.07229703867131
25  85.0  399.12034408121036
30  82.666666666666671  499.92181609243676
35  86.0  355.02493856367624
40  91.0  283.25031829265242
45  84.333333333333329  588.37718902666461
50  91.0  316.25221730010844
10  63.333333333333336  417.04764510294791
15  68.666666666666671  549.87192309093621
20  66.0  432.36570508903174
25  83.0  394.70864693788695
30  83.0  520.03278517672402
35  87.333333333333329  472.65982301358855
40  90.666666666666671  428.29102259385024
45  87.666666666666671  513.02289268720165
50  87.0  406.97649685323165
10  67.0  410.10644821384363
15  69.666666666666671  394.36514073376611
20  77.333333333333329  528.16583817794753
25  71.0  546.35757510278154
30  80.0  491.61611488715789
35  85.666666666666671  487.54322065474037
40  88.666666666666671  324.60901436040359
45  91.333333333333329  323.8997714266107
50  90.666666666666671  337.99848387064736
10  69.333333333333329  370.13155099916264
15  69.666666666666671  401.00597392745055
20  79.0  463.71333881297608
25  82.333333333333329  452.73180786570538
30  77.333333333333329  707.11174673256414
35  88.333333333333329  367.1818700899812
40  80.666666666666671  541.30453680605672
45  90.0  347.71696330859106
50  82.333333333333329  636.42544894303035
10  59.0  440.47697257318089
15  86.0  335.24697702392604
20  73.666666666666671  418.4024462882756
25  79.666666666666671  435.21301334519507
30  80.333333333333329  530.24676993673074
35  85.333333333333329  460.01311834430572
40  91.666666666666671  332.86618818851889
45  90.333333333333329  276.90972222552199
50  89.0  351.89078357955532
10  73.0  394.32339160557285
15  76.0  447.54456445786326
20  70.666666666666671  568.82343069322428
25  77.333333333333329  589.07034613429573
30  82.666666666666671  419.22142503134438
35  81.666666666666671  566.34185894863629
40  87.333333333333329  407.67904371716151
45  88.0  447.36044874924738
50  91.0  370.30024625114112
10  65.333333333333329  313.53466410979485
15  71.333333333333329  429.19328282171637
20  82.333333333333329  428.990273213205
25  81.333333333333329  367.19028395123144
30  80.0  644.84609739598625
35  82.666666666666671  488.10671758929533
40  85.333333333333329  465.26859355428076
45  90.333333333333329  365.09165504316582
50  86.333333333333329  521.81380124801035
10  68.666666666666671  385.5672792036695
15  69.0  370.27609657409204
20  82.0  393.18622212703644
25  76.333333333333329  445.8845333023778
30  83.666666666666671  479.76011272774127
35  87.0  455.92006668198678
40  88.333333333333329  455.70998436321958
45  79.666666666666671  784.58715344512643
50  89.666666666666671  364.22738254404402
10  56.333333333333336  382.76195291109838
15  53.333333333333336  529.79460584266303
20  89.666666666666671  314.60243308245043
25  76.666666666666671  506.22382222602755
30  83.666666666666671  449.84169279797618
35  90.666666666666671  329.88725025363561
40  86.333333333333329  482.39690006373434
45  88.333333333333329  402.30474530165202
50  93.666666666666671  255.49987653471686
10  49.666666666666664  479.4814085930247
15  77.333333333333329  448.37007449421645
20  82.333333333333329  342.98206176362663
25  81.666666666666671  480.04738694074007
30  85.666666666666671  379.61590888332171
35  85.666666666666671  406.95377050028645
40  88.333333333333329  405.94895888185215
45  87.333333333333329  431.77965483104367
50  94.0  240.37771202485072
10  71.666666666666671  382.04044648579054
15  66.0  315.74575532143814
20  78.666666666666671  438.8960215253353
25  83.666666666666671  463.21183422459291
30  83.333333333333329  597.40909498880194
35  78.666666666666671  630.45900859135349
40  89.0  408.18247281174166
45  86.333333333333329  515.97104615824355
50  90.0  328.34817791586488
10  72.0  387.29542217070519
15  57.333333333333336  587.49245347608235
20  85.0  414.2809766343612
25  88.333333333333329  367.87386950667218
30  82.666666666666671  379.5463435814932
35  80.333333333333329  481.7369852427006
40  87.0  389.49272804659859
45  89.666666666666671  391.33046620535328
50  91.0  291.48803185954569
10  58.333333333333336  467.65171295716289
15  87.666666666666671  250.35059085404748
20  80.666666666666671  527.3169387635395
25  84.333333333333329  395.53829879239692
30  84.333333333333329  480.23693431095165
35  82.666666666666671  542.63428719992544
40  88.333333333333329  411.59337053575496
45  88.666666666666671  375.73363975536091
50  92.0  269.49146373594056
10  51.0  488.25311867274951
15  58.0  524.85117313883973
20  77.333333333333329  431.29750991441159
25  74.666666666666671  580.16731146571101
30  83.666666666666671  509.21534575460356
35  85.0  448.46961029727089
40  87.666666666666671  392.24645976098918
45  90.333333333333329  297.85636333058301
50  94.0  245.82080290848276
10  68.666666666666671  413.28164452044859
15  80.666666666666671  315.32953369283695
20  83.666666666666671  307.463916676228
25  84.666666666666671  396.3644035914981
30  84.333333333333329  445.30296431815464
35  88.0  413.76507282053961
40  85.333333333333329  405.86500857631529
45  83.666666666666671  490.04083558497894
50  90.333333333333329  356.07641166836424
10  62.0  322.21911564486248
15  59.333333333333336  594.53802928796893
20  78.666666666666671  458.22702265717993
25  75.0  658.21312347059722
30  74.0  639.57431870956896
35  90.0  304.64721158898874
40  77.666666666666671  591.85449621154442
45  88.666666666666671  420.6074626689483
50  86.333333333333329  564.31950158140194
10  62.666666666666664  397.92863199397692
15  58.333333333333336  458.13796722916129
20  74.666666666666671  519.27846859239696
25  82.333333333333329  303.37463042789665
30  86.333333333333329  353.84618600557553
35  85.0  630.16958199628448
40  80.333333333333329  570.36874985338352
45  89.666666666666671  347.48501787724939
50  90.0  366.8885632597258
10  72.333333333333329  377.28247603384671
15  61.0  313.38883054296883
20  77.0  452.74543707936647
25  90.333333333333329  325.43328852947053
30  81.333333333333329  426.10573290460496
35  75.666666666666671  718.36180198804084
40  88.666666666666671  319.60711937116827
45  89.0  426.0617384239531
50  89.333333333333329  386.88121515863998
10  64.666666666666671  338.34075675676957
15  78.333333333333329  363.76257363115184
20  73.333333333333329  453.366900150513
25  76.666666666666671  496.71757253264343
30  81.0  551.49918460918798
35  82.666666666666671  492.4026838622554
40  92.333333333333329  302.28293218652436
45  91.666666666666671  265.33607114498466
50  92.333333333333329  323.49398679630997
10  73.0  313.847689837026
15  75.666666666666671  378.06685197494011
20  78.0  358.98886101301582
25  76.666666666666671  441.93417517771036
30  86.333333333333329  432.65782557930072
35  87.666666666666671  420.09116787519173
40  85.333333333333329  449.9490430888971
45  90.333333333333329  352.22818495430727
50  91.666666666666671  340.68654659312915
10  60.666666666666664  518.29243924499792
15  62.0  571.84722058268426
20  73.333333333333329  545.71757102356321
25  86.666666666666671  373.43222835676545
30  82.333333333333329  422.36646132761609
35  90.0  322.2735620206787
40  88.666666666666671  341.29630448043724
45  89.666666666666671  404.38558800351967
50  87.666666666666671  425.75230477548558
10  59.666666666666664  424.56111445735439
15  90.333333333333329  182.85041367028995
20  76.333333333333329  529.34072495814348
25  83.0  479.21616201449854
30  85.0  404.32295198546416
35  80.0  551.72137029841156
40  78.666666666666671  661.41969543607752
45  92.333333333333329  318.04456114470702
50  90.0  377.81039580425494
10  69.0  411.39916950888278
15  56.0  641.81969683916145
20  82.0  392.90543077693292
25  86.666666666666671  437.88509837620921
30  79.0  557.97463253890351
35  83.0  543.86981581156624
40  82.333333333333329  597.38905706594153
45  87.0  415.53391697736254
50  87.333333333333329  430.98562500214854
10  61.0  343.01952070117818
15  78.666666666666671  397.81457725526303
20  79.0  411.04263490250167
25  71.666666666666671  625.3369160629278
30  83.0  491.49584586649638
35  77.333333333333329  598.89228329713194
40  85.0  455.95183769370362
45  87.666666666666671  486.07111940390701
50  87.333333333333329  424.39745214073611
10  60.0  388.25528232069939
15  75.333333333333329  426.72252628418994
20  72.0  454.02853961379094
25  77.333333333333329  479.10542212122311
30  81.0  473.83226602796839
35  85.333333333333329  392.91688356857259
40  89.666666666666671  377.0676311939298
45  86.333333333333329  416.11051091536336
50  93.0  329.73978179806119
10  62.0  505.61806170897455
15  71.666666666666671  431.33102941471799
20  80.0  386.71345945452867
25  86.0  386.8688200792156
30  90.333333333333329  320.4115664025976
35  84.333333333333329  463.65079333569139
40  89.666666666666671  369.79802299886325
45  90.0  330.54895305997377
50  87.0  359.59931407110389
10  58.333333333333336  358.42257834775796
15  72.0  349.05785087536589
20  77.333333333333329  539.08473474219545
25  79.333333333333329  588.61088678378235
30  86.333333333333329  385.66881130752893
35  81.333333333333329  461.83371020485743
40  86.333333333333329  456.81697820079813
45  93.333333333333329  286.38257470362652
50  84.666666666666671  480.59001050620202
10  44.0  583.73028977414344
15  68.0  377.61642429051415
20  79.0  450.28349470740471
25  86.0  373.59254843262767
30  87.333333333333329  379.78854027130961
35  90.333333333333329  323.88146274608795
40  78.0  741.94022941961691
45  88.333333333333329  399.45289348724589
50  93.333333333333329  290.1919563444456
10  61.333333333333336  381.53868404403858
15  82.333333333333329  280.33708828782329
20  78.333333333333329  345.65726157506663
25  83.333333333333329  432.9177851331815
30  79.666666666666671  593.04767918310495
35  89.0  381.11454821703956
40  88.0  373.20472033817356
45  88.666666666666671  383.22840797336676
50  93.666666666666671  267.16550621377127
10  58.333333333333336  435.85021647706782
15  72.333333333333329  457.22443618448989
20  79.0  459.76942628169354
25  86.333333333333329  404.89800344862198
30  86.666666666666671  425.52266801918506
35  86.666666666666671  339.78290722692151
40  83.0  530.45072237626925
45  89.0  403.78984124626004
50  92.666666666666671  357.44215984318106
10  55.333333333333336  439.06839424779815
15  62.0  543.56418967724574
20  83.333333333333329  417.64431275795147
25  88.0  348.96978992478853
30  75.666666666666671  580.55874895201362
35  91.333333333333329  278.87819634195603
40  89.0  305.93328781389613
45  86.666666666666671  416.62910775269927
50  80.0  657.40661183684881
10  55.333333333333336  402.60321447769093
15  79.666666666666671  368.7641678064104
20  81.0  414.29059592781562
25  69.666666666666671  662.13230635059199
30  79.666666666666671  415.79645880739889
35  87.666666666666671  374.63590748686795
40  82.666666666666671  542.76786650426413
45  91.666666666666671  296.2747609577101
50  79.666666666666671  409.72143017825516
10  66.0  379.90275335249777
15  82.333333333333329  328.6793063117405
20  80.666666666666671  478.40153720913628
25  88.0  314.58110063477886
30  79.666666666666671  440.18880229300248
35  82.666666666666671  489.7488846542218
40  88.0  529.78991530616213
45  95.0  169.58531444925566
50  86.666666666666671  462.23253711366544
10  34.0  446.6933950046095
15  80.0  354.69763870686188
20  77.666666666666671  404.94510746059819
25  74.333333333333329  607.36252553170482
30  92.333333333333329  328.66734742368345
35  84.0  521.98910622739777
40  83.0  325.19041697849667
45  91.333333333333329  368.64577684620792
50  90.0  470.02394825647934
10  67.0  434.44760214079463
15  60.333333333333336  482.39642767338501
20  82.333333333333329  410.6572853510832
25  80.333333333333329  525.59131620578842
30  81.666666666666671  575.42345777530909
35  85.333333333333329  523.58329444768503
40  90.333333333333329  384.08718409912171
45  85.0  508.28137764841108
50  91.0  294.45701560073178
10  54.333333333333336  488.1125224113037
15  77.333333333333329  333.92262326511621
20  75.333333333333329  448.95094327175542
25  80.666666666666671  468.48414020983427
30  89.333333333333329  342.75438685419903
35  90.333333333333329  298.03441330674912
40  87.333333333333329  455.99575980726939
45  79.666666666666671  457.81547645039706
50  88.333333333333329  436.63698145111778
10  50.333333333333336  502.03496670730584
15  71.0  494.05753305308133
20  73.666666666666671  714.44563423073691
25  80.333333333333329  495.79423249976804
30  89.333333333333329  342.76989131438205
35  85.333333333333329  559.65731303308803
40  87.333333333333329  328.6175758538779
45  89.666666666666671  328.16138285671889
50  92.0  379.6308847069472
10  70.333333333333329  348.03044648261488
15  62.666666666666664  437.4624043164045
20  84.333333333333329  402.40099642355324
25  80.333333333333329  469.39945371880441
30  87.0  387.81085705617568
35  80.666666666666671  599.88972204007587
40  86.0  457.99032236133542
45  89.666666666666671  293.82888043503664
50  89.666666666666671  402.88614287907444
10  51.333333333333336  332.83471030856964
15  68.0  444.38145236936896
20  79.0  535.33723944221435
25  79.333333333333329  454.79462320038556
30  75.0  482.90202405575945
35  92.0  271.88324084700565
40  85.333333333333329  482.24682086372496
45  92.333333333333329  328.40565320058511
50  94.333333333333329  220.64579973239967
10  62.666666666666664  381.37422992070384
15  51.666666666666664  554.83139063307397
20  75.333333333333329  471.09595376329838
25  77.333333333333329  494.97248997217088
30  88.0  351.42148325596128
35  86.333333333333329  367.82068527493544
40  78.666666666666671  616.71509106957785
45  87.0  349.8690216909049
50  90.333333333333329  345.02388525258806
10  65.333333333333329  347.70496148954152
15  76.0  389.65772729806463
20  68.0  455.62358951464034
25  81.0  393.7167122691734
30  85.666666666666671  424.63386248153029
35  75.666666666666671  649.35171297073271
40  83.666666666666671  561.45620818238717
45  88.0  396.77886924748861
50  88.333333333333329  355.92708183657538
10  58.666666666666664  540.61366818697661
15  66.666666666666671  232.48043237954866
20  79.0  446.93597264529325
25  90.0  302.8074481385126
30  78.666666666666671  568.68036041907078
35  88.333333333333329  397.88940345672722
40  81.0  611.17445544110342
45  89.0  421.90469468130738
50  88.333333333333329  446.75179775406536
10  73.333333333333329  343.91673404411546
15  72.0  440.6824810035987
20  80.333333333333329  426.84407734710442
25  82.0  484.45842393565147
30  84.666666666666671  388.62920074621803
35  82.333333333333329  569.95838111465753
40  84.333333333333329  517.09961244183887
45  87.666666666666671  378.24370411829454
50  88.333333333333329  462.41228137736647
10  60.666666666666664  420.05721366434517
15  65.333333333333329  438.90463785734732
20  74.0  462.27202457661622
25  85.0  402.19820486225711
30  81.666666666666671  483.96093142707377
35  85.333333333333329  489.62905127777236
40  78.333333333333329  440.79439791990592
45  82.666666666666671  590.97558936453993
50  88.333333333333329  483.1329487217937
10  72.0  346.76522202067349
15  66.666666666666671  468.49036296354507
20  80.333333333333329  414.27059293078366
25  87.0  347.23734380451998
30  79.0  467.26738497487156
35  80.666666666666671  394.98684004141677
40  84.0  547.01198724299161
45  84.0  529.81535420208093
50  88.333333333333329  432.05425875668499
10  40.666666666666664  604.81222098797616
15  61.0  593.00025220962016
20  78.666666666666671  430.63083444609953
25  78.333333333333329  486.14714116047975
30  76.333333333333329  610.71908135905596
35  85.666666666666671  450.87686873996512
40  88.0  452.6046875472299
45  86.333333333333329  505.34426557652603
50  92.333333333333329  303.79596755715272
10  59.666666666666664  374.79627132157344
15  68.666666666666671  559.15898695021349
20  76.666666666666671  272.1993854259058
25  79.333333333333329  522.39543709537645
30  82.666666666666671  568.65456592496605
35  88.666666666666671  409.22735080087887
40  79.333333333333329  583.75706631554294
45  91.333333333333329  269.81896236393197
50  92.666666666666671  281.32549931842999
10  46.666666666666664  285.30461398370011
15  66.333333333333329  363.81651447943534
20  86.0  356.70670514427934
25  76.333333333333329  595.9172209287434
30  88.333333333333329  347.93085262881868
35  83.0  460.16278109383444
40  83.666666666666671  549.59381254606865
45  82.666666666666671  691.51482551276877
50  88.666666666666671  410.21668824130325
10  69.666666666666671  316.882665366136
15  79.0  420.83361619522719
20  79.333333333333329  447.09409954059515
25  77.666666666666671  526.94431770298206
30  85.666666666666671  436.18544076408335
35  76.666666666666671  711.97957852245463
40  85.666666666666671  316.70361543498109
45  81.333333333333329  478.22624096772728
50  89.666666666666671  328.57501186049149
10  53.333333333333336  381.84210331677781
15  69.333333333333329  390.79289353009915
20  59.333333333333336  856.51921830112917
25  79.333333333333329  607.56616571148686
30  81.0  476.87257187937644
35  80.0  534.17113976549092
40  90.0  341.54582692040242
45  88.666666666666671  375.41776138470482
50  90.0  340.54297427428975
10  68.0  427.93932738494738
15  77.333333333333329  450.45127751720133
20  80.333333333333329  502.82097000255817
25  83.0  474.37814107102389
30  82.333333333333329  540.31145602647825
35  85.0  434.32886473681856
40  89.666666666666671  336.18076258767201
45  90.333333333333329  320.29576909353375
50  83.333333333333329  405.83965013679682
10  62.0  425.00693713418457
15  58.666666666666664  449.98847206345368
20  82.666666666666671  453.42116811758996
25  79.333333333333329  566.91527565834224
30  75.0  593.71681951247933
35  88.333333333333329  439.79990404430083
40  81.666666666666671  477.71677226362868
45  91.333333333333329  318.96885076037097
50  91.333333333333329  355.33254501495946
10  60.0  478.91134922864222
15  75.333333333333329  445.87022046169437
20  64.0  671.25605824036074
25  78.0  540.05864661540124
30  80.333333333333329  518.22494758875291
35  88.0  449.48460875572761
40  88.666666666666671  275.07565989036897
45  89.333333333333329  382.74832031360643
50  87.333333333333329  343.37397755267568
10  63.0  422.60165237317216
15  61.333333333333336  570.81859079388084
20  79.666666666666671  463.16006563313232
25  81.333333333333329  497.77936432338248
30  83.333333333333329  534.93210744519831
35  92.333333333333329  274.46316248847336
40  80.0  512.2193429537092
45  87.666666666666671  455.34743128070193
50  85.666666666666671  558.39700193824831
10  69.0  346.29850851544228
15  73.666666666666671  467.5862961356176
20  82.0  434.93448877687882
25  83.333333333333329  390.42561847801039
30  78.333333333333329  549.73755699806122
35  82.333333333333329  557.27812671681545
40  82.0  353.20390332929975
45  75.333333333333329  754.52224788983108
50  88.333333333333329  506.02333623978762
10  62.333333333333336  362.15843615535147
15  71.0  440.53253915399119
20  86.333333333333329  375.21781606736624
25  86.0  305.63084111687778
30  80.0  531.72852065134316
35  81.333333333333329  559.7625624381767
40  87.666666666666671  379.72603780518835
45  85.333333333333329  463.01660387471338
50  90.666666666666671  368.73410576138292
10  54.666666666666664  399.40134765049271
15  62.666666666666664  441.41372760676433
20  72.0  580.03973194451908
25  80.666666666666671  382.91151013985018
30  83.0  490.92527078329726
35  85.666666666666671  376.78797256772731
40  80.0  641.21722579069001
45  91.333333333333329  318.97258777328301
50  81.666666666666671  646.77492007305511
10  69.666666666666671  379.5171333958653
15  84.333333333333329  379.67753675565939
20  71.666666666666671  573.85485505040504
25  83.333333333333329  475.68098458288642
30  80.333333333333329  460.15128621902323
35  88.0  437.62462803140761
40  89.333333333333329  336.40977167224969
45  88.333333333333329  478.20417887656987
50  88.333333333333329  494.29209085806895
