6  95  63.777740581931674
7  76  82.66024469047764
8  76  149.11678062355981
9  86  114.69309490545005
10  90  96.873059276739497
11  81  154.18559234952713
12  58  317.49592053275762
13  89  144.55672715504249
14  100  65.570928701435008
15  86  143.05566941627538
6  63  151.09728944380356
7  64  146.05371483971783
8  66  177.21380030013805
9  87  98.710742016907901
10  52  106.39857941208494
11  100  56.400956743984544
12  76  178.48573122579623
13  90  130.63606275929382
14  94  67.662232678085857
15  94  93.269976046873751
6  60  115.76479681544801
7  47  183.05044085405501
8  73  185.20407307505113
9  82  91.492778625559552
10  42  219.26370430822237
11  85  121.69882566137841
12  87  109.81095768265295
13  55  332.00664055344708
14  90  122.39356171646446
15  91  101.34387369681573
6  53  101.96201855782633
7  45  206.70890688215712
8  68  81.871572502645407
9  61  106.66428198878391
10  62  189.9029042562058
11  100  70.451822431915531
12  62  249.90347499397384
13  92  130.2091953368442
14  93  89.073912702561088
15  76  158.51298009559204
6  55  116.99556422394498
7  55  197.61211541323246
8  78  137.3769364276358
9  90  102.14111481864182
10  58  215.21193792818994
11  80  191.71651939215653
12  75  79.6717759389403
13  100  73.925831636465617
14  93  112.36272585818394
15  78  182.51881144291013
6  8  252.20805682922136
7  40  267.66995702219521
8  82  151.25420288096015
9  76  86.903183120749077
10  81  143.03384549232092
11  98  88.086343165487875
12  82  85.677809874925728
13  73  170.41373044974503
14  100  62.008040587921293
15  91  102.57348164071884
6  54  194.48281247967759
7  82  92.094525478904728
8  82  127.97890337443729
9  56  200.41633620510424
10  57  142.99943040898438
11  90  113.98196783549986
12  65  245.95561415092098
13  74  242.12042036879708
14  91  123.09875714496309
15  59  201.35140658163004
6  42  124.94980563990796
7  63  171.86155839145047
8  85  93.381401450617759
9  72  136.13698127316411
10  93  81.652104669449187
11  81  170.8696787666353
12  70  167.85996224138071
13  77  211.38327509999067
14  81  193.08495327686441
15  61  280.05770633205674
6  77  98.498940740874559
7  71  156.70906677579026
8  73  134.82183054219698
9  76  134.25346556466013
10  86  116.59972459056426
11  59  223.16994682587824
12  80  159.5782988051609
13  99  93.592783826263656
14  100  63.493857776901088
15  94  91.959174062593391
6  31  177.27191411349682
7  71  105.98145291338136
8  70  161.50243563387195
9  52  160.40380953421533
10  89  82.762448567026325
11  59  259.30070844713595
12  75  158.73209044233852
13  86  139.76800003208518
14  81  178.71486925426248
15  89  121.293628241083
6  90  62.416557049310356
7  10  53.221139561720726
8  55  196.82804340909982
9  88  86.413820267325363
10  64  263.80547321362229
11  51  298.00016757854166
12  81  168.87435166396989
13  84  124.54163217377567
14  93  104.46148758225705
15  80  209.08894144582112
6  77  74.855376941465039
7  47  239.14160854337868
8  53  155.34468323044257
9  52  193.6782056905771
10  83  138.42371608412091
11  69  233.37673255063993
12  78  188.44771960965551
13  62  280.43879753382538
14  95  85.013927997642966
15  94  101.5109660546424
6  70  147.79801163568411
7  61  155.75827507717921
8  56  197.70353808234469
9  69  199.87113827258599
10  60  211.99661327629843
11  83  120.14975429048627
12  91  106.46913630769212
13  92  99.77088624612324
14  78  100.96659564209378
15  93  106.37181778726261
6  47  141.71961949205897
7  45  190.19272839217615
8  59  269.59386930678374
9  49  261.47667791483923
10  51  200.39884990273347
11  63  97.87861939674535
12  76  157.73754472853119
13  98  76.26625508032501
14  94  98.492340085869913
15  87  122.36278264811341
6  15  155.58205656664555
7  26  153.84584096994152
8  27  285.10523134525806
9  61  259.8665758525874
10  65  142.90231569001986
11  84  134.18380655158379
12  92  120.51809044456361
13  96  93.330881314690259
14  95  93.625970143302638
15  98  69.747301721391068
6  35  161.1705294432297
7  50  90.907295729112036
8  71  152.57244532498223
9  71  125.10624575277318
10  76  135.17018807197294
11  77  180.39488136383963
12  72  206.21476063241428
13  72  221.53802795689893
14  82  169.6081890769272
15  94  103.40892048813811
6  40  229.36552934225801
7  62  135.04163176989505
8  81  98.168097788428653
9  87  99.886427380738937
10  45  255.59412888453372
11  86  144.33384113242684
12  88  112.88327126377064
13  81  157.22143882357369
14  100  52.108151913531998
15  95  74.507332201617572
6  38  188.20270344235956
7  20  148.75788053894934
8  73  120.84968463062435
9  36  136.83253358111068
10  76  193.43619534306424
11  43  318.82316823636262
12  80  89.772707252081673
13  56  291.20285407260968
14  89  104.36067682793043
15  93  97.48251656335735
6  46  141.90231648611811
7  82  128.79352897444878
8  87  85.85108908207603
9  83  135.06321337643143
10  87  123.21296471816046
11  83  135.82054548787693
12  79  200.69937559434393
13  93  86.998794613178418
14  80  166.21061099098634
15  93  96.300200750869777
6  52  203.43492321887126
7  9  132.99999999999997
8  65  202.04382454559806
9  84  131.90391823656148
10  71  98.591593839578863
11  97  74.053073522457296
12  88  110.04910831284113
13  87  65.319430624532416
14  93  131.08483169311836
15  82  189.09400504398684
6  68  130.3908272543934
7  53  192.10791167641284
8  58  225.63794183618796
9  69  106.69391966621515
10  52  177.86561563851015
11  64  226.79700284049986
12  77  162.47575735537379
13  100  56.571232935586927
14  86  111.91135207653782
15  84  159.00545534325551
6  59  55.427080963150978
7  73  103.28409824965773
8  86  88.487313468354373
9  41  321.77830094110641
10  59  183.88428233935517
11  47  341.74874275313294
12  57  304.26911320648361
13  72  209.99790959515349
14  83  151.85197274894441
15  87  151.50645742750893
6  57  135.92508581450804
7  93  78.692025942395745
8  81  114.58170052868877
9  96  81.64122100305697
10  68  177.93553228562098
11  80  179.38292342196598
12  93  111.61095841411866
13  100  92.90154673069766
14  91  113.4842331110719
15  96  74.973785774486203
6  63  141.85705474412143
7  91  91.455499047537785
8  68  178.75219853103138
9  87  80.730206193998114
10  49  346.8263345792808
11  84  117.03749177892196
12  58  258.49552948215108
13  89  113.88933304842536
14  81  193.65816324796162
15  90  133.37301645898017
6  49  129.83736669138301
7  53  206.15486190053599
8  50  197.49437409999172
9  88  98.445454264006486
10  82  148.69680051767011
11  68  260.35377515087276
12  90  100.23417314857535
13  100  65.73636836448128
14  88  95.583828507208608
15  96  84.316623244367477
6  48  198.98783083608069
7  74  116.89484567209659
8  100  74.59910137145161
9  61  257.01523645656164
10  68  191.49928286960511
11  89  109.65186267900482
12  72  189.40211996157265
13  95  100.3546949631138
14  73  263.81080590719387
15  73  204.51291349677584
6  27  193.45646691608403
7  70  127.39558308056272
8  73  145.41487092623933
9  92  85.581658632762355
10  89  99.772077272838132
11  73  177.73033184631336
12  81  104.97202846302085
13  68  225.50665773745683
14  91  120.69712262660008
15  89  117.2654492309269
6  77  109.70828764960807
7  74  119.77798942721272
8  48  186.20849654819861
9  31  189.08733374393765
10  67  209.06892303781984
11  62  196.80476294933604
12  70  159.1216743301531
13  82  194.40962411290539
14  86  158.57066125460082
15  81  165.27109128669144
6  71  142.3495055808142
7  72  143.19232424596595
8  77  125.69522067687899
9  81  102.54675871541902
10  67  211.40936958366413
11  93  97.368075417923777
12  65  231.15027618337047
13  92  100.10829792200096
14  88  119.97061045439774
15  79  214.44713407248835
6  34  239.68734674967533
7  58  149.22867377375098
8  35  196.80954280003368
9  59  190.6041327139873
10  86  115.70637077913428
11  75  172.24662794506014
12  70  205.22328548493826
13  85  141.60187304498888
14  97  81.880418913474884
15  91  125.79251921479909
6  37  158.16315439024567
7  51  127.6945102296507
8  57  214.62858656800518
9  62  176.36272549899743
10  100  52.133988576103597
11  71  203.6199328453053
12  95  96.741834757513928
13  69  223.56869044497668
14  100  46.273946447494204
15  91  136.86026990777748
6  63  148.49044201690188
7  26  112.58596874298014
8  37  203.18491563531276
9  56  250.06546207356411
10  67  62.469562857618875
11  54  173.87477588426555
12  68  200.11189311891738
13  84  126.57143026634678
14  75  137.99885503849194
15  94  81.56040925807622
6  93  73.699777165545214
7  47  189.80608505521189
8  75  113.23763757106313
9  72  131.91442073180502
10  57  195.24566397778247
11  97  69.843187738007614
12  96  82.719070359696232
13  95  97.912130697822377
14  51  350.60578535498246
15  100  63.962035383556312
6  57  133.71766638785803
7  76  69.786977911958218
8  66  190.93247571141163
9  74  128.8931427331452
10  41  325.26899670974279
11  89  85.964899622013149
12  85  110.09051754557306
13  90  128.51834547266543
14  73  197.13029196235084
15  92  100.76603940963267
6  23  26.816042966611359
7  91  82.305180578557284
8  78  120.81368498487906
9  54  275.71032967941551
10  51  189.96688893565553
11  84  150.42668311615751
12  73  142.95287895137477
13  68  268.31542851000023
14  74  213.6211417152613
15  82  194.54146720820285
6  26  106.38875269622355
7  46  187.83418034879102
8  62  155.54883590827779
9  76  165.24351312975594
10  93  102.32351125019088
11  10  394.42286930211714
12  88  134.90763239206203
13  56  243.11270003268223
14  82  157.11197552479774
15  89  109.14728522711822
6  94  81.575430177857996
7  37  146.93702476725576
8  75  142.49761977432826
9  45  212.98455872166784
10  85  147.09530250071563
11  62  218.6345686369468
12  48  248.61710299102486
13  86  134.21275704234029
14  83  187.21515648581664
15  86  153.98204679191863
6  31  120.52445894104405
7  42  197.29259072323038
8  48  191.23292969776091
9  55  183.39408093908401
10  92  57.300893968265413
11  59  274.31395182482527
12  85  136.25189227551735
13  89  86.001767754773269
14  100  43.607361481769189
15  99  85.439856350172519
6  28  161.42134877829963
7  63  139.94440893438338
8  76  69.498140276346035
9  78  124.44999546270455
10  43  210.56692263350365
11  72  188.52801594336535
12  56  259.29913856713796
13  68  231.54884258596181
14  74  236.67512679738883
15  89  116.71116319889234
6  23  171.71102240049106
7  31  168.27877708872981
8  72  153.94771227277343
9  65  126.5796189086404
10  61  252.19548875344955
11  66  216.75920567946312
12  49  256.53785794947743
13  90  106.29815102444012
14  63  275.34496349008612
15  100  68.015055762701778
6  59  202.54100514012532
7  77  66.624001544769712
8  54  98.951617901058839
9  70  177.18999823638163
10  53  253.44628843943707
11  50  189.84928779310843
12  70  209.98014750936966
13  76  162.80861673628036
14  33  264.86048293687605
15  86  120.55019499820189
6  55  142.98673655371607
7  86  105.83964075539647
8  62  182.10504539375174
9  62  206.49412739768914
10  63  272.68159518089084
11  53  333.55577068418711
12  76  163.74162246694445
13  100  57.095517178029539
14  97  95.534152315622563
15  94  54.538942764831702
6  64  151.2135833128967
7  56  198.00673213698767
8  65  165.06071895616989
9  51  197.33839409599435
10  37  322.28270633488927
11  97  78.680887356990382
12  57  283.89852688978584
13  94  97.05244289271765
14  74  210.28685100050043
15  84  138.49572879934354
6  63  133.8921251311113
7  74  124.28148848765373
8  48  218.13153024730036
9  52  328.2388388801653
10  69  149.41970772903383
11  95  90.044144978207356
12  77  162.59029429439531
13  81  143.71152788765062
14  80  192.98919778516375
15  66  90.073447697458221
6  81  105.80699695032993
7  79  96.373636806469506
8  69  151.75158904705791
9  98  77.651841436292855
10  70  176.76011132798016
11  74  188.99413231191173
12  62  175.80624597800056
13  90  119.57751909592299
14  84  147.13352915944392
15  76  252.1287070075621
6  16  113.0627911570981
7  47  243.31689480992989
8  27  195.71328078074032
9  70  165.68979885471876
10  73  198.28371205941878
11  75  190.15157633425292
12  96  83.771163586247127
13  95  68.102431043839417
14  96  93.46786648294146
15  96  95.521177851903033
6  13  169.88012078146193
7  92  91.052171974935874
8  72  140.96107286856395
9  55  267.15623547993982
10  71  112.04847600113645
11  66  98.817161830421753
12  85  127.28652854020883
13  84  143.77478572148087
14  98  61.053026388797427
15  98  72.35442340773993
6  45  231.92088814937441
7  68  90.555420326942055
8  61  136.54524544630112
9  78  138.39463797684439
10  56  251.52133342268385
11  78  188.78837474810493
12  66  70.366545420186881
13  85  182.31729984530136
14  79  187.04618665352737
15  91  125.1406185146879
6  63  112.53348677586773
7  49  133.19654287651554
8  43  218.81747692681159
9  66  175.15735762155839
10  59  216.72651749650151
11  67  141.62431957729086
12  50  269.34900432604462
13  93  82.602766691581877
14  91  119.07956656932309
15  71  266.13342505418296
6  47  227.30125114895273
7  90  99.336810668343517
8  70  150.06308983264071
9  78  130.2565414507205
10  65  161.21580709195138
11  67  224.34933324920345
12  65  240.23879639934202
13  100  69.306906897062447
14  86  149.18932912204133
15  98  68.658524476684747
6  62  110.48530184644021
7  37  162.55621718985216
8  46  124.47505371886987
9  79  85.099304545114592
10  74  196.40733550112765
11  75  140.45514513854079
12  96  92.81104053432145
13  91  88.659944470238472
14  96  82.722439854424252
15  77  188.65933012494355
6  75  86.499555631565443
7  95  74.667713752686225
8  68  112.3777923688715
9  65  163.81427118122002
10  60  203.02625407785106
11  79  149.58509016129366
12  99  56.942245224671908
13  66  225.57459313633973
14  96  79.091036922799248
15  90  109.32336102565702
6  62  133.45952520840007
7  61  122.68191280680155
8  49  236.16197157436662
9  70  155.80590298882063
10  84  151.11085155588688
11  87  106.5393168405201
12  100  61.67629211801178
13  97  74.090281191806341
14  88  126.48840220996649
15  89  144.88097802925117
6  60  77.529387371584122
7  60  93.234717109506576
8  88  102.31510830861644
9  76  120.36780479303904
10  85  135.41910901476888
11  100  68.478516774235757
12  86  124.73389835864238
13  91  115.80153212932157
14  62  278.60508674954298
15  95  105.08425574650661
6  74  75.93979641616616
7  88  82.742977940209144
8  86  123.26777200192251
9  64  209.44534968996055
10  96  72.379789180111885
11  92  105.07313023923898
12  92  97.065002045988464
13  96  81.496400515797689
14  100  50.336733533100777
15  100  32.422875181099357
6  44  211.61932549959607
7  72  111.82020006436916
8  59  201.30522030978304
9  43  336.21297668770967
10  53  221.50504652913594
11  91  83.634746984897504
12  97  68.295977767540919
13  70  219.45687948642038
14  91  84.000568146427696
15  79  195.68913862740433
6  70  105.66174194017027
7  47  172.48071952193987
8  79  137.45938077032841
9  61  229.65603218686866
10  69  187.99732017476867
11  77  241.02968161955309
12  87  125.40927252805685
13  95  90.810236437882097
14  91  130.69087461121225
15  100  56.496046628162667
6  53  165.48647008786619
7  65  112.02262572094318
8  53  206.94789136863051
9  72  174.72450198120228
10  91  74.898204852182488
11  97  73.992885037154835
12  86  166.48436366340201
13  88  138.56775301468738
14  73  192.04612911355392
15  89  94.455780782110679
6  15  95.202109851797346
7  60  92.971281660779198
8  59  153.4213393513794
9  95  80.194689714258175
10  82  125.46353128316859
11  88  98.3561509000575
12  86  125.81553218665431
13  86  123.74715536609774
14  65  282.84429256963381
15  78  194.531832734928
6  68  172.25466899737933
7  74  125.39149125334077
8  71  139.57148996713829
9  79  133.12746526571877
10  83  126.29636911394316
11  85  96.669091889262461
12  91  95.700411489456826
13  95  93.371641080056392
14  95  80.23447028709198
15  99  76.522864485913615
6  35  156.75553549340361
7  56  99.383506660897424
8  66  225.95897915257481
9  89  106.70683091982593
10  75  182.65503809751959
11  56  268.55223137365067
12  76  90.050443127143183
13  73  229.47695072819943
14  85  150.36507508330698
15  85  140.93245311242836
6  17  121.51614348612935
7  62  140.57764909415536
8  99  63.562352062587379
9  65  215.79756907104195
10  67  212.17030803750234
11  97  69.920380890206772
12  80  171.98947567219307
13  94  101.82820689123672
14  94  103.53540306958887
15  92  98.909995976818095
6  34  132.1698486324637
7  28  156.98887611798543
8  50  191.66626858765687
9  68  186.48528285234562
10  60  234.06683493811371
11  65  172.3287938972876
12  65  246.93007304325596
13  90  91.719892424541442
14  83  132.12547682152152
15  77  211.5555278220578
6  89  72.279358135870922
7  73  89.334814876199346
8  98  88.2558954860135
9  82  170.12491203569348
10  72  210.92431139933728
11  87  124.92880943667734
12  90  115.76048134024181
13  68  232.18923684241071
14  86  166.74674538452521
15  94  114.46939737911327
6  42  140.08593115316671
7  55  194.73158759408082
8  52  178.44118081971189
9  43  208.7680509667419
10  66  257.78645263653573
11  72  139.80786990969904
12  96  74.596719899527969
13  92  101.92938196618182
14  81  167.63591240085916
15  100  63.74055220018812
6  61  146.37373107485217
7  64  100.89983386855198
8  83  101.78710465197561
9  55  213.48300493659906
10  82  123.65701696678158
11  67  198.45012563525233
12  89  107.68716128556454
13  78  175.43223192905972
14  99  75.861825221067051
15  80  174.42927751186798
6  57  116.93117770463358
7  83  94.414427750137847
8  87  113.07890227622629
9  57  201.26989073609204
10  54  181.39244023438869
11  79  178.01422969392632
12  86  133.43755658931335
13  56  276.23935975980436
14  100  68.661376955786352
15  86  152.84875592402452
6  24  218.59401027475508
7  46  237.678116670782
8  54  113.40334266563474
9  74  183.9546228619073
10  98  75.820576946882369
11  77  160.06341201052192
12  93  101.28254811704488
13  93  104.9013452154511
14  88  135.85682365293681
15  79  215.35960411231994
6  48  138.45401004310099
7  53  177.03714955407818
8  61  196.27314138435042
9  58  231.8685323817713
10  69  166.30707878401142
11  81  193.06107983347994
12  80  142.05552982513282
13  92  96.251427578140877
14  86  105.90933479360152
15  100  56.217107561364372
6  72  102.03188230709857
7  76  116.47684307417983
8  74  144.27270885212522
9  57  250.58586014280169
10  81  144.22757254669048
11  49  317.62287755252692
12  89  95.853193358081271
13  87  146.42981627804625
14  93  87.980701149891388
15  86  169.50560367216673
6  34  155.1515638792205
7  44  176.02584749617233
8  60  218.82753655032479
9  72  174.98693113857635
10  90  95.683945029650047
11  84  128.50710087852019
12  91  105.65212726990656
13  60  239.32708909316585
14  99  55.064837851519655
15  71  252.34379643892464
6  62  138.45641651032534
7  69  160.84191242920377
8  62  113.76454948652531
9  64  166.43066442059785
10  74  185.1885159345108
11  71  242.01203559686397
12  64  213.76864149000335
13  83  146.67634337283727
14  99  58.821952772562796
15  90  145.61696491045572
6  7  71.972969689556237
7  43  136.52605740199297
8  100  70.867010204902812
9  65  113.45024777017488
10  85  117.68345942954309
11  74  189.45187126927041
12  84  93.988856145320341
13  82  170.42857510739196
14  100  97.20163947929079
15  86  149.7218738925495
6  81  124.25773831298459
7  61  125.48435489963711
8  74  161.55092464000799
9  22  259.62505329985493
10  94  80.988619040499898
11  95  89.601252470874414
12  97  82.799519080466652
13  95  80.783370830093887
14  75  200.6341164680837
15  68  280.09895254827256
6  4  91.999999999999929
7  31  153.80380502465977
8  48  210.18622369779598
9  80  154.90131149217581
10  83  104.45143983153051
11  94  97.464674144952426
12  61  212.3686114806867
13  82  144.71293212482021
14  70  280.46975226612074
15  91  130.77159744420916
6  21  13.607428237160271
7  31  201.19350079085126
8  48  286.38613241352766
9  68  146.85162538784084
10  85  79.221204136008325
11  60  249.51471459554182
12  94  100.45629138242353
13  80  192.60004743282809
14  98  73.167359778682084
15  91  119.16607024241547
6  64  113.51864577564697
7  59  214.29121876397099
8  47  199.49497739586565
9  72  140.88112820195929
10  75  152.80099402563329
11  99  78.083836876088696
12  93  106.07039380236594
13  87  170.81259226577217
14  92  108.87897430490321
15  79  148.92373249052147
6  37  214.98066558932075
7  67  163.66773583928267
8  51  288.78803192811398
9  68  173.88396825767234
10  60  214.94332521761905
11  55  139.04448615145972
12  95  81.412065407722778
13  83  126.10179486649449
14  94  105.62418755727595
15  95  92.755117946510524
6  22  226.99790152144237
7  52  187.38876544098335
8  86  119.96773562794759
9  62  141.97104071488562
10  89  105.79753100931057
11  68  226.91092124636842
12  89  107.64520561628262
13  84  169.04642309585475
14  94  88.996084374863614
15  94  100.40956490881649
6  26  200.28380686374268
7  59  190.19991188131326
8  67  206.37390475098755
9  69  165.01336419288606
10  84  91.332919210623416
11  66  273.83078175887096
12  79  194.40500046632593
13  76  180.202397317275
14  87  143.4079423241165
15  93  69.735579282495038
6  76  90.274273709468403
7  26  266.88884904054305
8  82  89.488949767958246
9  54  275.27697611641292
10  41  257.76918206265805
11  56  268.35823483062865
12  60  260.74964110988554
13  75  208.46293398110743
14  72  246.55190201881248
15  83  166.21500618136531
6  65  101.07007248420943
7  51  164.89714745110047
8  37  219.59758898418647
9  79  93.151584718356958
10  49  307.74220989877585
11  87  115.22652704267861
12  61  218.68699520476531
13  84  182.26688245557261
14  90  139.22232927835796
15  81  169.90940827963161
6  32  128.1842889226161
7  43  179.05219230975416
8  82  129.20562946038993
9  51  187.92748050948029
10  90  115.10418290763013
11  87  109.62670859422487
12  89  116.55292070682788
13  62  151.58253398774315
14  95  110.07120581979824
15  80  159.39674910910273
6  31  195.78907434717715
7  86  119.19894673893016
8  84  109.09678407523276
9  66  216.22188798943986
10  57  296.56859336785311
11  69  215.6586434597107
12  57  315.30535798353418
13  76  212.67528331132942
14  92  125.57216544607871
15  95  88.637647649530365
6  47  81.475874456073257
7  43  181.32723538272549
8  58  188.78019323703731
9  68  171.56390313489968
10  85  128.9764292937526
11  86  142.00099128255721
12  85  151.64124128324067
13  71  161.0477062934423
14  99  69.278301197495708
15  94  106.36793269001456
6  94  61.011197047761705
7  59  176.12017248955914
8  42  151.14225233882257
9  81  134.34112902819237
10  84  158.5863225890277
11  80  171.97593211935259
12  74  219.43077763285211
13  60  333.47206389944836
14  84  164.71680398600111
15  93  98.013229214625255
6  65  132.35285061136372
7  36  240.68574770609183
8  41  184.83721326814933
9  42  354.49605732499026
10  41  99.146974024449591
11  63  252.45114834072749
12  100  40.185844680093794
13  93  91.172065994159894
14  86  157.49421517576252
15  90  99.001703453019061
6  1  101.99999999999994
7  46  141.30846890401801
8  84  121.41568619196113
9  64  187.82790874942964
10  99  65.748670259923173
11  67  202.9756860414895
12  73  264.88937477530374
13  93  82.281458444901176
14  89  120.33015590935723
15  82  160.86034219829389
6  81  88.864164351357488
7  41  114.97449632776957
8  58  230.5686667005061
9  69  184.61748351364645
10  85  108.39674831061834
11  68  170.87051506387385
12  94  100.89265617548243
13  96  64.02074556871645
14  81  116.75420763558598
15  92  123.15417655223997
6  45  158.51570726380993
7  15  250.17870021524797
8  45  164.1236997117004
9  60  161.08429024359455
10  81  147.37575021472298
11  55  173.4537599327052
12  63  317.53434441458239
13  77  104.59441442327773
14  91  119.93416250061473
15  83  140.69704211430439
6  65  113.62492087813547
7  75  66.231548575192178
8  26  282.65906830646725
9  73  105.22236581996242
10  45  339.08773087367922
11  72  122.41230760995801
12  62  285.66795422951441
13  89  125.45252954886494
14  97  74.252361416497465
15  86  162.36047312632493
6  49  136.65339856487003
7  42  165.90187344995158
8  85  86.650890814672181
9  80  117.04287379032043
10  69  169.40609519161714
11  84  108.17577228985212
12  94  103.59270024386049
13  100  62.588740743425483
14  99  61.856899294173758
15  96  74.733746504589746
6  22  198.6953781878259
7  71  154.42817110351032
8  25  322.9641289523513
9  70  140.67940024642903
10  77  142.19942345335625
11  74  184.84628518644982
12  85  144.05134387514974
13  89  103.14098476110883
14  100  69.595294009149157
15  86  145.82488400710616
6  58  164.99511559126876
7  38  198.29617735793767
8  61  243.30657188830082
9  42  278.59130012349078
10  64  199.62611371650686
11  53  268.15712930813999
12  77  207.95875899727122
13  53  291.59648322621831
14  81  175.13441358301341
15  85  178.35593694773013
6  67  103.94068802117397
7  57  215.1620741282201
8  69  121.66825674589853
9  96  96.975990071289402
10  62  179.78302371899827
11  77  153.03223098891968
12  71  208.29734696180248
13  69  309.18815778008195
14  92  84.276295179247796
15  90  101.52140161726331
6  93  87.31944818574091
7  73  119.3442631358453
8  39  218.71077709093004
9  77  107.52671324066363
10  89  110.82547939959751
11  90  98.439862128254731
12  93  86.457413269222059
13  90  105.48845694386719
14  84  129.41732671099871
15  88  128.8931283142432
6  90  71.389873311463859
7  54  185.66876873974945
8  71  76.246075298212205
9  41  235.98566198078956
10  78  161.24143955805553
11  64  268.71535339754678
12  75  209.76301112425958
13  89  111.91762968982279
14  91  73.903605803029947
15  97  77.888753814244254
6  34  163.6575406722464
7  49  133.66527301182342
8  68  142.68209565280074
9  100  65.011595652239819
10  78  120.51573517523411
11  82  153.3814814694619
12  92  99.18736864231586
13  88  114.30666381520346
14  82  167.64458989255445
15  87  107.95555900114454
6  47  139.35463634919293
7  34  106.00897076520344
8  92  100.79991781552776
9  52  83.753231621266252
10  80  117.67859750186354
11  76  152.46318752225665
12  72  219.32691181526928
13  85  138.90401001116859
14  92  99.914731076894938
15  87  89.627565495185934
6  32  168.16648512523452
7  100  71.910201389629364
8  63  176.63116145022749
9  52  246.04674798100433
10  44  312.15547386298539
11  95  89.240894771880932
12  85  138.70872927794633
13  94  71.680681890846117
14  100  77.213615152703952
15  93  109.0132675276064
