1  87.0  123.37947796017853
2  63.0  337.75962003426719
3  51.666666666666664  425.25117107734934
4  52.5  504.37420102050277
5  67.0  564.42305879209334
6  49.833333333333336  586.89850553768645
1  74.0  233.56560918649669
2  73.0  319.18270189616442
3  82.666666666666671  283.26383301994463
4  81.5  420.81033599896153
5  64.200000000000003  518.46100342488546
6  59.833333333333336  596.46370553891609
1  70.0  166.154137515678
2  82.5  283.8850513540367
3  78.0  373.23491945858126
4  73.5  446.18004185053218
5  54.600000000000001  577.99847918942862
6  55.5  581.92878498118228
1  85.0  114.54884594391055
2  55.0  398.03457121912396
3  61.666666666666664  471.44738727401045
4  56.75  471.60409052674862
5  46.799999999999997  529.25774527264844
6  49.166666666666664  596.57769571012125
1  77.0  158.2502745990092
2  72.5  301.26789267357145
3  55.333333333333336  420.96837954852259
4  46.25  591.22864213134483
5  59.600000000000001  527.50494497597538
6  58.666666666666664  587.07837112570326
1  65.0  245.67634843411818
2  64.0  357.49092549896852
3  70.0  310.89660351367792
4  60.25  463.58217994929248
5  62.200000000000003  529.81377329884663
6  55.166666666666664  591.81994718507156
1  98.0  68.163728333758911
2  61.0  393.62127450452732
3  40.666666666666664  426.74385014260594
4  60.25  519.23856332885975
5  66.200000000000003  498.12095161015753
6  49.833333333333336  470.79216454346175
1  38.0  161.24187679912652
2  73.5  216.09697758195063
3  64.0  371.21437015303832
4  60.0  498.4956740139047
5  65.0  570.60359259271002
6  56.333333333333336  583.15294330446375
1  80.0  132.50285426662063
2  56.0  366.66651446535866
3  68.0  341.30243833252416
4  63.75  523.31386540835081
5  60.200000000000003  595.85267903358692
6  62.833333333333336  558.21662872050308
1  46.0  311.09838829853237
2  44.5  426.80396183368055
3  62.0  490.61590537285628
4  55.25  507.73906274323105
5  52.799999999999997  545.0017716012261
6  59.0  606.47502981607045
