0.32  75.333333333333329  349.23187527871403
0.34  63.0  323.92454263070209
0.36  68.666666666666671  378.98592008929768
0.38  79.0  371.912764197689
0.4  51.333333333333336  438.70256062218527
0.42  85.666666666666671  286.97245304964702
0.44  49.333333333333336  482.97172480013916
0.46  72.666666666666671  431.6051678160909
0.48  56.0  257.944798972299
0.5  64.666666666666671  453.8984941827091
0.32  58.0  511.40813959960178
0.34  31.666666666666668  470.33450132393119
0.36  52.0  471.87772686356215
0.38  78.666666666666671  340.97761183362752
0.4  51.333333333333336  464.04799452803979
0.42  66.666666666666671  396.72254878511342
0.44  74.333333333333329  282.99758464807013
0.46  71.333333333333329  409.20544655743726
0.48  75.0  385.37418240845824
0.5  51.333333333333336  410.19251685319864
0.32  83.0  255.14939454014441
0.34  45.333333333333336  517.98078155761652
0.36  71.333333333333329  359.66217488881495
0.38  70.666666666666671  410.07178079525085
0.4  52.666666666666664  485.47160985804658
0.42  50.666666666666664  471.0870386670851
0.44  59.666666666666664  360.31699880854609
0.46  78.333333333333329  352.54663492251547
0.48  47.666666666666664  312.53531866774659
0.5  58.666666666666664  480.38819915422158
0.32  39.0  566.49379131620981
0.34  44.333333333333336  481.73951168044516
0.36  49.0  577.20296737469039
0.38  54.0  534.33340308136269
0.4  65.0  380.72338792135236
0.42  62.333333333333336  424.14911257432544
0.44  66.666666666666671  385.64263060232855
0.46  66.666666666666671  369.46476947334162
0.48  68.666666666666671  389.8923359698199
0.5  80.0  355.77805768811072
0.32  69.333333333333329  439.46747099164963
0.34  53.666666666666664  527.39340964263306
0.36  53.333333333333336  533.11140788104183
0.38  59.333333333333336  396.96945430126061
0.4  71.0  381.92869294700239
0.42  67.333333333333329  467.7524226570431
0.44  66.666666666666671  442.88107959925816
0.46  60.0  433.63023364522843
0.48  74.0  273.09777736859132
0.5  58.333333333333336  291.01679126904833
0.32  63.0  443.25416294085187
0.34  43.666666666666664  584.52081591421336
0.36  71.0  361.97471153173228
0.38  46.0  522.74445955296096
0.4  63.666666666666664  420.03890515346478
0.42  52.0  448.62217608799534
0.44  68.666666666666671  436.91509155034839
0.46  54.333333333333336  355.7300846667971
0.48  51.666666666666664  440.74932667083397
0.5  62.333333333333336  441.12018507629574
0.32  66.0  375.12370217749179
0.34  51.666666666666664  354.581737624141
0.36  65.333333333333329  349.92708373780573
0.38  60.0  389.42140841301477
0.4  45.666666666666664  394.20483958812525
0.42  68.666666666666671  348.42637370552876
0.44  81.333333333333329  342.52565493168072
0.46  58.0  371.35655552341706
0.48  60.333333333333336  496.72055519239638
0.5  60.333333333333336  386.40897188522888
0.32  71.0  294.88922210808897
0.34  68.0  379.56140528652793
0.36  64.0  395.43919343088572
0.38  72.333333333333329  353.96402458943976
0.4  56.666666666666664  514.18298081981743
0.42  74.666666666666671  331.13413618045757
0.44  73.0  379.59257546762052
0.46  70.0  343.58566138227417
0.48  58.666666666666664  334.90588390281692
0.5  70.666666666666671  408.7309183171958
0.32  72.333333333333329  314.79501614260386
0.34  48.666666666666664  508.75374166309354
0.36  63.0  380.68478818156962
0.38  55.666666666666664  428.49578882908889
0.4  57.666666666666664  437.34524467399859
0.42  52.333333333333336  460.55516908968076
0.44  60.666666666666664  423.69133720304012
0.46  63.0  415.33120656544577
0.48  71.333333333333329  366.95137801499874
0.5  63.0  429.7542955854218
0.32  62.0  318.99306189728628
0.34  54.333333333333336  549.46370251890767
0.36  54.333333333333336  465.55487745539517
0.38  72.0  297.19619907841792
0.4  51.666666666666664  559.90640242935024
0.42  80.0  355.11566047089957
0.44  63.0  392.81033404919106
0.46  72.0  346.8581064332962
0.48  48.666666666666664  473.89372363354772
0.5  68.666666666666671  425.3487590046783
0.32  59.333333333333336  442.20006871695466
0.34  47.666666666666664  499.25653172085521
0.36  63.0  424.67615428828998
0.38  54.333333333333336  429.3469261358585
0.4  58.0  493.97582004750063
0.42  50.333333333333336  564.84934637447577
0.44  73.0  376.97010346173397
0.46  61.333333333333336  429.80370614153514
0.48  54.666666666666664  418.94505657035882
0.5  63.666666666666664  337.78909767054034
0.32  52.666666666666664  515.20079295330254
0.34  59.333333333333336  321.15214181459118
0.36  78.0  357.90442247763428
0.38  69.0  440.13206665249987
0.4  66.0  490.00092273334207
0.42  65.666666666666671  412.28254035461345
0.44  73.333333333333329  358.76121885292309
0.46  53.0  457.87198077640687
0.48  68.0  361.38910481717477
0.5  76.333333333333329  367.23125524906169
0.32  56.333333333333336  405.72173994459473
0.34  52.666666666666664  531.4997305977887
0.36  68.666666666666671  351.87374736755362
0.38  47.0  542.21005693093127
0.4  48.0  444.63000073189329
0.42  55.0  386.36852280804021
0.44  74.666666666666671  391.90133290289037
0.46  69.0  373.08105580797536
0.48  84.333333333333329  273.16027868694101
0.5  74.0  385.57728231872898
0.32  58.0  554.38790455490607
0.34  78.0  293.561003425688
0.36  53.0  454.18808617286493
0.38  68.333333333333329  379.90059143061131
0.4  65.666666666666671  380.61488248635067
0.42  53.0  412.49880369662714
0.44  45.666666666666664  418.85803535319144
0.46  62.666666666666664  456.38708309902245
0.48  59.333333333333336  462.27885747686338
0.5  73.333333333333329  354.26810669432717
0.32  48.333333333333336  442.28791434832561
0.34  47.333333333333336  405.45521307265614
0.36  60.0  449.8171270276207
0.38  68.0  372.47017346120845
0.4  83.666666666666671  324.43910231574557
0.42  66.0  421.0522770460085
0.44  78.333333333333329  375.19363578335333
0.46  54.333333333333336  294.68060808552735
0.48  67.0  442.34451009263449
0.5  77.333333333333329  397.77206725305626
0.32  65.333333333333329  407.17917228802753
0.34  81.333333333333329  305.11003915851802
0.36  61.0  509.63833747761231
0.38  51.333333333333336  589.865102926585
0.4  60.333333333333336  361.76153667004098
0.42  76.333333333333329  349.77131322361549
0.44  60.333333333333336  443.31601026804333
0.46  43.666666666666664  557.7608600307218
0.48  71.666666666666671  387.7335881195965
0.5  65.666666666666671  434.96766876908123
0.32  58.666666666666664  376.55630993430793
0.34  56.0  474.95893329231535
0.36  59.0  401.11226542271197
0.38  55.666666666666664  463.67189416613627
0.4  55.666666666666664  427.38938784138787
0.42  67.0  405.96478272482472
0.44  65.0  491.10917912610034
0.46  63.0  341.4790776840378
0.48  64.0  477.80674407970406
0.5  66.0  472.3423140985455
0.32  50.666666666666664  412.07012177001133
0.34  57.333333333333336  487.13181276158912
0.36  69.0  372.67576320959319
0.38  65.0  433.1358688806007
0.4  59.333333333333336  390.79623527967448
0.42  70.0  346.72833009827946
0.44  80.666666666666671  321.21022963988355
0.46  51.666666666666664  449.87837226920919
0.48  58.0  425.56095130009072
0.5  60.333333333333336  367.84358796472867
0.32  75.0  335.54654958280514
0.34  47.0  366.94567940924622
0.36  78.0  334.3650313588675
0.38  67.0  381.43517291342397
0.4  42.666666666666664  528.37002342301287
0.42  86.333333333333329  313.2660705049945
0.44  67.666666666666671  482.57788922038873
0.46  72.333333333333329  371.05003109421204
0.48  70.666666666666671  442.07230234931711
0.5  60.333333333333336  370.67278518747599
0.32  48.666666666666664  570.48329502166064
0.34  63.0  423.53891302542661
0.36  67.333333333333329  421.57104224659275
0.38  60.333333333333336  418.45843821468929
0.4  62.0  424.40420782161561
0.42  61.666666666666664  452.1044097716989
0.44  78.0  325.88498610748428
0.46  65.0  393.59642667330991
0.48  50.0  411.56271702473907
0.5  48.0  498.37867509591371
0.32  76.333333333333329  370.68125599500746
0.34  66.666666666666671  358.29455207574716
0.36  51.333333333333336  447.82947949900864
0.38  55.333333333333336  486.1611137031573
0.4  56.333333333333336  418.22350443000693
0.42  60.666666666666664  393.04875030471754
0.44  46.666666666666664  519.23314285723495
0.46  52.0  477.23847095192286
0.48  57.666666666666664  506.71262149775043
0.5  65.666666666666671  364.51381988772681
0.32  68.666666666666671  439.63850097565387
0.34  79.0  365.37076581257884
0.36  68.0  426.94467790365081
0.38  70.666666666666671  336.75894525880631
0.4  85.0  287.75527921449338
0.42  42.0  517.93585859553968
0.44  62.0  373.90888992680703
0.46  46.666666666666664  400.05272368157534
0.48  57.0  393.84821911696434
0.5  73.0  377.76302649167809
0.32  64.666666666666671  415.64920057733679
0.34  69.666666666666671  373.42737226306326
0.36  59.0  392.04746757226388
0.38  61.333333333333336  388.27237793727244
0.4  58.333333333333336  423.83864492714258
0.42  65.0  336.9297326051061
0.44  74.666666666666671  385.8970941877908
0.46  48.666666666666664  443.49007923988006
0.48  76.666666666666671  328.65392122963215
0.5  59.333333333333336  357.81168795942767
0.32  81.333333333333329  322.93845805659492
0.34  66.666666666666671  420.54587488996884
0.36  64.0  402.98999487754895
0.38  72.0  396.0679934775626
0.4  61.666666666666664  431.87843886029691
0.42  74.666666666666671  407.97281273244096
0.44  51.333333333333336  438.44784342803513
0.46  49.0  578.80034950458753
0.48  45.0  388.62896180511848
0.5  53.666666666666664  452.65797441485722
0.32  40.0  508.1581545346624
0.34  78.333333333333329  347.82788180853186
0.36  78.333333333333329  313.10491947998958
0.38  61.333333333333336  300.48921501552877
0.4  64.333333333333329  280.04409623357708
0.42  64.666666666666671  488.43952986104114
0.44  90.666666666666671  255.83346758498291
0.46  52.333333333333336  478.6275171955977
0.48  69.0  408.07892242433036
0.5  80.666666666666671  350.7342198664216
0.32  62.0  354.54302349959056
0.34  67.333333333333329  377.30555064854627
0.36  76.333333333333329  334.82874931439545
0.38  58.666666666666664  449.41967796305613
0.4  64.333333333333329  503.9035790738904
0.42  57.333333333333336  374.82128224490577
0.44  52.666666666666664  580.12016059247048
0.46  55.0  394.76480704447414
0.48  48.0  520.8127338257849
0.5  64.0  446.87044966383786
0.32  63.333333333333336  419.28533574702561
0.34  41.333333333333336  560.13450202965669
0.36  44.333333333333336  515.41741085463912
0.38  52.333333333333336  465.3481449159305
0.4  63.333333333333336  384.71865040236213
0.42  75.666666666666671  335.45415502441125
0.44  71.0  422.00713539950351
0.46  49.333333333333336  376.13909004044785
0.48  60.0  541.51885518917481
0.5  65.333333333333329  414.94748632135338
0.32  64.0  390.45688571776031
0.34  67.333333333333329  388.52806029011293
0.36  60.333333333333336  450.78704798123471
0.38  60.333333333333336  440.70381056968085
0.4  82.666666666666671  282.47222621689241
0.42  52.666666666666664  406.71811451594033
0.44  72.333333333333329  294.00180831545958
0.46  71.666666666666671  361.6374074510943
0.48  69.0  387.43180598671535
0.5  65.666666666666671  436.0956786386925
0.32  68.333333333333329  371.17360110173001
0.34  88.666666666666671  300.05961623639382
0.36  72.333333333333329  335.23841188502325
0.38  71.666666666666671  394.54457725333413
0.4  55.333333333333336  483.54026949943142
0.42  57.333333333333336  392.21348551121127
0.44  68.333333333333329  414.30791682907557
0.46  63.333333333333336  427.72126720980873
0.48  59.0  417.42382680700382
0.5  75.0  397.36744913226465
0.32  51.666666666666664  517.80847461590076
0.34  47.666666666666664  546.64268472324113
0.36  49.0  422.00078850134184
0.38  67.333333333333329  416.64428918899807
0.4  87.666666666666671  228.17250838611722
0.42  72.333333333333329  371.30085341860672
0.44  56.666666666666664  511.85135723216473
0.46  72.0  431.13713467232816
0.48  75.0  327.53738267170581
0.5  62.666666666666664  450.22690612241763
0.32  50.666666666666664  570.2767178666594
0.34  62.333333333333336  463.71910567924897
0.36  66.333333333333329  333.88121383089356
0.38  71.333333333333329  431.49990512361137
0.4  53.666666666666664  311.58645075697365
0.42  77.666666666666671  341.86471097578578
0.44  56.0  485.89267818394802
0.46  74.666666666666671  377.03296907805725
0.48  48.333333333333336  477.58643452429334
0.5  72.0  369.75669389611966
0.32  62.0  457.28351158248267
0.34  82.0  339.80988368684473
0.36  58.0  353.59676972596407
0.38  66.333333333333329  382.1920497450252
0.4  53.666666666666664  483.14521063790505
0.42  66.666666666666671  345.53122531033648
0.44  42.333333333333336  514.09251796558942
0.46  70.333333333333329  362.71538731676958
0.48  59.333333333333336  453.65563272703139
0.5  52.0  401.82986328860346
0.32  48.0  363.83900521137525
0.34  76.666666666666671  264.16240913243496
0.36  70.0  431.48783346607553
0.38  69.666666666666671  421.7176011591381
0.4  57.0  429.42047282331146
0.42  65.333333333333329  410.89485674057636
0.44  79.0  314.62829379941269
0.46  49.666666666666664  409.230649132015
0.48  52.333333333333336  395.74569163947245
0.5  63.666666666666664  418.6966820465567
0.32  57.333333333333336  449.28223363070487
0.34  58.666666666666664  476.93707099996226
0.36  65.333333333333329  351.2617671946341
0.38  70.333333333333329  352.31920489712644
0.4  70.666666666666671  298.59751650446196
0.42  69.666666666666671  345.25941540566851
0.44  57.333333333333336  466.8880477294951
0.46  66.333333333333329  374.71565267241073
0.48  74.333333333333329  340.5569264259031
0.5  65.666666666666671  412.11133282968279
0.32  79.0  276.47134750105135
0.34  61.0  453.36615756817389
0.36  62.666666666666664  400.8923304846399
0.38  66.0  418.57207391865433
0.4  41.0  462.35867480760345
0.42  60.666666666666664  451.67463424088658
0.44  64.333333333333329  440.158812469731
0.46  55.333333333333336  436.12927822894642
0.48  82.0  320.96848984303074
0.5  64.666666666666671  428.23658813909111
0.32  46.333333333333336  515.54483575600227
0.34  47.0  541.59229400623394
0.36  76.0  358.05963467127185
0.38  44.333333333333336  550.51336346917844
0.4  78.666666666666671  287.94886241133707
0.42  54.0  420.37387412676912
0.44  83.0  297.42244749233731
0.46  57.0  536.49345265279476
0.48  58.666666666666664  421.97928004360972
0.5  63.333333333333336  406.87442139921836
0.32  53.0  484.88043277400544
0.34  70.333333333333329  346.96659271664242
0.36  61.0  385.50331247673444
0.38  51.666666666666664  494.71727944393132
0.4  79.0  334.17124212021122
0.42  65.0  438.83215223791967
0.44  61.666666666666664  397.29519686440989
0.46  53.333333333333336  465.81012776228431
0.48  69.0  413.62126453892841
0.5  71.333333333333329  353.76764237811977
0.32  78.0  281.06763195944984
0.34  79.0  296.70732378749159
0.36  66.333333333333329  354.83082938193104
0.38  66.333333333333329  469.96381149073426
0.4  65.0  371.12504230813016
0.42  42.333333333333336  500.42458037669769
0.44  59.666666666666664  485.24991301206012
0.46  69.0  371.43179100808533
0.48  65.333333333333329  401.16017604008289
0.5  54.333333333333336  501.34269765148656
0.32  55.0  455.56709078718279
0.34  54.666666666666664  455.39913692906435
0.36  58.333333333333336  443.92432005683156
0.38  68.333333333333329  352.0554753961631
0.4  78.0  274.35177316627033
0.42  65.0  397.69865317059288
0.44  76.666666666666671  376.9903750438404
0.46  64.333333333333329  402.58492782970751
0.48  67.333333333333329  344.70643925647181
0.5  70.666666666666671  356.48789352783047
0.32  65.333333333333329  417.95090673378814
0.34  60.333333333333336  400.84551776711908
0.36  52.0  368.99013549577057
0.38  51.333333333333336  401.07390652047042
0.4  58.0  407.23129561907876
0.42  76.666666666666671  410.68716922595826
0.44  71.0  394.36967041477095
0.46  64.0  456.64162481318709
0.48  66.333333333333329  399.63463950649447
0.5  63.666666666666664  413.57595171249784
0.32  67.0  403.29401554977039
0.34  63.666666666666664  407.37806152222964
0.36  63.666666666666664  407.99415421576401
0.38  48.333333333333336  440.59723236763574
0.4  65.0  393.15128759752878
0.42  67.0  386.07470729300366
0.44  63.0  443.72854480712755
0.46  55.666666666666664  332.83555489532813
0.48  71.0  368.40756958051946
0.5  59.0  362.30480863131112
0.32  51.0  400.00122740213772
0.34  64.0  370.55897033266035
0.36  59.333333333333336  300.64132151468255
0.38  59.666666666666664  456.82481056172037
0.4  64.0  398.4248655693761
0.42  78.666666666666671  322.83047852626902
0.44  62.666666666666664  339.7700443495952
0.46  62.0  385.19060945616781
0.48  74.666666666666671  378.65085438991849
0.5  67.333333333333329  431.80123765114371
0.32  66.0  324.96672626984451
0.34  58.333333333333336  413.8528805252721
0.36  62.666666666666664  417.36233286479705
0.38  69.333333333333329  361.54731147131383
0.4  73.0  292.51585210954818
0.42  57.0  328.3484730011595
0.44  61.0  545.27954877917159
0.46  66.666666666666671  408.60971819131794
0.48  80.666666666666671  326.34622907130432
0.5  63.666666666666664  372.9657434512776
0.32  68.666666666666671  400.76757743465276
0.34  69.0  397.0418552129351
0.36  71.0  292.00601944525368
0.38  64.0  406.77467367902977
0.4  75.0  333.0073699109995
0.42  73.666666666666671  378.23669681124289
0.44  45.666666666666664  491.34700005003771
0.46  79.333333333333329  375.91979332262696
0.48  57.666666666666664  485.44098704748819
0.5  46.333333333333336  555.80505532404811
0.32  62.0  456.0823778122666
0.34  64.0  220.02185017724031
0.36  58.0  470.26771342110158
0.38  44.0  511.77473608362061
0.4  69.0  434.30737016859592
0.42  42.333333333333336  652.51729022749532
0.44  73.666666666666671  257.3612424088916
0.46  57.0  380.25890660442172
0.48  50.0  473.75632622841323
0.5  72.666666666666671  325.2254164517941
0.32  68.0  280.15401057040833
0.34  49.333333333333336  486.00773138355351
0.36  52.0  447.07909127390406
0.38  58.333333333333336  491.10526559127402
0.4  64.666666666666671  471.29680145622956
0.42  84.0  271.27607949319156
0.44  64.0  385.83685995453254
0.46  61.333333333333336  410.3130503128553
0.48  51.0  429.52591275594358
0.5  33.333333333333336  454.38980724341229
0.32  56.0  505.49452772554338
0.34  49.666666666666664  596.13110265757552
0.36  48.333333333333336  464.94556451697053
0.38  62.333333333333336  460.05732168639582
0.4  79.333333333333329  308.189829910269
0.42  62.0  475.1069266487919
0.44  65.0  435.55743621098321
0.46  65.333333333333329  394.92239744439013
0.48  58.666666666666664  495.78059913042983
0.5  75.666666666666671  339.18682667374634
0.32  46.666666666666664  304.80814424817879
0.34  50.333333333333336  463.62259161203406
0.36  73.0  421.37923929011902
0.38  68.333333333333329  393.97714731421399
0.4  68.333333333333329  478.82935447530912
0.42  74.666666666666671  361.88368761778258
0.44  59.333333333333336  406.29498993288678
0.46  70.666666666666671  431.34925040916391
0.48  63.0  392.27767485371277
0.5  71.0  355.65419108737058
0.32  65.666666666666671  431.28098339086409
0.34  54.0  465.74112012755216
0.36  68.666666666666671  426.62935720590866
0.38  66.666666666666671  356.26521351067942
0.4  42.0  220.99317039606632
0.42  74.666666666666671  405.27330126011009
0.44  69.333333333333329  410.7147255338005
0.46  86.0  286.82006618064753
0.48  68.666666666666671  407.58367231379464
0.5  74.666666666666671  370.8136046009767
0.32  62.333333333333336  405.63127176390685
0.34  58.333333333333336  401.4205599867571
0.36  62.333333333333336  340.04567327192382
0.38  60.666666666666664  415.16081742723441
0.4  54.666666666666664  442.86656617607917
0.42  81.333333333333329  376.84822799393157
0.44  65.666666666666671  406.75136090150994
0.46  67.0  409.55440060095532
0.48  65.666666666666671  456.86924888994747
0.5  61.333333333333336  462.44422391567855
