10  59.333333333333336  402.51149766354331
15  72.333333333333329  462.46494308530356
20  75.666666666666671  457.7131546913281
25  72.666666666666671  831.47382210885382
30  84.666666666666671  393.95689814097892
35  88.666666666666671  418.24501380635928
40  87.333333333333329  458.5831555917448
45  90.666666666666671  322.21340252014892
50  94.0  222.68877298773077
10  64.0  440.54017174798292
15  67.666666666666671  559.04370253436923
20  74.333333333333329  560.56658369922889
25  82.666666666666671  433.01031589255723
30  83.666666666666671  541.00854667228361
35  91.0  295.39842445051681
40  91.333333333333329  305.55483922051798
45  86.666666666666671  493.20901724075406
50  90.666666666666671  430.76009624591097
10  38.333333333333336  411.68826167417706
15  70.0  501.09859502300554
20  72.666666666666671  436.4857466018405
25  80.666666666666671  536.79435410813221
30  81.666666666666671  398.93160880871858
35  87.0  382.20422417972583
40  89.333333333333329  411.90098721464506
45  90.666666666666671  344.22908480470977
50  87.333333333333329  363.34302611543131
10  77.333333333333329  379.16709266858987
15  74.0  457.75072935384475
20  80.666666666666671  458.50534123354976
25  81.0  438.8964240565337
30  80.0  490.5108598457366
35  88.666666666666671  334.13325326702744
40  85.333333333333329  459.23123827144479
45  90.666666666666671  363.07966552634849
50  90.333333333333329  352.17056850479787
10  66.666666666666671  394.82928142172386
15  72.333333333333329  372.83182642743361
20  77.666666666666671  406.68870882798643
25  81.333333333333329  373.31668574409872
30  82.0  418.48393398884588
35  91.666666666666671  269.03294224169832
40  88.666666666666671  467.46302376665921
45  96.666666666666671  161.86760603988998
50  92.666666666666671  336.83687514409638
10  55.333333333333336  472.24842117266201
15  68.666666666666671  447.9224717148166
20  84.333333333333329  406.82100352790326
25  74.0  556.72532199180898
30  87.0  391.68741054279297
35  81.666666666666671  632.7592111092606
40  92.333333333333329  313.94032223378395
45  89.0  323.3828642576878
50  88.0  539.64100584063056
10  61.666666666666664  362.70085678447083
15  65.666666666666671  619.87052432766598
20  79.0  417.03734900996471
25  76.0  588.65031665754213
30  89.666666666666671  329.40080410605952
35  87.666666666666671  335.7121712382164
40  87.666666666666671  382.52857160343962
45  85.0  539.59201477931174
50  89.666666666666671  416.95013186182246
10  61.333333333333336  583.78696179560029
15  77.666666666666671  476.2566501236717
20  74.333333333333329  639.55662482210778
25  86.0  462.13421640558164
30  80.666666666666671  474.90379639343882
35  83.0  479.20583206392331
40  90.0  406.62055228487549
45  90.0  386.38071168730789
50  82.666666666666671  471.39935585125153
10  72.666666666666671  415.7475831751097
15  63.333333333333336  402.66630242368575
20  86.333333333333329  299.52688923399364
25  77.333333333333329  486.43347171114374
30  90.0  349.47926517171061
35  75.333333333333329  909.22914117428343
40  87.333333333333329  397.01992117555807
45  88.333333333333329  395.85962758886836
50  83.333333333333329  680.4986754548421
10  50.666666666666664  329.72020719679932
15  69.0  458.54722042158488
20  78.0  347.50121547190747
25  84.666666666666671  400.97023083011317
30  83.333333333333329  418.08704726520216
35  78.0  538.15279890686952
40  77.333333333333329  573.69294320758695
45  82.666666666666671  553.1686534270242
50  90.666666666666671  363.04770089075294
10  63.0  346.8802069231744
15  68.666666666666671  495.32683135496217
20  80.333333333333329  330.84627896817284
25  79.0  567.69464371382969
30  88.666666666666671  330.92145554333217
35  92.666666666666671  327.49687912820468
40  86.0  458.19992969515431
45  82.666666666666671  464.44667607533313
50  91.666666666666671  348.73759410266791
10  56.333333333333336  385.14937676736008
15  77.333333333333329  410.49711429089399
20  74.666666666666671  508.52046430274538
25  73.666666666666671  626.07889103323964
30  81.666666666666671  580.45169478114337
35  92.666666666666671  334.45302542892733
40  87.666666666666671  493.57772868539479
45  81.666666666666671  544.66505439256048
50  88.333333333333329  536.57119204448975
10  71.666666666666671  377.1920121110964
15  66.333333333333329  522.50184702595232
20  72.0  490.69554279528768
25  78.333333333333329  450.56166585636919
30  80.0  413.52125723087363
35  79.0  542.26025588234165
40  91.333333333333329  291.18852202556371
45  89.666666666666671  354.97503782382273
50  82.333333333333329  718.19094798150911
10  55.0  461.20475446295347
15  67.666666666666671  452.89042359710191
20  84.666666666666671  349.23700463257177
25  81.666666666666671  423.69225493956498
30  89.333333333333329  357.2824322875498
35  85.0  380.29538187690093
40  85.0  475.70338526147918
45  86.666666666666671  468.11536839249243
50  92.333333333333329  280.12250098566756
10  67.0  354.57799048651583
15  66.0  340.40447122508414
20  74.666666666666671  561.40375955213801
25  86.333333333333329  389.81812023837483
30  84.666666666666671  516.04779063969704
35  90.333333333333329  313.85179756463867
40  88.333333333333329  402.71936549384259
45  86.333333333333329  550.21692258569658
50  92.333333333333329  296.23804537247804
10  67.333333333333329  379.70569740898395
15  71.333333333333329  475.76655676405005
20  81.666666666666671  415.91984291928281
25  81.666666666666671  366.62574696371655
30  83.666666666666671  391.48047072336135
35  79.666666666666671  500.63134555525937
40  83.666666666666671  370.31812348401405
45  77.0  717.71269137723084
50  88.333333333333329  276.80866932108592
10  73.0  316.27676400832019
15  81.0  328.36276121487055
20  80.0  498.49141653623684
25  90.333333333333329  309.19569289332253
30  79.0  551.04779345673671
35  93.0  301.61328049422889
40  86.333333333333329  443.51055352619574
45  78.333333333333329  562.7668626625009
50  88.666666666666671  455.91320400181269
10  55.0  530.55230802500819
15  69.0  380.70484053524353
20  74.666666666666671  587.54226032513236
25  70.666666666666671  648.65175331437683
30  83.0  431.91516124255634
35  84.333333333333329  430.5273025168031
40  89.666666666666671  390.67706760160542
45  89.333333333333329  433.21670409048011
50  88.0  455.39272071609048
10  55.0  366.23050087928294
15  77.666666666666671  292.3727528289167
20  82.666666666666671  390.13299896422444
25  77.666666666666671  571.22648488233006
30  83.333333333333329  495.2566504431943
35  84.0  395.53713969573027
40  89.666666666666671  331.24085007392677
45  85.333333333333329  499.96671021067021
50  91.0  342.74593274569673
10  63.0  409.24631657731419
15  50.0  556.39183933469906
20  79.333333333333329  424.66888024373611
25  73.666666666666671  585.97704174263652
30  76.666666666666671  558.22987349245295
35  86.666666666666671  441.91370029421978
40  86.0  569.66108066709808
45  87.666666666666671  442.61441574154082
50  93.0  269.06417516441121
10  77.333333333333329  322.06545363210762
15  77.0  351.14109762161934
20  72.0  537.66481848070271
25  80.0  426.9865827312376
30  83.333333333333329  400.37090222119912
35  72.0  562.9315461709441
40  86.0  438.83795571175119
45  86.666666666666671  433.10021193194672
50  93.666666666666671  248.69704250078468
10  81.333333333333329  297.01802470982165
15  75.0  306.8396462955501
20  72.666666666666671  707.77395771066494
25  75.0  504.72085754853322
30  82.666666666666671  502.52023415319132
35  82.0  546.14078782172442
40  89.333333333333329  337.68587444338431
45  90.333333333333329  340.6595588602184
50  83.333333333333329  631.69297469274011
10  65.666666666666671  354.41674475537815
15  70.333333333333329  482.14399888926499
20  73.0  545.44696300867247
25  73.666666666666671  419.26065238571039
30  84.0  461.22294811008993
35  84.666666666666671  447.71972982915071
40  87.333333333333329  426.24184744177018
45  89.333333333333329  412.41729758976737
50  89.666666666666671  487.98688862143337
10  60.0  215.22686262893492
15  81.0  423.56505488633672
20  81.0  433.23735537858619
25  75.0  689.49555451706794
30  87.666666666666671  402.42562287470128
35  94.0  275.26768465007058
40  85.666666666666671  519.78588336858763
45  94.333333333333329  230.2495219381679
50  84.333333333333329  431.9033947446195
10  52.666666666666664  477.80622452856551
15  74.333333333333329  409.99017793887413
20  67.666666666666671  755.7414798646472
25  90.333333333333329  306.46766346956576
30  88.0  450.92490136619989
35  91.666666666666671  347.14430273572225
40  84.333333333333329  492.25376287218961
45  89.666666666666671  367.73682898721626
50  88.333333333333329  343.38556643423482
10  69.0  432.38590529117738
15  67.0  434.14826446405596
20  80.333333333333329  393.70657088791779
25  75.0  645.53509317410465
30  90.666666666666671  302.54210244268256
35  86.666666666666671  457.77486576010904
40  79.666666666666671  615.80375579555096
45  84.666666666666671  431.63073278973263
50  93.0  280.080716153965
10  70.0  397.27695586233745
15  73.333333333333329  329.47046501322757
20  74.0  568.98869752023427
25  75.333333333333329  521.56030494035394
30  78.666666666666671  487.73520841498737
35  88.0  355.75497047369583
40  85.666666666666671  472.60416490091751
45  90.666666666666671  389.09599751573347
50  86.0  336.45633267976677
10  49.333333333333336  327.64562763561639
15  70.0  448.22919853510945
20  71.333333333333329  435.12199933878117
25  81.0  530.50534984960802
30  80.666666666666671  447.80699066280374
35  82.333333333333329  585.58711794073395
40  90.0  299.68079060070176
45  83.666666666666671  539.39353567603428
50  82.0  392.8806227132082
10  71.666666666666671  358.22635961647512
15  68.0  429.30346026494084
20  86.0  327.28693314812131
25  67.333333333333329  431.83674055649846
30  79.666666666666671  598.25794919154089
35  83.0  537.41032875272447
40  89.0  392.98503147001821
45  89.333333333333329  443.18172086316935
50  92.333333333333329  259.47243957861275
10  55.666666666666664  404.06181476943692
15  73.666666666666671  452.30068761673562
20  75.333333333333329  464.62911838436582
25  67.0  636.85868060892733
30  83.333333333333329  523.57013749092323
35  80.666666666666671  464.02286070698852
40  82.333333333333329  559.09390966610749
45  88.0  403.62746197979806
50  91.666666666666671  402.4354469996025
10  58.666666666666664  436.41232562939064
15  73.666666666666671  569.43764927831194
20  79.333333333333329  436.89144437325245
25  81.333333333333329  412.50605797379137
30  81.0  605.33832996467811
35  86.333333333333329  413.46165570955742
40  87.0  532.87059152164363
45  89.0  352.27434969843438
50  90.333333333333329  441.11780292967762
10  54.666666666666664  249.4161856329562
15  64.0  428.29637731894042
20  69.333333333333329  521.66784690445752
25  82.0  450.90562959426143
30  91.0  319.02081669044355
35  88.0  415.21672159949821
40  79.0  555.95846264225338
45  93.0  280.70918712010723
50  87.666666666666671  324.77970922481683
10  68.333333333333329  573.06203823881765
15  66.666666666666671  458.83401522811556
20  78.666666666666671  382.9615598237981
25  84.333333333333329  453.43333384953536
30  82.0  500.18928986931621
35  85.333333333333329  432.78937741870743
40  93.0  334.87995145857241
45  92.666666666666671  361.59642632029971
50  85.333333333333329  526.24790757745905
10  60.333333333333336  447.4633169183125
15  71.333333333333329  588.96686689592639
20  63.333333333333336  530.16707962508929
25  84.333333333333329  411.40201298126999
30  87.0  423.31940867497349
35  77.333333333333329  676.02666667043206
40  88.0  482.65315897978797
45  87.0  554.75592252861452
50  90.0  402.43531132079494
10  74.333333333333329  377.51033828206982
15  68.0  453.30231305729342
20  74.333333333333329  427.84062949701695
25  80.333333333333329  457.29629087357182
30  80.333333333333329  486.05733751100598
35  90.333333333333329  332.07535969939522
40  89.333333333333329  398.08636578805937
45  90.333333333333329  292.56726375098424
50  84.666666666666671  491.88406595975709
10  55.333333333333336  449.53497560555479
15  76.0  361.70265532843433
20  76.666666666666671  477.07275944448401
25  83.666666666666671  440.82647690277958
30  81.333333333333329  509.7501657674544
35  75.0  794.75635128741442
40  84.0  521.72025784287189
45  83.333333333333329  584.6376752677736
50  87.0  479.04088995043776
10  68.333333333333329  423.10400290216359
15  74.666666666666671  464.91779530292467
20  84.666666666666671  388.91896022573826
25  89.0  358.1607448342192
30  86.0  486.04869579571545
35  85.333333333333329  403.37133883864527
40  85.666666666666671  405.73835846261358
45  87.666666666666671  441.80374446091298
50  90.0  527.73682028325584
10  72.666666666666671  365.93819912404524
15  79.666666666666671  287.36284491917871
20  77.666666666666671  505.79277149108106
25  77.666666666666671  536.32199665102917
30  81.0  419.56349788681945
35  93.0  242.79872668555237
40  88.666666666666671  461.65267400641198
45  82.333333333333329  643.72327290067983
50  91.333333333333329  280.48092325660099
10  61.0  367.58123810457005
15  68.0  500.79560453332033
20  58.666666666666664  493.76087063565467
25  74.333333333333329  591.0338775497446
30  89.0  386.83364404816786
35  84.333333333333329  402.87646891410077
40  88.0  403.00550163175268
45  85.333333333333329  418.97780756562565
50  91.0  280.33262425229765
10  67.0  363.16143099179493
15  77.666666666666671  385.29928364970641
20  76.333333333333329  410.78077012088363
25  82.666666666666671  446.6934591538415
30  92.333333333333329  243.97010691987097
35  79.333333333333329  463.15538879080208
40  87.333333333333329  440.76171410551916
45  94.666666666666671  263.13591468447783
50  88.0  509.82167217458533
10  65.0  460.17230172268671
15  83.0  336.35444910890294
20  77.666666666666671  483.18645864052064
25  77.0  532.09652355168294
30  81.666666666666671  354.6330197461682
35  87.0  392.09641621619357
40  85.333333333333329  439.40655154480015
45  85.666666666666671  455.54374024702446
50  87.333333333333329  517.41451958118239
10  72.0  288.03552885015455
15  67.333333333333329  524.41296915151361
20  85.666666666666671  386.46300817095806
25  72.666666666666671  626.21648381490866
30  87.333333333333329  344.60745120129377
35  82.666666666666671  515.35901318841547
40  86.333333333333329  306.6084171397647
45  82.666666666666671  593.20975925071559
50  91.0  336.53258567228937
10  59.0  390.09691556773174
15  69.666666666666671  329.96600624644935
20  79.333333333333329  479.38111423082802
25  76.666666666666671  563.34306150858674
30  87.333333333333329  457.86617501728659
35  88.0  396.0971750150099
40  89.333333333333329  391.08678332525295
45  90.666666666666671  326.25841952601689
50  87.666666666666671  496.27040898771645
10  63.666666666666664  398.22090155913418
15  67.666666666666671  387.94179590595695
20  69.333333333333329  672.12736516774248
25  89.0  327.81993336102317
30  84.0  370.19308854769315
35  92.333333333333329  244.08550484678494
40  86.666666666666671  451.76423773981577
45  86.333333333333329  382.02823847566202
50  90.333333333333329  459.93513876456257
10  75.666666666666671  345.15599094525612
15  76.0  384.72921338301842
20  81.666666666666671  343.01431822869506
25  86.333333333333329  379.5500908418997
30  81.333333333333329  534.13786161543226
35  87.0  412.32063285272346
40  84.333333333333329  403.60277367059228
45  84.333333333333329  560.0346382345283
50  87.0  528.07963463259216
10  75.666666666666671  372.38630663466643
15  73.333333333333329  382.58759452794419
20  81.333333333333329  370.13420998161018
25  77.666666666666671  514.87299636996272
30  84.666666666666671  341.68161610667613
35  83.0  510.38193733796339
40  83.333333333333329  590.83893850080267
45  86.333333333333329  583.72440546355642
50  90.666666666666671  377.22616611654735
10  58.333333333333336  391.57794358616781
15  73.666666666666671  363.45737974561098
20  79.333333333333329  389.87205675687636
25  85.0  397.51816076493043
30  82.0  473.77290501870527
35  87.666666666666671  347.63047499312631
40  82.666666666666671  506.95480081778589
45  85.333333333333329  455.43834593493864
50  88.666666666666671  417.68409062321308
10  49.666666666666664  418.18679762954423
15  80.333333333333329  266.53639312908894
20  70.0  591.61790167315633
25  74.333333333333329  568.5001658828802
30  82.333333333333329  428.91895461663756
35  87.0  470.65420242454195
40  91.666666666666671  302.98479661563442
45  90.0  325.82677897232594
50  89.0  535.3259376497507
10  62.333333333333336  447.23542333614529
15  66.0  470.86161699725949
20  83.666666666666671  417.60741894278482
25  81.0  501.43585279652609
30  83.333333333333329  433.19782920740431
35  79.333333333333329  487.23932045731055
40  91.666666666666671  270.76933528075699
45  91.333333333333329  323.37762327306365
50  93.0  265.8921767761309
10  56.666666666666664  422.46706967209371
15  61.0  530.8566830470412
20  61.0  356.72831924856644
25  75.333333333333329  518.76971349527435
30  82.0  454.6654336906152
35  85.333333333333329  428.43741235764782
40  91.0  245.09460893400538
45  89.333333333333329  353.78743106089934
50  89.333333333333329  400.17675108815996
10  60.333333333333336  329.630828013908
15  67.0  458.21934950549655
20  79.666666666666671  362.25596763404661
25  80.333333333333329  432.02564741285556
30  78.666666666666671  538.44498540082975
35  84.0  402.70966294270613
40  86.333333333333329  443.22783277996382
45  90.0  339.4790655669334
50  85.333333333333329  517.49530347832695
10  64.666666666666671  334.08134497684404
15  68.666666666666671  429.29049408465568
20  73.333333333333329  435.2945796840757
25  86.333333333333329  363.94983193779785
30  83.666666666666671  406.84639149148609
35  82.666666666666671  603.59062088484598
40  88.666666666666671  338.62370280124702
45  90.333333333333329  423.62282736760596
50  90.0  350.00499739784357
10  63.333333333333336  394.07194907564838
15  67.0  447.97423616652679
20  77.333333333333329  407.81279113854407
25  90.0  271.75319838158322
30  84.0  387.24781492836541
35  86.333333333333329  487.51359590580336
40  82.333333333333329  584.5506244116682
45  85.0  443.98259187202575
50  91.333333333333329  359.52394137006593
10  53.0  460.05706043895617
15  54.333333333333336  518.50096484210133
20  73.333333333333329  553.33187403468901
25  82.333333333333329  525.8489097999169
30  82.666666666666671  521.65256014583451
35  85.333333333333329  546.29790644736136
40  83.666666666666671  495.42238098271986
45  90.0  319.6066642027659
50  86.333333333333329  499.27293992449154
10  68.333333333333329  439.06749898324978
15  71.0  505.09880271649132
20  66.0  601.94294582503039
25  70.666666666666671  558.6839361550044
30  87.0  293.34582471633416
35  83.333333333333329  575.56901248934435
40  86.0  484.64829282675015
45  87.333333333333329  466.27774044898575
50  89.333333333333329  373.2281501072643
10  78.0  380.75414129045436
15  70.333333333333329  383.52723913137834
20  70.666666666666671  755.33919217242737
25  80.666666666666671  477.10631290773631
30  84.333333333333329  473.02613039467224
35  89.666666666666671  397.29576245906105
40  82.666666666666671  444.31145140304318
45  93.333333333333329  222.86417638504759
50  89.0  523.98874590194441
10  71.0  322.61568939205733
15  55.666666666666664  646.7438293747914
20  80.333333333333329  323.77333004408564
25  70.333333333333329  709.76128393836268
30  83.0  447.6940418378145
35  84.333333333333329  523.41361898368723
40  89.666666666666671  391.17514922923738
45  87.0  366.37123578506066
50  90.333333333333329  348.29250315281064
10  68.666666666666671  386.51515425487906
15  69.666666666666671  448.04965274856045
20  73.0  571.5339293617111
25  83.666666666666671  432.15991903917916
30  88.0  352.90025754556501
35  88.0  389.62820070461669
40  81.0  520.79491537230729
45  88.666666666666671  417.65478271756615
50  86.0  548.56293982116972
10  66.666666666666671  357.31496170180219
15  74.0  435.93493860810895
20  80.666666666666671  475.90079756243546
25  83.666666666666671  440.112848911507
30  81.333333333333329  602.98072307379073
35  77.0  648.87525734628423
40  88.333333333333329  399.44808888434761
45  88.333333333333329  399.52428684913042
50  91.0  287.1501949809583
10  42.333333333333336  313.51126464182721
15  77.666666666666671  383.64276813911783
20  82.0  384.65597500590712
25  81.333333333333329  451.21474227828696
30  80.333333333333329  406.58852137214541
35  88.0  333.86987744343509
40  93.333333333333329  294.56638640479326
45  90.333333333333329  352.22969375667623
50  89.0  473.36478380709462
10  64.0  434.98132826078484
15  74.666666666666671  432.96316284162032
20  77.0  521.49503692974997
25  78.666666666666671  502.14269342130041
30  82.0  546.17705462944912
35  83.666666666666671  568.42940889608747
40  83.0  379.90384995629114
45  88.333333333333329  474.09901090720632
50  86.666666666666671  398.50735287322249
10  70.333333333333329  345.56682598339302
15  64.666666666666671  387.57450833623216
20  87.0  357.63554906220179
25  78.666666666666671  519.96552381834647
30  81.666666666666671  412.33932195654842
35  81.0  543.90990785578288
40  90.666666666666671  335.81441705806236
45  90.666666666666671  293.21919861334328
50  86.0  483.84989175314223
10  70.333333333333329  353.90195040343082
15  85.333333333333329  296.50049093653303
20  76.0  322.09519878738473
25  75.0  507.98803649581407
30  85.666666666666671  388.00446144999103
35  88.0  342.71685792738174
40  93.0  222.45170122619862
45  91.0  408.09499935973247
50  87.666666666666671  484.31732179860944
10  51.333333333333336  478.07992634560992
15  69.0  434.03646748494992
20  85.666666666666671  337.19101988686555
25  73.0  659.40239813583958
30  83.333333333333329  464.36523439082259
35  81.333333333333329  509.14126675430521
40  84.666666666666671  494.13855491247182
45  94.666666666666671  186.08701037859655
50  91.333333333333329  419.71995321249017
10  52.666666666666664  391.28153714865118
15  75.0  410.47901927015852
20  77.666666666666671  428.21418226872385
25  74.666666666666671  616.77497716513813
30  83.666666666666671  329.56390696893448
35  77.0  564.4316023776488
40  93.0  224.13326591974433
45  92.333333333333329  299.41325258553604
50  88.333333333333329  543.51313986692912
10  56.666666666666664  381.50090147784266
15  64.333333333333329  440.50858895190186
20  78.0  387.6816529028693
25  83.333333333333329  454.14296156939781
30  88.0  408.12501509350847
35  86.333333333333329  378.59251578596798
40  89.0  437.2043228375536
45  84.0  404.9063388321897
50  88.666666666666671  343.09167173207771
10  55.333333333333336  454.80373949719774
15  71.666666666666671  444.44757688824433
20  78.0  431.39506702741676
25  79.333333333333329  390.98821024445948
30  85.666666666666671  446.09675047443915
35  85.666666666666671  510.39805375875341
40  88.333333333333329  472.76313675726624
45  82.666666666666671  641.40696409885425
50  87.333333333333329  422.06731185173305
10  44.333333333333336  601.26781648044766
15  82.333333333333329  359.18515127317625
20  77.0  454.60199208325514
25  80.666666666666671  602.25704508119111
30  87.666666666666671  386.29223115964123
35  83.0  523.17546822712416
40  83.666666666666671  590.66051277581971
45  89.666666666666671  331.60730565124152
50  89.0  474.6372453963794
10  42.666666666666664  208.62535162544501
15  60.666666666666664  524.08158353982765
20  67.666666666666671  507.98005978002715
25  75.0  499.10848393192271
30  84.0  470.24573555475342
35  91.666666666666671  322.25583597515055
40  87.666666666666671  449.78874269920522
45  91.0  336.00556883136636
50  87.666666666666671  436.15206423679638
10  58.666666666666664  397.16669736896512
15  75.666666666666671  416.53647118399817
20  75.666666666666671  475.4560071707009
25  80.333333333333329  479.32485966402754
30  80.666666666666671  450.06009440874845
35  86.666666666666671  347.60626097698753
40  89.333333333333329  405.91413860477894
45  90.333333333333329  364.54510295428599
50  85.0  372.49928630628909
10  66.666666666666671  345.94993036094945
15  72.333333333333329  333.75436346506547
20  83.333333333333329  348.87680218862272
25  76.666666666666671  531.35164579537502
30  74.666666666666671  515.84703712428438
35  86.666666666666671  447.45531917341583
40  81.0  724.93046835111056
45  90.0  322.09468972477703
50  90.333333333333329  336.72573603265187
10  62.666666666666664  409.60332518317006
15  80.0  385.97212382114901
20  78.0  303.26109290521919
25  76.0  573.99309846808035
30  78.333333333333329  541.05059295819228
35  87.0  406.92686148106986
40  87.666666666666671  360.41006214349665
45  87.0  407.81650752816716
50  91.666666666666671  315.54310091178888
10  29.666666666666668  506.46163304555591
15  73.666666666666671  440.93857186019727
20  78.666666666666671  418.60121144245124
25  71.0  589.04288933942451
30  84.666666666666671  429.7413919943279
35  84.333333333333329  509.8895333396116
40  90.333333333333329  325.64369981206244
45  89.333333333333329  404.313526896594
50  89.333333333333329  366.33925882252362
10  53.666666666666664  521.52582649834494
15  61.0  545.42919895459147
20  89.666666666666671  314.79936591253801
25  78.333333333333329  585.61914453995428
30  87.333333333333329  391.65700799928629
35  83.333333333333329  550.40218629942387
40  88.0  375.0581582211488
45  90.0  404.44237481336927
50  88.333333333333329  327.61908697748356
10  62.333333333333336  396.75312977884403
15  75.666666666666671  450.90285736575441
20  85.333333333333329  334.68827159218449
25  87.666666666666671  328.78194439351802
30  90.0  253.20792096030604
35  81.333333333333329  475.50484947842699
40  86.333333333333329  388.80371767393058
45  91.333333333333329  376.55889757435989
50  85.666666666666671  562.52505850654916
10  65.666666666666671  437.36869742041358
15  76.333333333333329  500.64815515106625
20  67.0  590.81780398918056
25  72.666666666666671  506.42111091136172
30  84.666666666666671  423.35108226597396
35  84.666666666666671  509.81667314541522
40  87.0  366.25315732357672
45  87.0  460.06944301752839
50  88.333333333333329  348.64243446166279
10  78.666666666666671  398.28384638884989
15  83.333333333333329  359.85808223101907
20  77.333333333333329  455.0161838309935
25  77.333333333333329  602.20299021990729
30  84.666666666666671  531.27991390980776
35  88.333333333333329  233.15253226727103
40  85.0  644.31394859788077
45  91.333333333333329  301.18814827282574
50  88.666666666666671  416.07139065357148
10  58.333333333333336  387.05480366345586
15  66.333333333333329  471.55089298363913
20  83.333333333333329  337.14407370719829
25  78.333333333333329  541.54113940475406
30  87.0  425.33975817916786
35  81.0  521.05480313311409
40  87.666666666666671  449.38110514404161
45  86.333333333333329  463.71661227192817
50  91.333333333333329  296.91994349315939
10  70.0  403.45089973078689
15  59.333333333333336  399.41586716929669
20  70.333333333333329  527.490955648924
25  67.0  823.65039540886016
30  83.666666666666671  310.70425351467969
35  87.0  342.67315938908382
40  88.333333333333329  375.1984349944525
45  89.666666666666671  378.81769949454247
50  91.333333333333329  402.53875878122335
10  54.666666666666664  464.60628279803831
15  74.0  425.06306401700726
20  78.666666666666671  491.82472297213872
25  80.0  432.42702329965704
30  77.333333333333329  552.45952532964657
35  89.333333333333329  349.81396965924688
40  84.0  525.3397880225001
45  86.333333333333329  499.3009322095802
50  94.333333333333329  283.21788901556175
10  58.666666666666664  434.55706965041242
15  74.666666666666671  426.24162607631803
20  81.333333333333329  372.92551893649727
25  79.333333333333329  486.72442130479374
30  81.333333333333329  479.20055026686123
35  75.666666666666671  637.49226308442451
40  90.333333333333329  357.05918526851798
45  89.0  361.14424195418263
50  89.333333333333329  366.69054302305261
10  62.666666666666664  351.59496858305954
15  82.333333333333329  340.96757521353743
20  77.0  550.84404360146732
25  78.0  528.87615403298798
30  76.666666666666671  407.53575389372378
35  83.333333333333329  451.8166881975867
40  91.666666666666671  309.40954884957711
45  91.333333333333329  295.54804093853369
50  88.666666666666671  347.60983173257426
10  63.0  427.8999326724396
15  68.0  413.84391472655068
20  83.333333333333329  355.5011112172578
25  84.0  339.34287596129286
30  86.333333333333329  366.35404213971958
35  85.333333333333329  438.32169733437638
40  87.333333333333329  418.85799142975316
45  83.333333333333329  447.10197657161848
50  90.333333333333329  321.52416909536913
10  70.666666666666671  347.76662933453338
15  70.333333333333329  482.15202571279968
20  80.666666666666671  553.21527376684264
25  82.666666666666671  477.02601793249488
30  84.333333333333329  329.84961490426275
35  72.0  871.68135783938385
40  85.666666666666671  427.33929797354631
45  89.0  344.10454725179528
50  90.0  400.20823956806441
10  67.666666666666671  354.58209481521112
15  53.666666666666664  613.13957210468266
20  76.0  535.73376768361356
25  89.333333333333329  325.07478013365358
30  85.0  421.7152467430713
35  75.0  543.00760921631672
40  92.0  316.01228157793804
45  88.666666666666671  453.52873212881059
50  87.0  547.71925190546244
10  61.666666666666664  483.63277864369576
15  81.666666666666671  281.63813880845197
20  76.0  340.54429953847148
25  87.666666666666671  276.01328505161746
30  88.0  378.78832471012385
35  87.333333333333329  384.12093577216154
40  79.666666666666671  599.81849840659959
45  87.666666666666671  465.50061860017064
50  91.666666666666671  337.60149398183427
10  60.666666666666664  422.21471388378433
15  68.0  519.22203644511399
20  80.666666666666671  488.50854719568292
25  84.333333333333329  512.35806130983042
30  79.333333333333329  407.49631283150342
35  79.0  548.92467505638535
40  89.0  445.82595136422526
45  87.333333333333329  470.93428811014138
50  88.666666666666671  447.38865929533847
10  64.0  484.09250493427714
15  77.0  409.20089685313928
20  83.333333333333329  389.15247936348595
25  86.666666666666671  402.35040272289746
30  84.0  411.37623186800579
35  83.333333333333329  465.28212006418096
40  87.333333333333329  385.34187097771127
45  90.333333333333329  301.67906063751718
50  91.333333333333329  316.21718827995147
10  56.333333333333336  387.45397371075796
15  70.333333333333329  542.36952875173995
20  82.0  459.75094866679217
25  74.666666666666671  411.94960505478912
30  80.666666666666671  502.908924056704
35  89.333333333333329  411.44196252165159
40  79.333333333333329  633.85895887443644
45  86.0  472.49681023248388
50  90.0  408.51091298987166
10  56.666666666666664  345.88769198431805
15  65.333333333333329  407.56872589955628
20  71.333333333333329  452.89684750472207
25  74.666666666666671  630.16163706099064
30  87.333333333333329  385.28268902651524
35  76.333333333333329  422.42300567606048
40  89.0  381.86205341814309
45  91.666666666666671  265.2859177187479
50  83.0  586.08634142966412
10  54.0  562.56990458782161
15  72.333333333333329  475.98257974415594
20  65.333333333333329  530.86863722023725
25  72.333333333333329  607.42236202337278
30  85.0  355.41662559258134
35  89.333333333333329  352.78589923198302
40  90.333333333333329  379.70685486193014
45  92.0  342.91095316751336
50  93.333333333333329  217.80681231648842
10  73.0  326.37469400415961
15  70.333333333333329  477.53709632117051
20  85.0  440.72056948338547
25  85.333333333333329  434.19391533521383
30  82.333333333333329  431.03013639658792
35  80.333333333333329  479.41919183951529
40  92.0  378.38779291337465
45  90.0  345.74602869431357
50  89.0  460.6051286564857
10  66.0  417.31396459915004
15  75.333333333333329  463.95607575803206
20  75.666666666666671  514.48239423966834
25  79.0  469.22514190200917
30  85.333333333333329  365.1762745117847
35  88.0  362.8545252834931
40  88.0  425.45804219127245
45  90.666666666666671  326.19997181540913
50  85.0  614.36846262116683
10  48.666666666666664  397.59250094426858
15  74.666666666666671  423.00415561944391
20  82.333333333333329  402.7158866849021
25  85.666666666666671  330.35082433446269
30  81.333333333333329  560.12497891793521
35  86.0  373.04665619254547
40  83.666666666666671  643.56484402386445
45  84.333333333333329  499.17459389869543
50  90.0  418.13083864080795
10  70.333333333333329  412.86630310506831
15  72.666666666666671  453.4588439385783
20  76.666666666666671  506.85809113056439
25  79.333333333333329  412.81308841349511
30  84.666666666666671  382.54805517095173
35  78.333333333333329  530.39242020800214
40  91.333333333333329  268.30663431321727
45  87.666666666666671  418.08516211091865
50  78.333333333333329  439.50603621941002
10  59.666666666666664  481.23000918984241
15  67.333333333333329  519.10255738488195
20  68.666666666666671  646.35947882830112
25  87.666666666666671  393.09063260151561
30  86.0  444.990824384863
35  83.666666666666671  396.71346644712935
40  86.333333333333329  511.95177782005049
45  87.666666666666671  505.47552017265502
50  95.0  269.21153888709313
10  67.666666666666671  382.87558859303897
15  65.666666666666671  518.19996470644764
20  79.666666666666671  376.54625429619279
25  70.666666666666671  466.5758827660128
30  87.333333333333329  395.15844797641222
35  84.333333333333329  471.1563446217566
40  79.333333333333329  669.42698206415105
45  84.333333333333329  296.21114483504562
50  88.333333333333329  434.70729121533543
10  61.666666666666664  421.15082527168107
15  75.333333333333329  435.09815320376322
20  87.333333333333329  243.9599742272971
25  79.0  397.20732915039787
30  83.666666666666671  468.51514503607405
35  86.666666666666671  433.26615118518151
40  81.333333333333329  667.54258755365208
45  86.0  550.7901045432825
50  88.666666666666671  421.94897129379495
10  70.0  349.60496706266611
15  75.333333333333329  366.32257804548163
20  83.0  404.84166605904613
25  89.0  288.43365638371802
30  84.666666666666671  461.75488793053643
35  84.333333333333329  503.69281924824929
40  87.333333333333329  354.70671112911498
45  91.666666666666671  360.39159535441951
50  90.333333333333329  429.52474772553074
10  62.0  409.04713641609322
15  74.666666666666671  399.26733966690989
20  71.0  563.91432863871194
25  78.666666666666671  399.71766863168995
30  84.333333333333329  480.75726700683629
35  85.666666666666671  322.27781110693479
40  90.0  326.70892345703322
45  85.0  552.06225553112063
50  87.0  495.49038972424449
