6  38  195.92818394313957
7  37  400.09996854787329
8  55  232.67714991047487
9  53  353.6422716435028
10  59  208.08634466092838
11  86  55.115278992720512
12  80  136.94451440332938
13  69  212.94873142766619
14  84  161.36005493890568
15  94  42.966125337089835
6  37  203.98945743883425
7  37  280.72516157694969
8  43  220.08613225545764
9  43  191.73774430836485
10  38  478.88623831065064
11  58  287.41869811915222
12  94  83.457843458488739
13  52  458.15978959540718
14  65  273.25175477355992
15  79  210.30952940055306
6  13  90.099772381793599
7  39  195.32312297736672
8  52  295.32967020658151
9  75  137.64717858907233
10  43  446.86584670194486
11  62  289.49179335260453
12  68  101.51498779157318
13  73  184.25753795695317
14  80  174.17232379803298
15  71  237.52979224738715
6  36  380.92286988621669
7  39  387.24208243588407
8  53  197.97431774914642
9  82  87.795568636148914
10  44  450.874149710692
11  51  461.98132944670522
12  75  188.97100304062079
13  58  310.52531188926969
14  57  375.66563297227384
15  83  116.49888846171608
6  25  157.97922244134955
7  44  161.42073666766285
8  36  227.88837650078256
9  46  346.15450867372567
10  56  250.71202820843681
11  65  269.91868360019481
12  85  82.263552319461454
13  86  74.721492956437544
14  84  103.17736122535516
15  67  279.60083919761183
6  41  155.53262066442301
7  22  252.51071284617345
8  40  459.12118175600438
9  62  148.7312891917604
10  55  367.13366831769417
11  62  304.56618227912975
12  63  292.89577683536652
13  86  112.30119295620109
14  54  314.72826268476001
15  51  290.43086214440143
6  27  217.21544279273675
7  50  169.1750945871066
8  51  132.9869448457946
9  42  489.72009093868496
10  49  285.37745052925482
11  89  69.280794216894336
12  88  84.955950172369029
13  54  419.21339901022696
14  69  281.34318942181307
15  55  411.40522464814029
6  31  191.75707179613809
7  35  267.74265580873094
8  53  186.72380415310218
9  48  376.13673424539678
10  57  199.83676954195548
11  54  197.88067882206121
12  51  324.63277344692062
13  72  218.1293104591422
14  81  148.07375580697862
15  88  91.231105458760126
6  18  108.30637295158679
7  61  140.15474519425845
8  49  172.74275392870624
9  27  137.89289490085838
10  67  195.69303135720403
11  81  103.91059590917027
12  68  172.63640977414292
13  71  216.83116879471089
14  82  140.79899419451371
15  59  404.49140808105608
6  11  282.75715095300689
7  35  108.53297962326398
8  39  376.18894103894229
9  61  178.60565227816022
10  80  118.45348569553141
11  69  236.74238205447861
12  80  171.056309560231
13  85  75.096136601060806
14  72  177.4072474217206
15  67  245.7490722033929
6  22  194.08273808116081
7  68  155.00965203004455
8  37  266.26132579635384
9  76  175.49963051515209
10  48  353.06184284530605
11  49  150.26573015356999
12  70  185.64002307148002
13  49  358.63171490676626
14  78  157.959962806628
15  65  268.97804600869597
6  16  288.91180394611695
7  50  134.50668319318171
8  42  292.2918432931142
9  49  293.08437970872507
10  61  281.89191038588649
11  48  234.29610531126778
12  65  269.7812228091351
13  34  601.5299695589074
14  80  154.85255082194064
15  79  140.45151004382458
6  11  89.50748885225066
7  40  202.58574667518079
8  66  118.83397120313009
9  40  254.08519625216246
10  75  203.64380082110284
11  74  196.27344599075616
12  83  178.28266311551556
13  63  262.6614729900337
14  91  68.602899955762581
15  80  175.29118714109254
6  46  114.6122450559556
7  43  248.75885121015614
8  30  246.6088991550854
9  47  291.16092205826834
10  76  153.21612159512404
11  48  299.54353788995729
12  65  155.3190371237929
13  67  238.47013596023217
14  76  206.22415394277951
15  83  109.21719103288048
6  36  174.84107097915538
7  61  207.63046200999383
8  51  172.55482412867741
9  68  152.90621151158754
10  59  263.42792048232531
11  65  234.09983364847966
12  62  364.76518670791188
13  68  285.14916967977433
14  69  219.51167072125571
15  61  433.64357021227096
6  51  214.35303298721232
7  34  117.87667100593718
8  34  390.81626032879711
9  52  281.81820863985746
10  77  91.65310284354814
11  67  222.25507511883214
12  61  186.81260934754471
13  74  202.46671030352911
14  68  276.00910561580986
15  89  92.15886632210983
6  28  314.15607605544233
7  48  199.21462722263391
8  55  184.14969082428144
9  46  232.37359630681539
10  48  346.7000214807025
11  64  269.93815091799621
12  62  253.56250890954138
13  51  305.28419627492099
14  80  123.93711750649302
15  81  170.94374727708259
6  23  351.88157901632036
7  38  432.5171049325233
8  55  257.40771705253633
9  44  256.02058144029189
10  43  385.74272723668446
11  57  208.68187959132504
12  60  269.93385935728418
13  85  123.60921288536697
14  58  292.30281042786146
15  73  231.46327881372036
6  53  121.05523248696367
7  59  133.67458190884355
8  67  185.08460816467408
9  57  113.87567123289102
10  69  234.45322751985012
11  36  329.92561428303969
12  84  114.91066781224711
13  67  229.5297096823727
14  94  27.574509704459452
15  69  232.17669268088829
6  36  148.31784282094108
7  38  286.08461877636029
8  34  287.9481924852862
9  37  372.836395521192
10  70  141.07003433000625
11  68  164.40228296608765
12  65  345.89724054424636
13  71  123.3982068377189
14  69  259.81372129647349
15  94  103.79176865868645
6  22  77.154287039640096
7  26  304.26345903184682
8  28  253.32674344526754
9  71  137.47362904220196
10  48  254.98242504881358
11  55  241.42606186210696
12  72  144.47907608314051
13  84  110.03146192234877
14  81  82.931966046921104
15  94  50.000000000000007
6  34  159.39595415884375
7  36  153.37652321740592
8  45  228.7497988262341
9  62  181.00121287555993
10  53  307.89922886597645
11  71  189.08771008794687
12  97  17.936299576370835
13  69  191.08422330540779
14  75  232.44063568226397
15  83  115.66507717784728
6  50  115.72593620942365
7  40  239.46036231081959
8  69  117.93839575754356
9  63  224.50519164541666
10  72  113.82346901044079
11  69  161.86287460488117
12  59  243.80365441942388
13  50  406.76021844045795
14  86  111.98531169705589
15  71  232.16837660600135
6  62  92.236497396834693
7  39  250.06530835668698
8  59  107.16801630580737
9  55  297.75308479007577
10  86  72.599046663831075
11  66  228.27162698658663
12  86  84.722352458237864
13  68  280.73392440730004
14  68  224.80218545414255
15  80  191.44845067406683
6  40  138.20607059295386
7  60  198.27746911554871
8  48  316.48371604059946
9  61  164.71855160614794
10  61  209.06132529925219
11  58  278.87180081425652
12  93  99.897696469773493
13  73  127.25876362569366
14  68  291.930105079675
15  81  154.67127298262648
6  32  241.58848783642864
7  56  159.44599698912637
8  30  402.33531833830961
9  45  372.14099500001288
10  44  175.96271995268137
11  64  213.24096209023728
12  46  468.43063343147605
13  77  124.56095678546616
14  35  586.45233392510477
15  59  406.92539228920606
6  49  138.8103179780021
7  52  205.97802211438517
8  47  263.3582624799584
9  62  190.0910072328015
10  53  340.89305413673191
11  66  208.92826815319202
12  68  241.76496218169518
13  68  241.76233287816407
14  79  145.77966615316902
15  77  158.40853274851131
6  28  235.84771599225522
7  50  290.07269023008865
8  75  102.81777373262233
9  46  304.03014023199262
10  38  532.8490249636377
11  70  85.486924394817223
12  67  190.71460373665394
13  77  71.094363000015989
14  63  203.10567862102062
15  76  195.34373434866146
6  35  262.32275920136851
7  55  179.04275727060167
8  84  79.227625604895422
9  32  382.91591943354814
10  46  256.96066439777337
11  77  155.08719220341152
12  59  240.26902568885865
13  52  394.73968245052919
14  65  338.03494584713025
15  90  89.482017128465159
6  45  299.80929692445699
7  54  134.43915829962063
8  50  185.8977806032656
9  12  583.83584234056798
10  46  323.23410497663389
11  62  270.51381835602507
12  76  155.01312765001484
13  77  211.6794080367078
14  47  467.07835081219247
15  65  259.28425796989222
6  21  157.52942269349359
7  13  222.62649287634898
8  9  291.14415126282177
9  47  213.91294492085683
10  21  236.68201785286897
11  66  208.80386380683123
12  83  119.09671703733662
13  74  195.02760776523365
14  89  62.250565993377165
15  85  105.48648049108579
6  34  293.02648629979376
7  30  112.2500618127886
8  42  322.50467536219298
9  74  95.631438577104788
10  74  100.18582664933957
11  81  127.43717751211904
12  52  520.71274656480819
13  70  245.19905518607905
14  71  256.29360927906089
15  85  127.48138120214108
6  28  208.31366648865242
7  54  225.67476985667111
8  43  249.70662105161045
9  19  233.86965797512227
10  26  310.85398085310777
11  62  202.67964297877876
12  81  174.51599673525004
13  54  307.45781501507258
14  95  41.952873562325543
15  86  89.931957060216618
6  46  145.94832390405605
7  66  62.392261846067477
8  34  160.22089962894722
9  52  239.51956284997996
10  49  343.90734624231482
11  53  281.49239219958844
12  73  137.07090824572256
13  76  144.84500970985673
14  59  272.86015585203751
15  89  70.857586853471943
6  19  240.58259788250166
7  54  135.36774683836344
8  48  180.50675675897816
9  46  301.70293885446262
10  77  115.53657576941228
11  71  198.02979664559157
12  75  183.70488587220581
13  61  300.61648080619165
14  38  536.8237506340422
15  76  257.54209655766539
6  14  212.33060372383088
7  58  111.11054787918044
8  37  290.92988189505655
9  55  230.94396566634865
10  56  260.85527897231646
11  71  251.14674969756993
12  70  181.08860783613034
13  70  266.12809976328208
14  76  175.82862341654882
15  72  218.31677246616437
6  36  113.33210712625113
7  44  238.95347891319742
8  54  290.87817064149982
9  49  177.50974113664606
10  69  152.44587133603989
11  66  237.0767068170876
12  45  313.23332659064909
13  88  76.217843181391302
14  72  209.42697229142507
15  81  125.15167462272483
6  31  267.78093691454211
7  36  269.9650927878568
8  57  129.43876957723185
9  50  276.83835929387965
10  48  293.9698229148604
11  51  355.16764665823285
12  81  134.44522384374238
13  81  134.47134417158267
14  77  220.63738817377345
15  74  198.78298070026659
6  22  155.09026350115417
7  74  58.723631331371799
8  74  154.30837689326833
9  48  279.67170666139282
10  70  204.89478403313714
11  52  340.78826060946352
12  82  121.64464276424528
13  50  314.86236541815907
14  62  250.26777880836181
15  70  200.56758680557678
6  20  140.09316467247368
7  56  153.46366576211068
8  56  149.66663139034628
9  26  433.47112023830005
10  52  209.90960580482633
11  72  125.30823580454987
12  71  189.64253397639658
13  76  186.22995674231117
14  87  109.70931097425303
15  73  259.00000000000006
6  54  158.21557568922097
7  63  185.80251667010481
8  24  361.32748297581367
9  37  311.17474555595811
10  17  657.49436279510053
11  80  98.799863526976495
12  84  75.125268495491483
13  74  163.73973132488925
14  56  240.34360179435592
15  77  215.52788444735287
6  42  111.23176764832542
7  73  146.60491490284406
8  38  301.42276674731141
9  53  341.98376218467172
10  57  182.79560525492576
11  74  222.16001778863205
12  69  180.82261943173683
13  66  182.10518347941149
14  83  131.65369849230774
15  82  217.64374664986988
6  52  190.33241528414905
7  64  158.81175521298337
8  41  412.5895360336803
9  54  337.24335655562851
10  73  123.85612805202605
11  65  76.061692684622003
12  63  173.68678558375862
13  52  287.90862307336772
14  68  255.26763681269239
15  85  90.810044033778155
6  43  196.63706468450948
7  55  263.01809308632693
8  64  126.51052240150032
9  38  505.03368570322613
10  68  235.03909660563031
11  77  180.89837834241774
12  77  149.04923139619163
13  74  215.31713117213289
14  79  136.8263867404238
15  58  362.96102244268383
6  42  319.26366614653108
7  34  295.48842897395514
8  54  235.43454643050808
9  33  437.24255004613002
10  51  309.56897540304317
11  51  327.52045530753855
12  70  204.82801444653143
13  64  391.06232128854373
14  63  234.58286536394951
15  94  44.52920008284098
6  31  157.04717053040375
7  40  222.98595720124942
8  61  125.19220939760135
9  57  176.82288124120126
10  55  372.57746969349182
11  56  278.7815337265921
12  55  337.81061189544681
13  72  201.762390427854
14  67  284.43503356887527
15  85  132.52352353896606
6  28  161.39958046411982
7  18  414.00785653780525
8  64  78.374010896953862
9  64  228.66819327035148
10  63  192.51029762036012
11  62  240.10974285125101
12  62  230.11876237143491
13  84  104.2289450210158
14  63  255.61620343799669
15  85  127.4039459752284
6  36  181.18216844415838
7  24  384.99442834899531
8  39  188.77051935181021
9  36  200.43683252816746
10  58  239.49432989462321
11  61  185.30571099259703
12  99  11.682012340837295
13  71  304.88819181621056
14  68  272.43062952740615
15  85  120.51478039721918
6  44  184.89556799973207
7  37  214.19909186021314
8  56  236.97380479706035
9  33  366.16528828709039
10  32  265.00028525647463
11  68  215.05690709036304
12  75  114.47021949757765
13  47  413.59436624342425
14  75  128.13398012884866
15  75  165.88713321015391
6  37  190.39429882879563
7  53  169.13799759649848
8  20  249.67318364824041
9  56  344.74257552353021
10  59  162.37231956928235
11  26  167.27325954457979
12  80  153.63425921299608
13  73  179.57679032078988
14  77  169.6261199587656
15  77  166.57549034594987
6  23  258.97069613140633
7  53  152.78333045429042
8  78  64.903055677671802
9  75  83.423160734384325
10  62  308.12090258648738
11  39  480.26038099860853
12  72  147.69991873185819
13  50  419.26306397383632
14  52  298.03367321942898
15  54  327.30328321535501
6  46  268.71970377172767
7  25  369.14672739054373
8  47  171.88839887851657
9  54  180.47512922565303
10  71  229.59532771478823
11  54  269.56304747386866
12  97  24.362677927776144
13  84  115.83522792695483
14  87  108.63465613819029
15  75  235.77049218757799
6  48  152.44763746653396
7  49  233.15661593517754
8  41  242.82435569195457
9  50  331.92804146948629
10  58  177.79341281389591
11  74  191.16397883533551
12  45  229.67399916185312
13  51  399.16975298681405
14  85  134.93011547837429
15  91  88.266693241554847
6  23  152.90062974914275
7  65  110.33334069189185
8  55  144.7987441461145
9  23  275.45327281012129
10  82  125.29524206589008
11  55  307.36814265658938
12  81  119.41966791835053
13  77  122.29041474781323
14  79  135.34325157120693
15  91  74.231716866099191
6  59  129.52697085100331
7  4  122.10550757795825
8  34  204.7914899318217
9  34  308.49918422665689
10  77  211.18663059123733
11  50  260.1859606263061
12  53  378.16229537013879
13  75  178.58674657012548
14  63  291.20567109499797
15  60  367.5872952463672
6  43  130.69422220750229
7  40  203.95864849011997
8  76  103.96369250356062
9  73  136.60503003363149
10  37  198.25997913508962
11  73  147.57099376256056
12  68  233.31023201492502
13  77  214.54654520846987
14  73  211.95318390875661
15  77  104.93168125958829
6  36  141.73619122046117
7  24  261.72392465539485
8  39  316.24856482331165
9  40  188.85141575457064
10  77  143.02035878710069
11  64  146.79760406136091
12  77  140.58814456569962
13  78  97.350793861643595
14  62  282.44577405747901
15  80  182.31405048233157
6  33  221.18763514010058
7  60  158.57676947728044
8  58  209.06489629214275
9  36  343.38115736844622
10  67  180.83546460441207
11  71  159.76528740242662
12  50  377.41826317647701
13  48  233.19314720710037
14  88  91.373461865560117
15  97  25.924594540912061
6  26  143.39398917106854
7  43  122.35611786470618
8  34  338.32441155610633
9  45  320.21765478600815
10  55  255.9044258656082
11  61  260.67823494366371
12  62  161.81126931807802
13  41  500.57105805934242
14  59  188.21128047658581
15  77  183.91264864386613
6  29  299.62229536250413
7  61  137.86513146999459
8  60  150.13282324260376
9  34  441.98088260154469
10  52  316.82455087132575
11  59  184.93125400666145
12  50  312.74123769651061
13  76  184.90775491613917
14  74  239.32014959669181
15  76  161.99098071018295
6  38  315.68349713840411
7  35  308.42963153594877
8  67  185.9354886916565
9  65  158.51860353720508
10  61  388.22714894882563
11  80  128.53646148327243
12  63  232.4503514932513
13  66  373.42005907314211
14  80  147.5060151651335
15  77  159.58995378788705
6  46  195.54801665466223
7  63  331.54040628780166
8  48  223.98836959506991
9  58  163.55822676303364
10  72  112.55371971965135
11  52  265.55848273510105
12  68  241.13185264991142
13  79  141.58826455829865
14  82  137.573858044508
15  86  118.25939679153075
6  30  130.72480983096798
7  48  210.93470183244898
8  47  256.91346883934023
9  72  114.5955226736219
10  72  100.45312562982096
11  50  231.71263147173065
12  80  216.54037435997375
13  55  318.85784069884653
14  72  133.37937345898348
15  76  160.45357003984884
6  33  260.79701193778493
7  64  166.66215646185304
8  44  364.20806658785494
9  60  179.7130814590947
10  40  182.58092161589781
11  43  141.96810127316508
12  83  111.59447277987159
13  83  142.75531323373917
14  58  304.90780099795927
15  43  510.18191597750888
6  39  323.21587618365692
7  23  321.90363290634633
8  61  171.14236384650491
9  54  268.0922033687861
10  53  342.91164159707546
11  44  262.51041340921552
12  58  279.50907646438952
13  81  130.3573582416189
14  64  228.8083632814284
15  61  297.16175143794334
6  50  96.049419387003169
7  39  125.30526714317421
8  27  344.15425548854955
9  87  136.79027330676533
10  62  248.3709147591583
11  30  539.70212746969423
12  56  321.14388602993756
13  73  253.58581434445179
14  76  215.98000780292688
15  67  255.73895400294657
6  24  184.47141569889959
7  51  337.95419085517517
8  72  75.310297166473845
9  53  267.14559263724499
10  51  344.48997902364522
11  35  392.1086545661492
12  52  307.98834848902573
13  76  181.31326110996483
14  85  112.97989929382111
15  80  158.12282110404587
6  23  317.21692479688619
7  31  384.86142356744375
8  60  163.15383069685674
9  56  98.113574762919384
10  76  147.68379293174172
11  33  493.71603730722973
12  78  139.72331592227093
13  65  278.69266473244897
14  75  164.68195468422826
15  70  261.4183826933637
6  51  175.72973993447306
7  36  238.79788115659977
8  60  147.13443773769325
9  68  152.53290183041528
10  54  179.97087730294285
11  64  189.62085589402707
12  58  319.88728966759697
13  79  158.19975370884137
14  67  226.48233756906612
15  90  82.270795802786225
6  23  262.22803629873266
7  22  280.4370605209383
8  60  160.74163302585035
9  48  132.38863413863635
10  73  194.84962232298128
11  81  102.99723574630654
12  56  409.02034063500236
13  68  198.6076128147736
14  61  317.04325491875932
15  69  235.47887891560759
6  58  95.706667543039117
7  37  152.75310163801862
8  44  263.60916532036555
9  61  257.28143326671511
10  45  422.0179711146493
11  46  296.87210308558133
12  54  445.91502514028923
13  66  248.79332433518493
14  80  149.2775554960329
15  75  234.29500641778949
6  27  334.15918634466129
7  44  349.56099966780965
8  72  110.64630225614792
9  63  238.94383921033602
10  67  186.04775987442699
11  30  370.44347583436064
12  42  461.56531259211874
13  51  289.03808224860074
14  66  154.53655584394551
15  64  267.42089566651885
6  22  292.72185387049871
7  23  456.76207170157249
8  59  172.46408344963419
9  40  299.39065222791811
10  76  177.74520990531261
11  50  248.60320332471287
12  66  224.30204203352358
13  77  154.02055702927055
14  30  618.28157130625641
15  92  64.540785387439001
6  28  108.95006141885547
7  53  211.59202653545947
8  32  222.88438404611759
9  60  221.75601286285837
10  67  152.52827812882069
11  67  99.96306463572148
12  86  114.96585340930442
13  87  92.135968300725693
14  76  191.44995963214211
15  93  50.959587337530394
6  28  177.78834112675037
7  50  218.64451790734896
8  56  218.55632217912139
9  68  192.07919399077545
10  48  311.8307766658076
11  66  185.27300122029033
12  79  227.72337330715015
13  67  313.0324307759945
14  67  296.09175925935239
15  83  134.25294609321867
6  21  203.94728713714161
7  47  250.29763830025834
8  57  190.82654933328058
9  69  175.01769921912438
10  49  211.61139947309957
11  69  166.87795410253744
12  55  269.91140601213232
13  56  333.77014235346934
14  43  392.8602684598111
15  63  262.91508241471462
6  33  238.11268802048662
7  27  181.15934175013277
8  62  198.68497813217991
9  51  207.75954055053455
10  89  69.788502678556256
11  47  463.30431914063678
12  58  326.28640840826898
13  68  191.58462045598159
14  75  218.24528752399826
15  80  183.96490493278822
6  59  143.68321229174018
7  47  254.61740619887823
8  27  198.15974163243044
9  41  296.83683224854343
10  66  138.86887524327943
11  54  291.70120890826007
12  65  220.46082455556012
13  50  290.12260476682349
14  45  297.96048607089836
15  84  178.13405322777638
6  53  181.92843224797463
7  49  124.44764597397224
8  17  310.19946101962023
9  72  200.95917388629843
10  64  229.60559847928741
11  62  335.56656009264975
12  89  95.79204329104158
13  79  153.65379284447587
14  92  68.447576296653679
15  76  201.3354760926394
6  14  299.86115065448411
7  42  142.3915957608024
8  35  177.61769525185213
9  17  511.87861819511556
10  67  140.17437382412942
11  34  468.19193914063544
12  97  24.188119741370439
13  67  260.74372998724408
14  70  220.19150158624265
15  83  126.78385027440299
6  38  270.39789411569961
7  47  186.09478876339782
8  39  409.89420735265691
9  53  252.12789785192263
10  74  167.48824302762793
11  81  109.27668632999331
12  65  294.86237735488032
13  78  194.8893205434444
14  81  162.50864420571261
15  93  56.914535249306461
6  61  116.08025234197252
7  32  163.83248639303051
8  45  155.6247604271168
9  52  177.41023341556357
10  39  229.18987460676439
11  65  204.12514871865301
12  54  361.80733201210217
13  70  193.98539426158354
14  62  417.39336397816243
15  80  160.40382741003742
6  29  153.03923735659009
7  38  403.61538614308938
8  69  147.64571570902652
9  41  276.27531429713076
10  48  382.97014425708295
11  77  137.14330280667605
12  79  115.21486887784302
13  84  140.46542786538956
14  63  264.67554380169412
15  58  311.77463119693283
6  41  176.81230600569933
7  21  231.6644023342283
8  24  300.48791646014223
9  62  201.00630483588745
10  71  133.02441641429411
11  65  252.81857902808866
12  92  51.990710414648909
13  78  143.63164898036274
14  55  302.59384798807446
15  84  115.86826758392611
6  64  135.07437707841416
7  35  232.57375021991035
8  40  224.88541848921187
9  36  349.6388892653049
10  71  169.29259877307956
11  84  88.981102239923956
12  67  208.97133149847392
13  73  248.14003196820684
14  67  163.77017104610354
15  81  136.71565833140187
6  17  199.34520036863566
7  51  201.8076825816531
8  32  139.68977604294696
9  68  142.39571975890269
10  70  205.15868610966126
11  56  312.54234882036985
12  49  320.69164569089901
13  77  188.80562964728975
14  73  200.48963741187376
15  86  115.77376479283919
6  24  187.7523885792412
7  49  200.19694060785775
8  39  196.47710333397762
9  34  282.41595753963213
10  55  327.64546246998304
11  58  363.00505482982373
12  68  235.80397632368229
13  67  110.14524446483657
14  69  222.62207079565053
15  77  138.51021196006909
6  19  220.92331327010402
7  50  205.64368828164612
8  62  169.41465013395225
9  27  477.90236310916845
10  78  116.33400705967475
11  52  257.35576771727051
12  61  138.34842396426092
13  56  241.34530556580836
14  88  64.896526071940642
15  77  241.10346674900543
6  46  235.08374403559696
7  35  507.59409798980141
8  43  300.64117481765885
9  51  288.58278987686589
10  48  298.62701485871702
11  72  182.60775030953914
12  59  306.30513548615545
13  77  176.75607103392497
14  88  101.68381651106453
15  92  41.754280295200289
6  25  156.68764295449131
7  39  286.98880964222707
8  43  250.52936459931203
9  50  229.37450195095306
10  48  203.01249438071073
11  55  325.82281657247893
12  88  99.71046968720438
13  76  160.68919492587338
14  93  56.414217258929504
15  84  106.34305119901617
6  56  127.11681053631776
7  22  277.39517392869942
8  48  340.72187707858518
9  62  189.50533941881849
10  77  137.77684648452166
11  71  132.0041841964788
12  51  402.84633446191145
13  79  163.64323169974463
14  90  74.19397150921418
15  62  239.51480791470291
6  30  122.53769636685573
7  55  186.88210552597889
8  45  251.03619500986102
9  44  285.92284997591764
10  61  260.51551823277032
11  78  133.61388925169959
12  71  222.98672835112163
13  58  384.51905972132488
14  67  222.04624074234718
15  69  284.76993749869342
6  53  177.48955405457764
7  45  199.59557926144626
8  32  268.625184397167
9  49  304.41396810265803
10  61  262.78833691451177
11  37  524.76052656194452
12  63  337.36309132759936
13  84  203.24614969427361
14  76  143.15723821258564
15  94  37.555760487441447
6  23  160.56611702176022
7  38  253.58318677787508
8  79  113.87451262832155
9  66  155.93380365020104
10  46  415.17358474532148
11  32  222.71437182316134
12  63  270.4795931924707
13  78  224.75089610425513
14  82  120.75550165231257
15  67  261.17849947679929
6  4  149.45100763766223
7  27  433.01799954832165
8  52  217.292038867598
9  41  286.40392874937874
10  57  215.15623706700498
11  27  198.1542593329938
12  49  405.12273843683988
13  55  313.45757911446617
14  81  151.20856980560333
15  53  357.84460810312584
6  42  204.86334778430682
7  49  363.24287692777295
8  57  300.29467512363192
9  56  309.54670562693457
10  62  251.83966925878735
11  32  288.79109960084884
12  85  96.419085710955287
13  63  268.15308123669325
14  83  134.8734732149222
15  68  154.072322387611
6  29  258.63509352879214
7  27  411.8339421210211
8  48  336.15080789560346
9  49  174.81351912580246
10  55  255.94304769173499
11  50  308.87070461243752
12  49  297.21142132726493
13  67  142.40103240927334
14  28  478.40458559366186
15  90  91.000000000000028
6  30  306.62341199784055
7  46  333.13632242803817
8  57  230.66208610144611
9  34  483.75662421857578
10  68  185.00037208126528
11  48  379.03852044832581
12  79  173.43906987986134
13  68  151.77242567129301
14  77  159.62857929420261
15  76  231.54523369061354
6  45  56.526208253803297
7  54  219.02791984646146
8  48  249.44817790365988
9  36  480.62924926152562
10  64  172.06955840823323
11  67  236.20390115548213
12  76  217.07418250507436
13  58  391.84673843386463
14  27  715.0
15  93  59.371543620783463
6  46  190.83041508126385
7  18  347.23640532790546
8  41  276.75906034104531
9  46  267.53343267914045
10  64  147.47262109798896
11  63  268.0599017559104
12  72  163.42026855502957
13  67  239.67561858828725
14  74  208.10600123670574
15  69  224.50773493540734
