10  67.666666666666671  338.48603748226805
15  74.666666666666671  335.58194787005385
20  88.333333333333329  262.42535736296634
25  84.333333333333329  367.2359746123193
30  80.333333333333329  627.39357475794475
35  92.0  303.9808881566118
40  87.666666666666671  463.71322303047316
45  85.666666666666671  572.72970164159551
50  91.0  352.23215765975095
10  65.666666666666671  464.69217064096819
15  71.0  431.20321170149379
20  82.666666666666671  406.51286799914197
25  77.666666666666671  488.04464315703393
30  85.0  437.37198997211783
35  89.666666666666671  322.38169062022303
40  80.666666666666671  562.97033569201301
45  90.333333333333329  385.02200770707429
50  92.0  285.54622481399593
10  55.0  400.02044245435746
15  81.0  334.34070130208823
20  80.0  429.68393275177186
25  67.666666666666671  516.59020805559283
30  89.666666666666671  273.62311400847847
35  87.0  391.71378507792514
40  86.666666666666671  435.41199771082904
45  90.0  394.83561831891052
50  92.666666666666671  268.76284136189963
10  58.666666666666664  328.77777110666375
15  68.666666666666671  483.55578989008302
20  76.0  460.24489591628191
25  76.0  647.86535438246801
30  91.333333333333329  341.73327071883017
35  78.0  564.96969559315255
40  90.0  370.81405474704593
45  88.666666666666671  446.25444647100619
50  88.0  404.19195945342926
10  77.0  377.18835129663853
15  66.333333333333329  539.65925295228772
20  79.333333333333329  538.5628261123519
25  83.333333333333329  486.66587855679052
30  85.0  507.63093888936118
35  89.666666666666671  349.23983052614199
40  84.333333333333329  477.03177269241553
45  88.333333333333329  418.52534272372475
50  88.333333333333329  445.66543779664192
10  69.0  347.9782506631409
15  71.333333333333329  533.99969539538642
20  82.333333333333329  563.2838676661064
25  82.0  460.71507903507177
30  88.333333333333329  393.73718350610488
35  81.666666666666671  389.82199453958492
40  93.0  271.48334966505405
45  88.0  476.54766599240133
50  89.333333333333329  459.18077668198475
10  63.333333333333336  363.39841175510753
15  71.0  497.91473367083279
20  74.0  487.62936465991953
25  79.666666666666671  493.73326910914392
30  78.0  613.65102872965588
35  83.666666666666671  482.64701847487788
40  86.0  470.92987129574203
45  85.666666666666671  393.2686983728853
50  86.666666666666671  529.85643605357347
10  66.0  361.46527575270716
15  74.666666666666671  395.64657421099628
20  70.0  588.22021991020938
25  69.0  659.11640954333188
30  85.333333333333329  349.19255028380024
35  85.0  472.65705810844707
40  82.333333333333329  610.96486981123724
45  91.666666666666671  296.666575906123
50  87.0  424.95129844208054
10  59.333333333333336  376.73118314498379
15  57.666666666666664  560.36784685803468
20  84.666666666666671  390.55585623925083
25  74.0  534.86343236527773
30  86.0  433.04760432794774
35  81.0  526.5540013906251
40  88.666666666666671  425.87704458985678
45  85.333333333333329  594.17268027978059
50  81.666666666666671  832.37438603825274
10  53.333333333333336  373.43547066916597
15  60.0  437.94504211481438
20  74.666666666666671  479.2648939271935
25  78.0  441.51706020531969
30  88.333333333333329  280.08062902251828
35  87.333333333333329  380.91037254306275
40  87.333333333333329  419.9973755508845
45  90.0  376.93036721477887
50  91.0  316.23208506433843
10  59.0  291.67830612595742
15  76.0  417.09571362968569
20  58.666666666666664  573.06932316815073
25  83.333333333333329  490.85878325743317
30  88.0  364.32696660536612
35  82.0  455.27436370675667
40  83.333333333333329  563.1457702292912
45  91.666666666666671  384.62272468836704
50  87.0  415.35067320313971
10  56.666666666666664  264.73566380415593
15  74.666666666666671  489.51457088870723
20  69.333333333333329  603.3514861673392
25  83.666666666666671  418.7577735366886
30  84.666666666666671  448.25790141199212
35  82.333333333333329  418.73422285278792
40  89.0  400.25343355528281
45  90.333333333333329  346.00997039271454
50  91.0  361.76388414653871
10  51.333333333333336  416.70155163191879
15  70.333333333333329  457.67733206760431
20  70.666666666666671  548.64715966378049
25  89.0  303.69588020915091
30  76.666666666666671  581.44708363905556
35  89.333333333333329  285.4928754225856
40  90.333333333333329  398.03037282093072
45  89.0  442.90489783058757
50  92.333333333333329  263.15086609992392
10  69.666666666666671  376.76877518399584
15  54.0  704.55481927792891
20  80.333333333333329  472.50713708640234
25  76.666666666666671  537.99398020823674
30  76.666666666666671  508.90735957063322
35  91.333333333333329  354.04766106554621
40  80.666666666666671  573.97105997410085
45  88.333333333333329  357.46224165628223
50  88.666666666666671  384.11270161568291
10  70.666666666666671  336.88859167676651
15  78.0  405.39251122775647
20  77.0  433.48776461513285
25  82.0  450.2122124313035
30  84.666666666666671  381.50382877616289
35  81.0  473.17801121288858
40  87.333333333333329  346.06679738875471
45  91.333333333333329  325.20212485931097
50  90.0  384.0925272897685
10  63.666666666666664  424.40933700565949
15  68.0  586.45550563519703
20  71.666666666666671  431.23345460228887
25  85.666666666666671  348.45265618679781
30  80.333333333333329  423.49367836812246
35  86.333333333333329  498.8107314712563
40  82.0  484.41730788007476
45  86.333333333333329  512.64377694865846
50  89.666666666666671  374.9527376970986
10  63.666666666666664  409.60284861101053
15  74.333333333333329  427.33206941924561
20  89.666666666666671  304.4182484735108
25  74.333333333333329  682.39301166617054
30  83.666666666666671  420.04591705529697
35  86.333333333333329  330.79623950269888
40  77.0  547.56506180622659
45  85.333333333333329  517.08332289421242
50  90.0  347.55572571439632
10  53.0  504.16236591581594
15  78.333333333333329  456.81310222248385
20  72.0  682.220131622125
25  89.0  368.18506527708269
30  81.666666666666671  486.58464062600115
35  89.333333333333329  399.32051654337874
40  90.333333333333329  323.88220724628582
45  90.666666666666671  307.86585739183511
50  86.333333333333329  506.29665672602727
10  67.0  372.2141347178927
15  68.0  413.94117127318066
20  67.666666666666671  294.13642778844752
25  83.666666666666671  441.02748402751826
30  81.0  451.39752801016948
35  83.0  391.21780966474279
40  83.0  477.0799409618345
45  90.666666666666671  367.79025195708908
50  90.0  465.3809387402834
10  71.333333333333329  422.74329858091215
15  68.0  558.41235974946926
20  73.0  493.36078366570581
25  75.333333333333329  583.87328282474516
30  86.0  372.34538853985407
35  85.333333333333329  419.72548327541654
40  91.0  330.18512000263655
45  92.666666666666671  345.99500948427664
50  90.333333333333329  430.9371107045481
10  79.333333333333329  346.32386860917677
15  81.333333333333329  304.2991304084959
20  82.0  396.11139357638763
25  85.0  368.55278695045109
30  85.666666666666671  463.36498925345859
35  86.333333333333329  392.37107080734404
40  89.666666666666671  298.98825874709308
45  91.333333333333329  278.93017828658117
50  89.0  478.58514842673998
10  41.666666666666664  511.32191479489325
15  60.666666666666664  283.3682520625967
20  74.666666666666671  593.05233481763184
25  80.333333333333329  424.30034338121425
30  85.666666666666671  385.18493642467757
35  88.666666666666671  444.65172121687891
40  88.0  404.18561114017058
45  90.0  423.62103671372915
50  86.333333333333329  553.50879616868554
10  58.0  451.46438748614639
15  71.0  505.86805751934889
20  84.0  346.02848686079778
25  86.333333333333329  362.45232921610784
30  89.666666666666671  297.13216160970239
35  87.333333333333329  458.35655109320089
40  85.0  483.93521863722822
45  84.666666666666671  507.06058611290132
50  91.0  260.70361223360533
10  56.333333333333336  432.44723752034974
15  73.333333333333329  332.81654885300532
20  80.666666666666671  365.79081785083628
25  74.0  558.41223105979896
30  79.666666666666671  545.30379507920497
35  82.333333333333329  471.93967411423267
40  85.333333333333329  471.1121136598544
45  90.0  439.25465477948654
50  84.0  575.46737873347922
10  43.333333333333336  464.35108976652248
15  75.0  461.93561303171685
20  84.666666666666671  387.66587836320014
25  84.0  395.3840313106146
30  82.0  363.79429450561969
35  88.333333333333329  407.8828716434902
40  88.0  380.83878428008768
45  91.333333333333329  335.42033708990812
50  85.0  603.64918666295227
10  72.666666666666671  365.56146326723348
15  78.0  415.41162225634821
20  71.0  453.31897510334699
25  75.666666666666671  520.48835765623051
30  81.0  539.75312173734437
35  83.666666666666671  485.6702518012533
40  85.333333333333329  471.12977132774643
45  83.0  533.6883028434745
50  85.333333333333329  435.1748100876373
10  80.666666666666671  244.4296879252378
15  65.0  350.20791177550507
20  82.666666666666671  429.2587749960195
25  84.0  485.63822406408224
30  81.333333333333329  499.82418118573139
35  84.666666666666671  376.76749961543732
40  84.0  504.71931396730855
45  86.333333333333329  391.99048636307555
50  90.333333333333329  269.34649522680371
10  70.0  420.77073529657463
15  51.666666666666664  482.76585638613852
20  82.666666666666671  445.77056908452209
25  79.666666666666671  500.16110413508613
30  87.666666666666671  359.51077775819772
35  84.666666666666671  434.87242745842917
40  86.333333333333329  379.01097998146111
45  86.666666666666671  444.15604185300322
50  94.333333333333329  215.97835801005851
10  56.0  374.92892821109547
15  81.0  298.20698217275714
20  68.333333333333329  675.39274637331368
25  82.0  500.81494641139142
30  86.666666666666671  402.47201675336947
35  86.0  504.61437632465817
40  89.0  372.09226488880768
45  85.666666666666671  536.14570916928119
50  83.666666666666671  327.00351061283277
10  75.666666666666671  347.00797980656625
15  62.333333333333336  418.43590049662077
20  79.333333333333329  486.33612032347457
25  67.666666666666671  894.99796938978557
30  85.666666666666671  385.95277518875446
35  86.666666666666671  287.4703675025134
40  92.0  334.51409250349684
45  92.0  299.86915978339084
50  93.0  278.2602128577152
10  70.666666666666671  415.93221873211201
15  65.333333333333329  311.54779612102618
20  71.666666666666671  613.42133358732804
25  74.333333333333329  560.06688544955387
30  76.333333333333329  464.10504218694945
35  85.0  464.14917468393253
40  89.0  404.46006733046073
45  88.333333333333329  370.61874284118215
50  90.666666666666671  360.1923172941739
10  61.0  422.62131075243195
15  67.666666666666671  423.69778310401364
20  72.666666666666671  641.96232096144308
25  83.333333333333329  468.71513671653776
30  74.333333333333329  572.48042159499869
35  89.0  325.05783738893444
40  89.333333333333329  399.11995534971351
45  91.0  277.73090193765825
50  90.333333333333329  333.07131948417344
10  71.0  402.95773505657559
15  53.666666666666664  529.38820864828074
20  69.0  569.85092838651417
25  78.333333333333329  500.78581952556226
30  85.666666666666671  357.38002048602885
35  85.666666666666671  410.32711586466127
40  89.333333333333329  372.46546130051684
45  87.0  384.84442957349637
50  87.666666666666671  473.07711831943737
10  58.333333333333336  465.38473251595099
15  72.0  464.30557394651572
20  76.666666666666671  573.28685371684412
25  78.333333333333329  508.67805402722001
30  83.333333333333329  501.35189038735876
35  84.666666666666671  342.39113939104203
40  82.0  540.56154296619673
45  85.666666666666671  471.68702825405353
50  89.0  341.77745661846137
10  63.0  390.08896936197215
15  71.333333333333329  513.58783549837824
20  87.0  370.93558083944555
25  82.666666666666671  444.41373783675851
30  84.666666666666671  459.64382136762708
35  84.0  516.35213472781436
40  85.666666666666671  477.47336222618861
45  85.0  650.97428050205588
50  90.333333333333329  367.57560396076656
10  70.666666666666671  372.58379385355749
15  60.0  681.04404806914749
20  75.333333333333329  411.54421760089593
25  68.666666666666671  845.42279524902995
30  84.333333333333329  343.55964556167334
35  91.0  339.2130594766486
40  79.666666666666671  640.77838258853319
45  93.0  261.31477064850782
50  90.0  355.89298855907867
10  69.666666666666671  334.00511997676614
15  78.0  383.5394418367207
20  84.0  401.27390826647741
25  81.0  456.35577545606202
30  69.0  621.35916164172875
35  87.333333333333329  417.85159482678597
40  86.333333333333329  564.48557088537825
45  90.666666666666671  387.0173755164401
50  88.666666666666671  390.9135221280942
10  70.333333333333329  326.84868329647304
15  61.333333333333336  554.75926724851558
20  74.333333333333329  389.96190801948291
25  83.333333333333329  375.44599214425847
30  83.0  471.0122806740747
35  87.333333333333329  429.45702729587487
40  85.0  556.64408631845788
45  88.666666666666671  339.41368778528107
50  88.0  546.7931990469574
10  43.666666666666664  336.10419143640581
15  71.666666666666671  486.14420935733585
20  67.333333333333329  353.20677284733159
25  84.666666666666671  457.98026560480452
30  83.0  410.32692856229926
35  90.333333333333329  440.22120669029948
40  79.333333333333329  467.99381629880673
45  87.666666666666671  457.79476388510722
50  93.333333333333329  272.39690644020345
10  61.333333333333336  438.67011016367343
15  74.0  376.52047060627569
20  73.666666666666671  562.96379337650603
25  84.0  516.57328091687407
30  85.0  409.81889953095305
35  88.333333333333329  431.29239242593763
40  89.666666666666671  270.90329400102473
45  89.666666666666671  425.59236526517947
50  84.333333333333329  466.83815464050696
10  56.666666666666664  496.35236845483968
15  65.0  471.39076645110339
20  76.666666666666671  489.89146184836545
25  68.666666666666671  528.54821278680208
30  76.333333333333329  712.35883796348162
35  79.666666666666671  533.66232362813344
40  89.0  319.14187628892915
45  88.666666666666671  449.86309490729968
50  89.333333333333329  385.21333730456837
10  78.333333333333329  336.57101467442016
15  74.0  422.03330375967829
20  77.666666666666671  441.78424944093115
25  76.666666666666671  576.2640500699689
30  82.666666666666671  386.277353418541
35  87.0  395.16717258876656
40  88.333333333333329  393.52716572214769
45  90.0  328.03955530965032
50  87.333333333333329  495.23742768645849
10  58.333333333333336  393.10426564667983
15  68.666666666666671  396.11323553967753
20  78.666666666666671  506.35098386673934
25  80.666666666666671  549.77233813367548
30  75.0  482.19728131409704
35  81.666666666666671  544.51782374403638
40  85.666666666666671  445.38428991309911
45  86.666666666666671  410.34193349480501
50  87.666666666666671  456.31958825359635
10  63.333333333333336  523.27326432979135
15  69.0  378.86782683669867
20  77.666666666666671  441.6790418088969
25  72.333333333333329  452.14401605749777
30  82.666666666666671  525.80723856145198
35  80.0  701.48900757408251
40  82.666666666666671  708.24422303913286
45  84.666666666666671  427.05702958122379
50  91.666666666666671  323.06828802864806
10  59.0  404.12587135928237
15  41.333333333333336  606.21077608673056
20  72.666666666666671  443.34811968768838
25  78.666666666666671  578.34481018436884
30  86.0  386.01792680211844
35  78.666666666666671  494.2378509703741
40  90.0  305.17512182865755
45  87.333333333333329  448.3259315798918
50  91.333333333333329  296.67250936072423
10  79.0  343.44411904340427
15  74.666666666666671  416.19396009536018
20  81.333333333333329  423.52963279376837
25  80.333333333333329  374.82131866768378
30  86.333333333333329  442.63547658519093
35  90.0  397.56819154023543
40  83.0  584.73267651605465
45  86.666666666666671  548.69106323972051
50  90.666666666666671  355.22374991081881
10  65.666666666666671  324.82082295807572
15  70.0  346.87205450410369
20  74.666666666666671  717.0893622917423
25  69.333333333333329  722.7281009884266
30  88.0  308.34876625613663
35  86.666666666666671  434.67754937908103
40  89.333333333333329  388.36850498029264
45  88.666666666666671  430.32441932570543
50  89.0  327.62243958736155
10  58.666666666666664  430.74501394246522
15  67.666666666666671  356.20194298198595
20  83.0  334.88683564531061
25  80.666666666666671  487.63503254004337
30  79.666666666666671  526.68669411465623
35  87.666666666666671  378.41594758829513
40  88.666666666666671  440.70820316690555
45  92.666666666666671  276.55975423324531
50  89.333333333333329  377.8015400357171
10  67.0  424.15200504316039
15  68.0  562.25837665494805
20  77.666666666666671  473.069693434741
25  78.666666666666671  452.11999829813396
30  80.666666666666671  491.80592279643639
35  80.666666666666671  463.20203866040777
40  89.666666666666671  376.68243078604365
45  88.666666666666671  402.45137030739033
50  90.0  345.40774360961262
10  61.0  506.8542736668802
15  79.666666666666671  429.52985893983481
20  72.0  527.09164716666726
25  79.0  532.05859164555136
30  77.333333333333329  628.01921909993428
35  80.666666666666671  456.89764733182471
40  87.333333333333329  406.53919016025731
45  92.0  306.59789393346318
50  86.666666666666671  467.19910788825962
10  64.0  398.64015685284977
15  73.666666666666671  402.27612110689182
20  71.333333333333329  536.56271462723009
25  85.666666666666671  382.55929135983854
30  80.0  534.17457398493195
35  82.333333333333329  512.57640534019322
40  86.0  523.34098497835237
45  89.333333333333329  435.59113478962217
50  87.333333333333329  377.79917483090304
10  58.666666666666664  361.78089448856309
15  75.666666666666671  454.2873808758111
20  84.333333333333329  384.9130556254562
25  83.666666666666671  345.98993590951312
30  80.666666666666671  471.22787179724133
35  77.666666666666671  697.47082089584092
40  86.333333333333329  335.19824923510117
45  88.0  409.52487930789943
50  91.666666666666671  336.66418875345846
10  70.666666666666671  400.44856693754463
15  77.333333333333329  388.09747716449783
20  81.333333333333329  436.69137846317318
25  80.0  473.66500656928292
30  83.666666666666671  460.81287874929046
35  90.666666666666671  334.78002826336615
40  89.0  411.52473107683386
45  87.0  458.92515376234877
50  90.666666666666671  332.86841752790275
10  50.333333333333336  373.02063379505626
15  72.0  362.06264825166767
20  73.333333333333329  405.52722227205987
25  73.333333333333329  574.44429730035472
30  84.666666666666671  488.67561962922787
35  81.666666666666671  560.86166803919184
40  79.333333333333329  514.07616538999685
45  81.0  611.78892145568125
50  92.0  253.59955518585329
10  47.0  458.78654084322278
15  69.333333333333329  387.93909890166918
20  81.666666666666671  351.74479969166771
25  85.333333333333329  345.90410667401437
30  81.666666666666671  448.92546457702309
35  88.0  398.16289547559421
40  81.666666666666671  677.57097189400235
45  81.333333333333329  592.54223873634749
50  89.0  361.48881583520381
10  60.333333333333336  428.92795242905578
15  72.333333333333329  546.8082124323563
20  77.333333333333329  497.24220712187321
25  81.0  423.60106597117283
30  86.0  388.05546410621298
35  90.0  296.29119972461501
40  84.666666666666671  476.77656582273949
45  86.666666666666671  371.73670146535801
50  93.666666666666671  233.19599598626729
10  50.666666666666664  636.44540701444134
15  66.666666666666671  496.36648345002538
20  82.0  412.59464802226313
25  78.333333333333329  528.32233673151143
30  85.333333333333329  488.81547574184202
35  81.0  524.27609556437142
40  83.333333333333329  483.72532298347261
45  86.333333333333329  426.99984751886331
50  92.0  282.44049175523503
10  53.333333333333336  474.54456654062727
15  57.666666666666664  538.57501979174185
20  73.666666666666671  393.69707131390828
25  82.0  450.00116318810808
30  78.333333333333329  639.90392991343992
35  87.666666666666671  282.34340056140104
40  87.0  480.0482015195974
45  83.333333333333329  592.25145713794495
50  89.0  422.80944737409538
10  75.666666666666671  309.54979507698499
15  76.0  419.85903189804566
20  74.333333333333329  471.61956176677802
25  75.666666666666671  625.37014875502337
30  81.666666666666671  471.95310888503508
35  83.0  502.38727682057959
40  89.0  337.63686804302756
45  85.666666666666671  464.25318891852834
50  92.666666666666671  264.65712453601998
10  53.666666666666664  406.56837659144139
15  61.666666666666664  648.91516298101953
20  82.0  354.81334124396415
25  72.0  518.57204201125569
30  85.666666666666671  427.71494468249688
35  84.666666666666671  560.58466965386708
40  90.333333333333329  327.30482649610491
45  86.666666666666671  423.47511551771225
50  91.666666666666671  293.08249635329389
10  68.333333333333329  330.91012497567237
15  78.666666666666671  363.81390335699376
20  77.333333333333329  446.34515715982292
25  86.0  403.8783404503057
30  84.333333333333329  410.0546926834545
35  88.333333333333329  378.19527016087858
40  84.333333333333329  603.84353101024624
45  86.0  572.09031646127141
50  89.0  367.05654878536967
10  68.333333333333329  399.102331381608
15  67.0  538.06865950038923
20  77.666666666666671  531.46809293519379
25  82.333333333333329  425.87860080198556
30  83.666666666666671  525.06692143418877
35  89.333333333333329  362.32889017778371
40  92.666666666666671  298.81525412051252
45  91.0  322.87708227446922
50  90.333333333333329  326.64122074106035
10  55.333333333333336  439.14093481608347
15  66.666666666666671  507.43265006110028
20  59.666666666666664  611.37586341103383
25  85.0  348.36785476356073
30  84.333333333333329  497.855124693189
35  80.333333333333329  376.76968422810643
40  87.333333333333329  381.73133429196025
45  89.333333333333329  337.35159624251003
50  86.666666666666671  484.94414910078547
10  62.333333333333336  291.29077036229324
15  74.333333333333329  424.92269602836291
20  71.0  467.58405252907096
25  77.0  661.62160626893512
30  83.0  454.31962102499142
35  85.333333333333329  504.28128028301649
40  79.666666666666671  464.87207329717779
45  88.333333333333329  407.96114330048999
50  87.666666666666671  461.35783481022958
10  63.666666666666664  207.76280918194141
15  60.666666666666664  638.5134498665542
20  79.333333333333329  461.53264903421137
25  87.0  351.98367809088006
30  84.666666666666671  447.05759450503098
35  86.0  404.12566805600505
40  92.333333333333329  254.31629976127121
45  89.0  471.05936615970273
50  93.333333333333329  276.95535699961403
10  63.0  459.46954687212423
15  79.0  360.07038492783994
20  73.666666666666671  615.84063754439626
25  80.666666666666671  422.80488310596394
30  78.0  536.35188419296173
35  81.0  578.45538723441587
40  86.666666666666671  458.42219490382666
45  80.666666666666671  500.18980576420279
50  91.666666666666671  304.5489808092666
10  69.333333333333329  348.85493622605355
15  70.333333333333329  525.50193664849303
20  69.333333333333329  407.69650178415333
25  83.0  456.413302792548
30  86.333333333333329  437.55259391813081
35  89.666666666666671  343.10967914914886
40  85.0  349.34030742968309
45  92.333333333333329  267.49169216459319
50  87.666666666666671  452.39335996499261
10  68.666666666666671  300.11781173851813
15  72.0  371.21511638757897
20  77.666666666666671  485.27065531627983
25  88.0  257.43504233518019
30  82.666666666666671  453.67443171750733
35  86.0  389.15363558307212
40  91.333333333333329  309.52852420706216
45  91.333333333333329  297.74075133320395
50  86.333333333333329  389.24414395220845
10  65.333333333333329  413.00571257458523
15  77.666666666666671  299.55350026181685
20  76.0  558.19051059009132
25  86.666666666666671  382.45734389110424
30  81.0  408.64183937675921
35  84.0  487.18067922158838
40  87.333333333333329  450.63383846953764
45  89.333333333333329  387.28540419324759
50  89.333333333333329  417.67392962605368
10  56.0  504.69838632083048
15  63.333333333333336  453.12844307216244
20  73.333333333333329  538.64174971175146
25  82.666666666666671  279.69493883816176
30  78.333333333333329  470.79435410616588
35  74.0  797.68816812380885
40  90.333333333333329  333.6999202842004
45  88.333333333333329  465.23067393881689
50  85.666666666666671  610.17641157474259
10  70.0  333.11766619951004
15  75.0  456.24017158483593
20  73.333333333333329  548.43264975257443
25  75.333333333333329  516.45813541600148
30  80.0  625.79893636833594
35  85.666666666666671  456.45035280102837
40  88.666666666666671  420.82555467363233
45  92.0  231.50920355923154
50  91.333333333333329  313.64440878247513
10  69.0  390.38840617885762
15  79.666666666666671  349.38259922726041
20  82.0  398.18307735250232
25  75.0  390.53038820036494
30  89.0  312.68753302333869
35  82.666666666666671  489.36417909757887
40  87.666666666666671  420.65935316067618
45  85.666666666666671  553.67176280481181
50  88.0  427.56410380738436
10  46.666666666666664  349.98733613371093
15  71.666666666666671  441.84560142235591
20  85.333333333333329  345.03843676815916
25  86.333333333333329  355.29259476348301
30  79.333333333333329  571.12217357304371
35  86.333333333333329  450.06397646521981
40  83.0  444.63685222260676
45  86.666666666666671  466.98424744248007
50  94.0  205.81967784733868
10  64.666666666666671  355.44319227079541
15  72.0  550.99461284511472
20  78.333333333333329  439.36955367505465
25  83.0  515.92117206918545
30  85.333333333333329  457.58317496650653
35  85.0  523.37032810098515
40  89.0  421.40765592034705
45  82.666666666666671  389.57282514507955
50  90.666666666666671  375.63724284847711
10  47.333333333333336  398.69568844861612
15  75.333333333333329  455.13315010697914
20  73.666666666666671  633.83872124655227
25  69.333333333333329  573.54648168231313
30  85.333333333333329  303.92562945144027
35  92.0  294.23245509493034
40  88.666666666666671  439.94357853784965
45  89.666666666666671  375.93850628204831
50  86.333333333333329  440.19325915482824
10  59.0  363.32078107059203
15  68.0  493.70898521155465
20  82.333333333333329  373.0603325372943
25  82.666666666666671  395.13819511227882
30  84.666666666666671  471.12174476203614
35  84.0  428.28391974192573
40  87.0  542.01505058827547
45  89.666666666666671  273.50097694560577
50  84.666666666666671  612.20886448406759
10  63.333333333333336  382.78878657370575
15  75.666666666666671  481.44730510934647
20  70.666666666666671  494.62530873224773
25  79.333333333333329  514.47290826093763
30  86.0  465.6160709771558
35  82.666666666666671  539.18080230209
40  82.666666666666671  559.20299273713397
45  88.0  460.60144095347346
50  92.333333333333329  223.42930373447911
10  45.333333333333336  471.61676665872437
15  72.0  471.51470532567612
20  65.0  627.91068502286953
25  79.0  542.02238842577094
30  87.666666666666671  352.35685011593949
35  80.0  656.17410082912659
40  90.0  351.99809813293814
45  88.333333333333329  440.33889004266155
50  91.0  349.85547118964058
10  65.0  494.91612104138909
15  81.666666666666671  359.5864704168809
20  77.666666666666671  561.81462214751832
25  84.333333333333329  394.44204434085202
30  80.0  526.98407489979047
35  87.666666666666671  343.70697795340078
40  89.333333333333329  389.15145769124939
45  91.666666666666671  316.83150962197641
50  85.0  549.92026753237064
10  57.666666666666664  360.30673953345087
15  70.666666666666671  558.83007702670659
20  83.0  308.12541806324055
25  82.333333333333329  453.16383656959653
30  78.666666666666671  536.4665603245495
35  84.666666666666671  503.9277968707998
40  85.0  409.23819811961732
45  89.333333333333329  383.70410265005415
50  87.333333333333329  527.55008250172932
10  64.0  405.80854439843131
15  65.666666666666671  460.17198799350126
20  72.666666666666671  524.46944573141343
25  81.0  522.06812147008213
30  77.666666666666671  541.36153512149872
35  83.333333333333329  475.6082690509345
40  85.666666666666671  485.43716750501989
45  80.0  564.76198778324147
50  91.0  362.03558035597723
10  67.333333333333329  431.80847002368995
15  65.333333333333329  450.84873498883246
20  73.666666666666671  511.80613400824143
25  65.333333333333329  799.35019682442942
30  86.666666666666671  379.66861688297382
35  81.666666666666671  541.05519462172629
40  89.333333333333329  384.98186036838604
45  90.333333333333329  325.25795485713468
50  93.666666666666671  283.5956021786352
10  68.666666666666671  331.72778061317615
15  69.666666666666671  368.22873772667981
20  78.666666666666671  486.76423233646062
25  86.666666666666671  434.55006821483363
30  83.333333333333329  403.95280464524541
35  82.0  544.34002444504665
40  84.666666666666671  499.30533146360506
45  86.333333333333329  423.46386025978126
50  90.0  351.52920298463675
10  53.333333333333336  449.91660127284001
15  68.333333333333329  438.78824028065418
20  79.666666666666671  471.30254212913673
25  78.333333333333329  529.40420141126049
30  78.333333333333329  649.18479642534646
35  83.333333333333329  573.27435631764877
40  83.0  532.42115075359914
45  86.666666666666671  421.64129683055648
50  90.333333333333329  395.5279788010356
10  67.0  293.69079326571364
15  78.0  341.71712355437518
20  76.0  385.89113242507636
25  74.666666666666671  621.35031911344367
30  91.333333333333329  295.24664195889466
35  81.333333333333329  619.93459026220887
40  89.333333333333329  411.15492687964633
45  76.0  782.68738912643164
50  86.666666666666671  367.48511803948099
10  74.333333333333329  350.94509111682726
15  62.0  579.3565947695563
20  71.666666666666671  415.16306538754128
25  73.333333333333329  541.60796410078592
30  82.0  493.60217380403429
35  82.0  401.16834440317535
40  91.333333333333329  234.63790040106451
45  84.0  562.01702769561712
50  95.333333333333329  195.16806109158114
10  65.666666666666671  387.32630643782966
15  64.333333333333329  559.15963161059528
20  78.666666666666671  446.0916509297279
25  83.0  359.59587275076217
30  84.0  401.72735236988746
35  81.333333333333329  566.14506091521628
40  81.666666666666671  555.91918982945674
45  83.333333333333329  633.73579471009623
50  93.666666666666671  244.16753355616967
10  74.333333333333329  344.96367409578943
15  77.333333333333329  402.96873179310899
20  81.333333333333329  447.00773788834073
25  73.333333333333329  518.2037169527091
30  83.333333333333329  514.37544002206221
35  85.666666666666671  474.34068620340332
40  91.666666666666671  264.01607857605001
45  82.333333333333329  671.22513908297924
50  90.0  395.29150123465064
10  71.333333333333329  274.7839036525769
15  71.666666666666671  469.41740079782102
20  69.333333333333329  557.17512273667899
25  83.0  448.46595286657413
30  77.333333333333329  647.60555848606361
35  85.666666666666671  357.42638670067993
40  83.0  544.66466987918125
45  90.0  379.03762950113605
50  91.333333333333329  364.60627385373033
10  62.333333333333336  369.48675867230338
15  75.666666666666671  413.35313937981942
20  83.333333333333329  342.85581069173287
25  77.0  459.61675910328222
30  84.0  465.33510117944422
35  86.666666666666671  482.81979324720601
40  86.666666666666671  431.69937883230415
45  92.0  254.33088127348418
50  87.333333333333329  506.23951928597654
10  55.333333333333336  428.83073234768392
15  72.333333333333329  482.72834066780729
20  57.333333333333336  704.26874862315469
25  84.0  471.84905377331859
30  70.666666666666671  557.36518305385789
35  83.0  540.79589826368317
40  82.333333333333329  557.24408218649614
45  89.666666666666671  379.64214245510453
50  94.0  252.0596071850656
10  57.0  473.3686770730626
15  79.0  370.63935276384808
20  81.0  473.20048995030572
25  83.0  465.09600184713952
30  90.666666666666671  318.80860633769674
35  91.0  330.59725055401367
40  90.0  326.50312103923233
45  85.333333333333329  478.79926454651184
50  88.0  626.6232828372863
10  60.333333333333336  414.19571484383016
15  69.333333333333329  444.41215369210016
20  73.333333333333329  429.95764855636446
25  82.0  450.14569104891848
30  83.333333333333329  528.13475275950361
35  90.0  338.51801026763837
40  91.333333333333329  291.87189969195185
45  82.666666666666671  531.70309057931752
50  89.666666666666671  340.6384303802111
10  49.666666666666664  570.87036115492492
15  74.333333333333329  340.91153424877274
20  77.0  427.68808443559959
25  72.666666666666671  518.83536945935157
30  86.666666666666671  376.05798771667713
35  87.333333333333329  400.69351840842035
40  87.0  446.44662415848825
45  90.0  337.80302616456629
50  90.0  352.7814385886287
10  54.0  297.70297614955302
15  74.666666666666671  410.82136594414487
20  81.666666666666671  370.324629074217
25  77.666666666666671  478.5689153190238
30  81.666666666666671  418.19142300624981
35  80.333333333333329  575.51486331965168
40  79.333333333333329  836.31382489969462
45  88.666666666666671  451.79623096505941
50  88.666666666666671  363.1306721977399
10  59.333333333333336  395.3788087143086
15  64.666666666666671  441.07482136517115
20  79.666666666666671  433.43353578989905
25  79.333333333333329  652.43020242300611
30  81.333333333333329  506.921556166789
35  84.666666666666671  471.05090775024559
40  87.0  386.94357311310432
45  85.0  359.30160899419195
50  85.666666666666671  460.2854302303943
10  63.333333333333336  381.35170283602469
15  74.0  363.75649675533293
20  67.333333333333329  545.61806518296521
25  82.0  440.53203458037319
30  81.666666666666671  481.59425347040701
35  84.666666666666671  483.76115653883505
40  86.0  417.03034100638502
45  96.333333333333329  226.16215701967477
50  87.666666666666671  376.47091458562915
10  56.0  606.95327252831601
15  81.0  353.38639449854321
20  80.333333333333329  425.42163855893756
25  82.0  391.50755432922011
30  79.666666666666671  429.7679833275995
35  73.666666666666671  587.57034917869839
40  86.333333333333329  450.73354214043718
45  82.0  499.36913496214891
50  83.666666666666671  446.36690905988985
10  64.333333333333329  383.69282421373737
15  66.0  440.36183003856701
20  80.333333333333329  487.00285912034315
25  86.666666666666671  345.10834533540628
30  81.0  637.74604918151033
35  87.333333333333329  375.88737786298799
40  87.666666666666671  399.98286382146938
45  88.666666666666671  414.38560757881703
50  88.333333333333329  358.38808486431816
10  59.333333333333336  371.01310867888469
15  51.666666666666664  637.4835719781405
20  84.333333333333329  393.23875528002532
25  82.666666666666671  496.45509174705887
30  85.0  341.34216406071045
35  90.333333333333329  307.49916564867698
40  86.333333333333329  455.72366803666586
45  87.666666666666671  473.76912134315029
50  94.0  250.15620786341728
