2  63  78.919066124876977
4  27  203.99999999999994
6  66  204.07443331061853
8  47  220.16083064896091
10  65  189.97810869538455
12  65  236.46170646767777
14  91  92.148669183190762
16  68  223.88897131221501
18  74  251.78141390596397
20  75  260.8007951363154
2  40  118.97177763057734
4  61  156.12318313745342
6  76  121.76985839097995
8  51  228.14066990485117
10  58  235.95370169404598
12  46  221.09944128715964
14  67  271.28601195153732
16  68  303.90563184311532
18  70  244.79548248843793
20  74  216.24791508428896
2  61  89.019195894220857
4  29  168.16106370965727
6  56  245.5622387933013
8  76  137.7761258299553
10  70  160.98396764524335
12  88  68.71439414274019
14  75  220.14867717676466
16  76  197.19732267270052
18  66  295.64427866942248
20  81  216.00316467834475
2  42  79.693156156903243
4  57  152.39382162594063
6  28  225.1998351049991
8  75  124.01437080453118
10  56  253.97675032661763
12  84  108.28298114204262
14  86  168.14693688663547
16  68  233.00066922374995
18  89  128.93003767360517
20  83  155.93737573921305
2  36  154.09563861451329
4  54  111.09284526622764
6  87  116.8278760295705
8  66  156.83079837526481
10  51  234.04543830264606
12  79  188.4012755048312
14  84  158.71005669446421
16  74  207.00628830313596
18  80  168.41692656849986
20  83  178.65510214768381
2  35  111.03944759370954
4  28  144.47628363740753
6  55  224.09486734904502
8  51  219.02319289046764
10  62  214.76612987684791
12  83  173.61573035933753
14  82  90.839665375498626
16  68  250.91122569788487
18  49  424.67203354111655
20  81  204.26339041255798
2  48  96.387050897715525
4  21  117.93999309101429
6  41  236.79030420793671
8  51  118.12206937559509
10  50  278.21423561714369
12  42  483.29135423438021
14  77  146.71678306189332
16  70  228.929287121052
18  80  219.76997637569534
20  85  162.41269063192817
2  62  52.657042519615743
4  45  167.25080302189332
6  80  81.88883997475817
8  85  102.66975543004308
10  58  348.27933717460945
12  57  298.57463143005054
14  75  219.84479232076757
16  79  230.97445745952774
18  69  254.43408348227518
20  77  191.90495849811248
2  39  98.962866258550932
4  85  75.091491709031658
6  66  137.45615544550202
8  84  119.8208420494486
10  56  209.98755886530463
12  60  264.45369944519734
14  74  200.09481685900042
16  63  258.27037690164309
18  64  325.78461026519
20  95  118.88417990970747
2  0  9.0
4  36  147.44985015720218
6  88  87.570603438806586
8  81  103.01513116329147
10  66  155.50503028148563
12  96  97.94035850189222
14  94  107.17822054348088
16  48  326.94358312023161
18  87  159.53254462899261
20  67  251.76288614745124
2  64  84.787817450218427
4  44  107.33706715169006
6  32  209.94065967251703
8  64  149.71479961225222
10  63  269.14566765838845
12  84  139.43630880373729
14  79  167.43038295152104
16  83  190.28340539022454
18  79  176.55265538419121
20  79  166.63274303213819
2  27  131.71094842299976
4  51  157.78467054522574
6  74  113.74794858440848
8  96  82.317159470570317
10  81  181.86218017714435
12  85  88.312120887995732
14  84  157.84741475114441
16  92  120.04444768607142
18  68  288.9546445990631
20  65  200.14353208654123
2  10  95.000000000000128
4  98  95.320016507258813
6  66  128.38602195459617
8  57  193.9412636161158
10  73  185.95302035451883
12  66  203.74226847126511
14  90  95.176182706685537
16  85  96.753402707023099
18  81  192.40084645480232
20  71  269.19051657827242
2  43  119.38898367039876
4  39  112.49766510566084
6  24  91.667141530269248
8  82  117.64109654781102
10  81  166.57403236464816
12  61  277.24944906939697
14  69  256.9145369049142
16  86  163.54044393057339
18  65  271.33464650291938
20  75  220.84859031835009
2  21  138.26128277057583
4  43  136.04419638227682
6  62  170.81063687699879
8  61  191.52832612504611
10  95  86.195477101882872
12  69  179.33967161457585
14  88  109.21104661180784
16  71  255.89699486531086
18  93  101.66954611566771
20  85  159.73905030760804
2  10  148.00000000000009
4  52  136.47055406635184
6  54  151.48706210630112
8  51  207.9895960178068
10  78  135.35273481179479
12  59  255.22067462918321
14  61  282.91093409688921
16  62  309.30605575861784
18  80  231.16725064691519
20  69  267.55990642677131
2  88  72.063124897811377
4  64  157.18200018530294
6  48  217.12391320937735
8  92  87.035722529150661
10  75  190.38433065093571
12  95  82.482888828427619
14  48  221.50950936862273
16  73  266.45519726938602
18  73  188.620257447748
20  89  110.82713000390906
2  29  107.02630446664858
4  22  220.00000000000003
6  50  174.09774081416256
8  78  109.09756491281931
10  71  227.01604701673421
12  49  349.08423021241543
14  74  256.06311406676622
16  97  84.120324618728176
18  68  292.31813298095739
20  69  286.22960699577317
2  35  86.365791017126924
4  33  133.80851968825974
6  53  274.7722239382623
8  65  200.83782363974777
10  52  241.06456398535224
12  67  222.55840592213269
14  55  261.66207315562968
16  74  142.78731910154102
18  88  152.82398725433123
20  93  103.72733419534349
2  0  0.0
4  0  0.0
6  66  142.45051290616539
8  57  87.604209626819298
10  51  284.29818569789376
12  62  215.33774670840032
14  77  207.78345097968443
16  62  326.04330259686498
18  89  125.64072849905106
20  75  181.86767805675103
2  13  50.999999999999957
4  36  127.68243922976329
6  62  193.83690609371166
8  54  177.60819640961677
10  56  250.86979063134771
12  84  94.973299483218796
14  82  161.91306721209745
16  79  221.20400032310505
18  79  199.728029693792
20  84  124.04731888833732
2  29  91.428875833832024
4  47  161.9578328999977
6  66  169.36729493797989
8  91  93.263152509339491
10  75  147.58103098635934
12  92  135.87022768813586
14  62  254.52766437611041
16  100  59.018261610186656
18  91  117.55225908111244
20  80  214.42000223686637
2  11  185.99999999999997
4  42  194.00498547966521
6  36  110.49045323903164
8  44  217.00000000000006
10  74  185.1141618154156
12  78  180.24170182723788
14  60  276.60865425129305
16  61  296.9036664875112
18  96  67.416140497509275
20  64  293.31399987741094
2  41  130.19806216798253
4  70  182.6978327388737
6  87  86.174282739750183
8  77  93.757990949056733
10  73  216.64165268350857
12  73  211.66597374975493
14  79  120.97646619279575
16  79  168.53588574210289
18  88  159.43163770829406
20  73  263.50637741382053
2  0  34.999999999999993
4  68  121.25583862609275
6  79  140.42954572441403
8  89  107.78155806364595
10  66  263.58984580885834
12  67  200.49859556362662
14  66  212.5873473289723
16  80  185.27090410219259
18  100  51.023609361892149
20  99  60.250287726444057
2  19  125.0000000000001
4  36  95.178950312997927
6  34  231.91431889370588
8  42  244.97425274507842
10  66  212.33472191798
12  84  178.58242398980491
14  80  175.11356514076849
16  82  194.15127739819647
18  70  291.71826641406687
20  73  260.10200944610699
2  0  0.0
4  38  141.17745940155564
6  46  263.15594084903267
8  51  164.6419696675313
10  66  181.43332261898419
12  92  77.452876685041929
14  65  175.83963184568648
16  81  126.61143731061503
18  69  300.07541835343125
20  87  165.17804127956632
2  57  132.38975420128517
4  34  84.882023022748783
6  39  272.58354236694117
8  89  103.58547871317725
10  84  151.34067840029368
12  52  336.69083224388925
14  85  135.86223961847625
16  83  191.15318009425113
18  63  286.5362697258729
20  56  296.02219224719232
2  84  79.259825720809701
4  24  96.999999999999972
6  80  116.73473956016656
8  27  165.99999999999991
10  69  189.82567304800719
12  70  244.64405457361781
14  47  389.74091646812064
16  71  281.01031726900078
18  81  208.0361044733113
20  86  160.79005096330002
2  54  129.41925963450993
4  38  221.20512197704744
6  39  251.74973065920673
8  99  60.129252209991797
10  72  112.18117509821555
12  75  155.10734876736385
14  63  286.84429045203547
16  68  307.73492422521775
18  81  144.80323730676548
20  92  126.88402439672453
2  49  36.05901328233481
4  9  99.999999999999943
6  65  174.23191316309763
8  66  156.50445228543501
10  36  255.53100403612081
12  65  233.05148835328802
14  69  175.43858805982944
16  86  145.55765214319817
18  84  202.19986116170409
20  84  173.14898565876177
2  7  63.000000000000014
4  40  197.90290062567951
6  70  94.655921443100155
8  94  78.427032432125159
10  76  159.43684479931849
12  84  132.84140281452602
14  61  266.67688015616943
16  87  145.74824703393452
18  93  95.861075862696794
20  97  91.626540449515062
2  47  125.66003775281429
4  64  149.77036724958205
6  59  150.88638287566633
8  74  126.32087403746758
10  49  289.55893201463431
12  76  192.63541517248933
14  71  252.46903772369183
16  80  218.29480848464138
18  50  239.52583010474979
20  90  138.18918840309053
2  8  102.99999999999997
4  44  176.99999999999994
6  6  90.999999999999972
8  78  97.358380295870788
10  60  246.04252861356616
12  85  169.60848334276255
14  64  206.0769435369678
16  88  133.12195877932919
18  89  131.53918875265657
20  82  210.6933506301674
2  28  131.3298426676175
4  40  122.15387915075455
6  88  114.20060314598854
8  52  260.00402094995826
10  68  172.27282951380616
12  77  183.12181884130345
14  70  197.18073002089412
16  83  168.17643319971904
18  83  155.55424810581059
20  68  219.98270755082152
2  68  108.40807908715409
4  39  157.64843561031475
6  54  199.25738372795544
8  85  143.73159316455417
10  69  175.44458364357186
12  66  192.05562331058488
14  66  211.64182414739494
16  75  238.68352963955192
18  87  152.94378521276221
20  87  141.50146634307498
2  7  81.000000000000028
4  16  205.01748748648637
6  35  277.63100529659368
8  3  126.00000000000014
10  62  244.88017012022934
12  65  279.01659852716818
14  74  183.40611698656241
16  83  196.04478914893159
18  58  359.68627546365485
20  63  295.58020465612816
2  5  107.0
4  50  164.21157295192472
6  74  151.71220992874439
8  38  293.36862172801619
10  46  373.15879197102078
12  94  101.29731975029922
14  63  323.4825603772922
16  89  124.63562592760852
18  100  63.449560440884049
20  79  200.34460787819998
2  77  106.05249215907796
4  68  155.45457698201901
6  64  126.28109198437068
8  98  80.543448269758301
10  62  214.99999999999997
12  48  416.59579159726405
14  100  63.36618555879744
16  62  357.84284570615262
18  62  248.39055797806091
20  72  217.78154629768238
2  20  100.00000000000004
4  43  162.25665133660215
6  19  241.15605196946316
8  84  154.63332060577883
10  49  388.15957935492514
12  73  175.20544694319577
14  70  174.69033455036194
16  76  220.33820439534557
18  46  384.50686059838847
20  83  163.34348381850967
2  32  114.29813574710955
4  38  173.73849290715077
6  66  173.93245641931048
8  100  77.71928021479718
10  57  231.47323680392495
12  52  237.07531775826206
14  79  192.18887801201453
16  81  196.80434491506961
18  93  132.42387872240496
20  78  219.08356062529589
2  26  87.337314847003398
4  79  79.181878686290986
6  51  127.41615514776198
8  48  188.04388350124498
10  64  83.665325171253329
12  88  131.95761080691079
14  75  220.43326471705407
16  76  216.13512143200063
18  85  162.14489875794183
20  41  435.91615224346492
2  97  77.458234261349816
4  28  225.7648765086218
6  70  160.12102472743936
8  38  199.60665875971188
10  46  175.46734392057709
12  89  126.77097157790664
14  79  189.11327529131634
16  91  120.72629549298385
18  89  140.67406462348723
20  77  245.94839502488972
2  88  83.308079271507111
4  24  171.03472314583007
6  62  195.36071995075321
8  55  208.76189445702357
10  83  148.79593344472011
12  70  235.0773643737476
14  80  191.85320872513344
16  73  243.25467381204137
18  94  101.71819074041218
20  83  169.77815889095916
2  15  48.999999999999993
4  72  123.1946839756768
6  54  216.55024023515503
8  72  156.89004726661068
10  65  220.06841373210457
12  74  227.09157788482136
14  76  191.05275920343124
16  82  176.32892106969308
18  71  235.10152907085353
20  84  186.70124021272713
2  30  133.89185941924205
4  31  140.03055630421085
6  56  210.12670276116285
8  83  135.33065859761521
10  62  273.1557681512499
12  82  133.67969332725076
14  69  259.90959450493091
16  75  221.51521873609798
18  99  70.587289743071295
20  93  121.05105037830997
2  71  85.055224695583604
4  44  139.68161225219762
6  72  96.105708124538594
8  67  138.67290322204744
10  90  77.55568601344217
12  54  324.36559085124264
14  53  347.31136198564764
16  75  169.58993659331759
18  72  230.57420895443647
20  82  198.92234624287318
2  23  75.999999999999986
4  33  177.68554762789293
6  40  170.66452854596255
8  42  305.60570584905304
10  66  261.01969919341832
12  70  193.9720259517363
14  74  236.66243313324492
16  78  218.60698209921031
18  65  216.80149572475841
20  41  321.00000000000011
2  21  119.76616984905617
4  9  136.00000000000009
6  41  217.48781647164441
8  43  135.81036445438892
10  82  85.395830223646399
12  78  163.69026595376954
14  63  249.23684486092375
16  81  210.52592889494596
18  80  215.53843374692377
20  95  84.229349458581979
2  42  149.76717253433893
4  40  151.99004726873824
6  28  290.26130384664589
8  60  188.16196563872344
10  71  211.31991301746893
12  62  267.59983796344551
14  84  166.28448035757333
16  97  86.006663531229279
18  83  190.91370605328453
20  79  171.02838275743866
2  19  174.99999999999997
4  38  163.60380766267537
6  81  77.081062314054734
8  77  114.23662798062453
10  77  158.32471185787304
12  53  288.3953529065999
14  83  159.82444534366726
16  68  243.98824161132779
18  73  200.51286779735065
20  85  156.09311475685476
2  28  116.0
4  27  150.85384173122418
6  36  224.18296982471441
8  56  210.21113405493685
10  59  308.63251205304636
12  59  205.88071799013025
14  39  491.38885406667276
16  62  296.16506814350953
18  89  143.856012121823
20  76  243.30703966776221
2  28  123.7750942577341
4  8  224.99999999999997
6  65  140.86325839888443
8  55  185.00953968702868
10  82  162.62087737530197
12  72  255.18529877139275
14  68  215.20714711472601
16  86  152.31459733182822
18  83  197.08777411930103
20  72  249.58639940813219
2  10  88.000000000000014
4  53  150.87153025120321
6  97  56.226252791026248
8  54  202.89870694967433
10  73  167.32319208951986
12  69  218.96024245605025
14  83  142.73220192368348
16  100  80.379831336391661
18  74  194.11193628970398
20  100  56.714097742836771
2  38  140.223511572798
4  39  99.944441667480632
6  47  99.152193800833118
8  39  225.5873452221054
10  92  97.852952782245026
12  60  281.82322019792491
14  61  343.15406434395265
16  88  141.80497493025612
18  70  241.89382710690552
20  72  216.52145408202134
2  14  97.0
4  54  153.25167518069784
6  34  188.46270523912006
8  54  181.16892734506376
10  85  116.38758671644082
12  76  236.78371596042268
14  100  55.700019108930469
16  82  172.89354072541664
18  89  101.81958574716745
20  78  222.93784869482852
2  60  100.19907066281392
4  72  99.18091853674396
6  43  181.18172031807282
8  82  157.50151574860047
10  83  102.0213337226804
12  74  160.2811915728671
14  68  280.23856845995641
16  55  220.80767691513964
18  96  90.031854879854095
20  59  367.67510404582782
2  80  61.04803100209498
4  55  169.1860680009396
6  85  81.47675454651241
8  26  274.56976742175317
10  87  116.00256243594463
12  80  131.31723790993956
14  98  62.843515620190594
16  95  103.27992883738058
18  90  141.57611194750626
20  89  138.39610728370209
2  0  0.0
4  28  202.99616542807158
6  72  116.32613928580906
8  77  181.88296962553113
10  77  170.95353544362993
12  83  186.35016167528622
14  79  170.68902713021293
16  84  179.52109436774208
18  66  274.52814564934744
20  78  200.10422508974764
2  100  61.03240654016448
4  54  139.01101445520112
6  65  196.09962513982674
8  85  145.88428435324772
10  79  167.40750386295224
12  81  149.03546566162578
14  76  185.81235526667282
16  78  235.77654156960662
18  61  268.58705178761346
20  81  212.62857376228854
2  0  0.0
4  35  174.00000000000009
6  42  204.20524677221616
8  55  222.41129176032598
10  69  185.36403104815412
12  89  101.27871255809271
14  74  246.30044007735108
16  96  104.18612662798425
18  90  127.25841310284794
20  88  148.81338193390431
2  0  16.999999999999975
4  78  107.11287139750199
6  60  198.54622138847535
8  54  265.52966760948129
10  67  228.62274356674658
12  48  416.21223263740279
14  87  102.13915011858168
16  42  456.15311461102425
18  76  190.656189580741
20  84  157.29264771741197
2  15  111.00000000000018
4  41  167.65607156198922
6  51  199.76597397985017
8  54  206.9085202661459
10  82  129.38064694325786
12  60  258.69381102233103
14  81  140.0651466149049
16  65  283.81134918261176
18  82  208.13303647568992
20  88  151.63097208037766
2  28  75.367379205461887
4  51  190.05216114432002
6  100  68.227023685493521
8  90  114.99129321141093
10  48  214.16503965278972
12  65  242.75360785034081
14  70  267.69144335745216
16  94  108.19914210225819
18  86  163.52723810332404
20  96  87.38110438321003
2  65  95.182484960042203
4  33  203.20602574796848
6  81  133.99999999999994
8  85  126.52541305322742
10  64  215.27982642945955
12  84  138.03783041690795
14  53  242.75974114693162
16  79  197.19572314193448
18  95  70.093675964470151
20  83  145.75229013655664
2  11  177.00000000000003
4  39  199.91478351440671
6  74  116.92104483360686
8  45  249.77515237028618
10  83  132.38502580211167
12  78  157.07443745782015
14  90  135.55730799166773
16  61  303.13009239631992
18  64  344.840335769462
20  83  190.38925546122471
2  10  85.000000000000057
4  92  71.39603117613531
6  49  148.47725185797606
8  71  169.87836290786089
10  85  111.51169282816247
12  50  299.25754040429376
14  88  152.26814088734471
16  56  296.07041013219884
18  62  329.67320992956746
20  89  146.94983327734718
2  61  106.89479442310642
4  85  113.91733113769934
6  35  247.74531695760575
8  91  91.928765855552385
10  30  425.20661524164183
12  49  301.69134666213603
14  87  139.64054186589138
16  90  121.44079506721421
18  77  202.8183592408331
20  63  304.0913839371409
2  30  88.049143902139761
4  31  115.70230065990067
6  48  170.90738413890531
8  76  160.57824343807633
10  73  183.8573925794926
12  61  303.17359761335535
14  78  157.03428882577884
16  62  338.84724592635342
18  99  59.305284683412651
20  67  317.37771874240582
2  66  106.19032749390539
4  58  129.31499434809595
6  50  157.35228351082071
8  71  125.99644666103516
10  58  214.86614118314236
12  85  171.6917142752402
14  91  121.95224813141678
16  87  105.47001029564586
18  54  359.48972356133254
20  89  152.1046938249155
2  34  142.15189542198934
4  43  166.98980143070509
6  76  116.25981608410355
8  53  124.78180703704541
10  79  185.57283071406093
12  64  287.06860652277874
14  54  284.72339064872347
16  60  331.72298101716478
18  75  242.58947780334771
20  62  282.42207567354859
2  20  48.968523164220741
4  45  177.8457007344372
6  75  167.51270699202195
8  40  205.55468321696301
10  52  299.61309574329829
12  85  142.45099080354763
14  75  246.93635615622901
16  77  188.8225455980801
18  78  194.95763012847303
20  78  210.33719978285794
2  40  93.717639958096655
4  22  207.4401375230336
6  66  167.80935317704859
8  73  94.912512285365906
10  68  199.95350599099714
12  88  143.88012895283515
14  72  216.32789297323242
16  100  50.875413230069164
18  78  211.97618544860231
20  62  358.95809204553325
2  43  131.35272625516262
4  52  98.26569321062469
6  94  95.497285219828484
8  44  289.53100067436611
10  63  222.04497231714453
12  63  190.99566414829334
14  89  127.67187364610895
16  87  124.96624524633374
18  73  153.94348594590204
20  84  175.90621315112264
2  11  77.999999999999972
4  63  138.83589611065969
6  51  68.359761966101374
8  70  211.57574208679895
10  91  90.808779381926342
12  90  112.44273517790626
14  81  133.95690051479343
16  81  186.79181743368858
18  71  213.46318095145205
20  92  106.93784533160382
2  76  73.561180248363428
4  70  133.61466774710519
6  46  157.0015031772956
8  90  95.476278450887364
10  60  250.24291019268682
12  84  141.14037859549089
14  69  207.95480235058298
16  86  116.14139319082989
18  82  214.97388615270961
20  94  87.346328591977525
2  0  0.0
4  78  84.033079813799361
6  77  170.76712309397303
8  63  218.96551281799015
10  91  100.09461889689747
12  44  372.63479706476318
14  66  240.3698742891352
16  76  211.31075345060808
18  81  200.04716957896582
20  77  231.96885819499965
2  62  83.008329082259252
4  43  169.87319069615498
6  35  169.91695369491615
8  71  159.0174232082897
10  54  213.96100160593986
12  47  323.5745978169403
14  78  198.3938619375692
16  69  266.71566621999648
18  96  89.162426640357737
20  72  271.14471243341706
2  19  112.0
4  40  199.4380767027389
6  16  228.99999999999991
8  52  290.82935917977397
10  58  198.39322709547713
12  51  245.18809082258849
14  84  145.63547690688969
16  61  379.60619102855668
18  76  213.78338658195207
20  86  172.20594604977947
2  0  32.000000000000007
4  40  200.37409226751021
6  65  194.74150295694582
8  89  107.07877388175021
10  96  79.469368873806545
12  74  162.57070651827055
14  63  213.74113312702025
16  60  308.7425806226085
18  61  285.82168843759479
20  79  161.03810097628579
2  28  158.49267018494072
4  70  107.73236729935891
6  59  169.42014230668755
8  62  150.5362466624357
10  64  227.04353598638082
12  73  158.46102466214182
14  55  274.75385363860272
16  65  236.63827271890327
18  82  158.05840686068922
20  83  182.82921290442755
2  17  147.0
4  21  245.32183695976764
6  58  236.25941944318382
8  44  233.49236537140695
10  55  189.79094179844768
12  59  270.13587360053572
14  76  204.90604201924003
16  64  291.99901651337348
18  98  60.624176110889898
20  73  238.16049139456197
2  94  69.08275016167434
4  21  220.52838749208968
6  86  85.271156754044085
8  74  137.30530143036248
10  58  259.72432554210519
12  80  163.1761785866257
14  85  161.55414307793308
16  67  302.45302252096951
18  63  181.37894289629676
20  84  178.81403759321915
2  0  88.000000000000043
4  26  176.99999999999997
6  94  78.300866977295684
8  53  299.1373744188549
10  63  153.01414920986494
12  56  322.77997886480182
14  67  225.32565573920709
16  89  115.3876103149572
18  72  242.47260585945992
20  88  133.57707183661759
2  84  65.623552986124139
4  71  106.54294547876937
6  36  177.4894781234359
8  69  172.32026711362897
10  56  251.70174250579325
12  83  149.74498246857695
14  89  109.12785745206907
16  91  113.63009847625696
18  100  58.955616586201003
20  89  151.08339504102224
2  18  153.58045047134158
4  22  175.71716126023225
6  82  111.00012767568603
8  37  216.89658370468749
10  64  173.41795135161288
12  58  273.01164378742743
14  61  261.23518954154952
16  51  373.12670377177994
18  79  216.27656421489118
20  46  414.03132663255059
2  3  182.99999999999997
4  55  160.94490722158591
6  47  217.8901843063139
8  67  155.92725034310428
10  49  248.21946702664991
12  59  219.78207106084855
14  51  396.99963808001172
16  44  412.06114801234497
18  72  225.31227561224057
20  73  245.86458052347294
2  5  46.999999999999964
4  51  145.33523033204838
6  62  100.10537098461251
8  72  158.83926465652732
10  59  284.06081476610308
12  77  110.32417345979006
14  48  330.05285356911082
16  75  248.52179587006827
18  84  141.8624851715692
20  71  184.19957204082257
2  62  73.529798562748582
4  35  86.084651427059413
6  51  225.37298139630022
8  59  190.33104527326731
10  47  311.35231971204428
12  84  143.86995175909121
14  69  238.20510162828677
16  60  252.45905217817648
18  80  214.90278254727141
20  90  135.63290861395367
2  52  93.153328356206686
4  44  65.399696434480148
6  46  188.12608522621608
8  53  245.30365668308107
10  38  357.50614739272316
12  99  71.039318173763462
14  72  259.05149814469428
16  83  153.85218294778437
18  82  194.12577048678889
20  93  114.59074629130517
2  52  140.1157177350953
4  18  161.38888741379961
6  50  222.56745804485834
8  21  218.00000000000009
10  89  109.0305796159292
12  80  163.9715742426024
14  97  81.825115357929917
16  81  165.58220525944375
18  61  263.64047722563703
20  80  209.60095635154414
2  21  134.69402208820756
4  36  51.527599672639568
6  47  206.43675459693659
8  60  203.05294024613954
10  87  115.3079618125663
12  62  214.52790364461072
14  75  231.27255195568958
16  81  198.00623543866868
18  74  222.27195442328261
20  85  150.76452197468629
2  16  163.99999999999991
4  40  208.54560387452696
6  80  143.48520135255256
8  81  138.89529264024873
10  41  118.79364267933542
12  67  245.90953936696096
14  56  210.3785281735199
16  61  270.22709174278316
18  95  95.670452721864237
20  73  264.67519049788433
2  50  133.35140553158271
4  24  94.831628486094019
6  56  231.49872662746921
8  64  196.54470620258081
10  71  188.05794330468922
12  45  189.00000000000003
14  66  288.50415295647531
16  81  161.5328028957548
18  73  254.62717152770023
20  85  182.5354170509834
2  78  79.867490633584438
4  80  82.859630419738735
6  37  249.84808752594279
8  60  224.03610258947475
10  72  122.50192241739521
12  95  93.199707715045733
14  62  173.29982695560244
16  79  182.28944816031284
18  73  198.03817006402758
20  87  163.15028927836136
2  92  71.960923838538932
4  25  191.60684198896925
6  94  90.989464442856445
8  81  167.60531477682778
10  70  214.09987185490772
12  69  220.40844347408418
14  72  269.84073645133731
16  57  357.53176741712355
18  89  155.39325414263936
20  95  113.88635333436292
2  90  73.485349499039316
4  19  141.99999999999994
6  38  159.01159644498421
8  70  160.6982171642945
10  48  312.44617767964343
12  62  211.72872548916226
14  81  186.13128181733725
16  91  124.34062175914175
18  81  165.56393009422877
20  48  421.34162168487006
2  18  154.36304435506673
4  34  142.96296271151755
6  58  189.73004244599611
8  98  77.419407865575295
10  100  57.725931820316532
12  75  225.75297637581912
14  90  133.45002974161099
16  90  115.55566960481869
18  56  423.55031403017034
20  80  233.03948683212647
2  25  145.17865915316963
4  56  77.175826908416198
6  46  211.29591852074202
8  53  299.57102966466238
10  66  208.9959685936081
12  57  290.85447339593458
14  90  115.86095197599425
16  62  260.94870877733081
18  88  151.30471193774338
20  65  341.1745630990535
2  26  104.28282502356295
4  1  26.000000000000004
6  63  129.15441387688381
8  49  284.47895119835096
10  54  203.4562825536018
12  54  224.78848753414724
14  86  131.54397774358364
16  45  476.18722435273014
18  83  136.19468079478921
20  99  86.225598526645172
