10  67.333333333333329  490.41309867817148
15  74.666666666666671  372.21045369622857
20  67.666666666666671  715.95191707474362
25  81.333333333333329  524.86782397056061
30  76.0  619.04730113961023
35  78.0  534.41891359838689
40  90.333333333333329  356.43388894220408
45  86.333333333333329  470.49793627839807
50  87.666666666666671  354.59823817540195
10  49.666666666666664  474.64566573820326
15  68.333333333333329  439.2725641514856
20  76.333333333333329  488.48297705316918
25  70.0  561.4590274704002
30  88.666666666666671  337.45567553586261
35  86.666666666666671  400.28184557958508
40  86.666666666666671  449.44148358506629
45  85.333333333333329  563.5356930287312
50  87.333333333333329  424.01505392377214
10  60.0  514.07582232032939
15  59.0  581.13333136518872
20  77.333333333333329  455.80940542611984
25  73.0  423.51417341714136
30  76.666666666666671  670.74240694473883
35  81.333333333333329  584.74870928865914
40  86.333333333333329  319.56439276547553
45  88.0  417.49304409361309
50  91.666666666666671  378.59323468151939
10  42.0  371.08464545369509
15  71.666666666666671  511.70968167194542
20  72.333333333333329  360.08435436123978
25  84.666666666666671  432.25258906366736
30  92.333333333333329  299.50794707579541
35  86.666666666666671  393.64746888969609
40  85.666666666666671  497.31049224759892
45  89.0  362.68657450941777
50  89.333333333333329  350.43725016855564
10  54.0  426.82567486231744
15  59.0  628.71369465624605
20  66.333333333333329  353.5880822232765
25  80.333333333333329  515.24028685866301
30  82.666666666666671  419.20050463261191
35  82.0  507.37430151749101
40  86.333333333333329  493.0961321789074
45  84.0  372.87433145087681
50  90.333333333333329  338.29402557840245
10  57.333333333333336  516.15351896085099
15  68.0  433.26956577901535
20  69.666666666666671  642.12780003273247
25  83.0  371.51736455691145
30  84.666666666666671  505.65029433230359
35  84.666666666666671  454.70354570499279
40  88.666666666666671  381.84858578745281
45  86.666666666666671  567.60225654952126
50  84.0  515.35213976396676
10  80.0  317.57369301801913
15  77.0  347.60885123870781
20  87.333333333333329  410.16393543193851
25  73.0  533.59408934067062
30  88.0  383.48723717514883
35  87.666666666666671  397.43216480369921
40  87.666666666666671  389.46857761973638
45  91.333333333333329  327.43808658094366
50  89.333333333333329  425.10158059065606
10  61.333333333333336  317.12216410338289
15  69.0  476.89900108835593
20  72.333333333333329  462.09194972053183
25  78.333333333333329  472.2971103668001
30  84.0  403.92457290029637
35  86.666666666666671  455.75537024068024
40  90.333333333333329  361.05924169923998
45  89.666666666666671  368.64524004644591
50  88.0  498.09730969242179
10  59.0  428.64685537810192
15  62.0  431.1614346282513
20  65.0  603.78080813855036
25  72.333333333333329  572.24867496455045
30  77.0  587.47554411726242
35  81.666666666666671  469.08722975574125
40  86.0  538.02462414603929
45  88.0  425.71434176012741
50  89.666666666666671  384.5553509440399
10  57.666666666666664  313.68984988646133
15  60.333333333333336  511.41570060268259
20  73.333333333333329  546.81833548122984
25  79.0  563.91400324058407
30  85.333333333333329  413.0121442300383
35  89.666666666666671  315.21754710422243
40  80.0  639.85509107394125
45  88.333333333333329  394.15823915690902
50  85.0  400.78164424174651
10  72.666666666666671  366.86632972465361
15  65.333333333333329  442.99016717337093
20  73.333333333333329  565.06060146595553
25  83.333333333333329  432.93066640949155
30  77.0  445.15709372229622
35  88.0  422.0414264039959
40  82.0  567.83563638085036
45  88.333333333333329  475.15749162131664
50  88.0  478.33568689428068
10  60.0  425.18289225347257
15  75.666666666666671  355.97266842478689
20  61.0  695.44003346282091
25  86.0  437.92983249912521
30  84.666666666666671  413.83101040653366
35  85.0  543.29675010758808
40  83.666666666666671  565.93550863829728
45  83.333333333333329  569.45528970745102
50  92.666666666666671  317.77280953077815
10  60.0  463.41213372111719
15  54.666666666666664  728.94447169762725
20  77.666666666666671  434.80965183357057
25  81.333333333333329  258.24109213446116
30  89.0  351.61711549554468
35  88.0  397.63346639879927
40  89.666666666666671  365.78462042210469
45  82.333333333333329  439.66834782001928
50  89.666666666666671  395.26286664505039
10  52.0  573.68073608989005
15  67.0  548.01715566544897
20  82.666666666666671  359.57878410219644
25  68.0  438.41790902275045
30  86.666666666666671  334.28145614735655
35  89.666666666666671  388.55728689369892
40  89.666666666666671  376.32368446959305
45  86.666666666666671  474.55176630101005
50  87.0  317.97156054369458
10  53.666666666666664  429.42119791447374
15  63.0  549.8437170921253
20  85.333333333333329  364.86180671245597
25  88.0  273.96869210056417
30  91.0  323.81803511356816
35  93.0  255.81291268013322
40  91.333333333333329  334.25235180587759
45  83.333333333333329  593.26961058946995
50  91.666666666666671  354.80807218751215
10  68.333333333333329  447.0321299197193
15  58.666666666666664  672.2910520364037
20  66.0  554.03976946047692
25  80.0  523.24604395076881
30  88.333333333333329  334.81623002478744
35  90.333333333333329  303.76467083266726
40  89.666666666666671  396.15070634684423
45  89.0  344.94762437430046
50  89.0  402.21751166579048
10  70.0  332.27737959931733
15  56.666666666666664  243.57904071398576
20  68.666666666666671  589.25045757014175
25  79.0  397.77576701425261
30  82.333333333333329  453.09022617775946
35  88.666666666666671  351.26712083026962
40  82.666666666666671  616.18221520068823
45  87.0  488.92412962762285
50  87.0  507.36749920398768
10  55.333333333333336  490.12801912481007
15  66.666666666666671  499.85285517030053
20  78.666666666666671  500.48791938330697
25  79.333333333333329  364.43107602522491
30  80.333333333333329  597.02973351511491
35  87.0  418.06732902796051
40  86.333333333333329  430.87575089914617
45  94.333333333333329  229.58591734247102
50  87.666666666666671  447.04062027967552
10  69.666666666666671  387.00450557116369
15  80.0  374.60944603043197
20  73.666666666666671  402.58218890664796
25  74.0  683.03902495278146
30  83.666666666666671  628.74300621580653
35  86.0  491.68977595763738
40  89.666666666666671  408.58946729285287
45  95.0  227.99256704343108
50  89.0  462.55603869935038
10  61.0  304.39244959388401
15  69.333333333333329  400.20690272860122
20  75.666666666666671  537.18866392715552
25  77.333333333333329  454.28960086409751
30  82.0  564.54109557073377
35  83.666666666666671  518.90236688789821
40  88.0  500.82315081352482
45  89.0  349.45263329262076
50  90.333333333333329  332.98371205267023
10  66.0  416.55035978701477
15  70.666666666666671  407.25890198213688
20  84.333333333333329  419.9112919950129
25  79.333333333333329  540.55957838723589
30  89.333333333333329  343.72705584680023
35  87.333333333333329  380.79752486501854
40  89.333333333333329  382.64442303255134
45  92.333333333333329  294.41312333003367
50  87.0  324.18345221638822
10  63.666666666666664  344.44605170944993
15  68.0  393.13445396957343
20  79.666666666666671  356.5058689541271
25  83.0  448.9424891744444
30  86.333333333333329  380.05769707735135
35  86.666666666666671  423.64710732697529
40  91.333333333333329  370.71219180810175
45  90.333333333333329  345.73735794856452
50  85.333333333333329  466.1301871958882
10  43.333333333333336  396.58983469594466
15  72.666666666666671  344.27992595946193
20  69.0  568.76289936711407
25  84.666666666666671  409.98083451894774
30  88.0  380.54234438803758
35  85.666666666666671  371.94524940154668
40  87.333333333333329  400.83655285132687
45  89.666666666666671  395.4305762812902
50  91.666666666666671  346.56059397445762
10  69.666666666666671  329.0561378414958
15  66.333333333333329  511.38588536120284
20  76.333333333333329  515.89120123063026
25  77.666666666666671  505.3252483589888
30  80.666666666666671  546.88035038054898
35  85.0  471.95708519093438
40  88.666666666666671  462.99512463907922
45  89.333333333333329  381.76943025158602
50  84.666666666666671  473.91144665366949
10  69.0  445.8677333837623
15  64.0  533.92706796043831
20  84.666666666666671  345.41001956122693
25  79.666666666666671  550.83441308799524
30  87.0  314.61210337187941
35  87.0  439.72852950371271
40  85.666666666666671  416.10358204374819
45  89.666666666666671  396.4725620650031
50  90.0  369.31636128255082
10  73.0  299.01588493769049
15  77.666666666666671  343.84536346775803
20  78.666666666666671  524.21838916847344
25  81.0  425.97392237100013
30  83.333333333333329  513.39587865720068
35  79.0  526.19183624309926
40  88.666666666666671  378.90649305857625
45  86.666666666666671  445.79103378551542
50  92.666666666666671  263.2230438601112
10  68.333333333333329  385.25125405262185
15  73.333333333333329  494.26114690869952
20  78.666666666666671  429.51643527389348
25  78.666666666666671  484.5703879786858
30  77.666666666666671  457.78898318408511
35  79.0  505.51838479499514
40  89.333333333333329  389.3923590117376
45  92.333333333333329  229.74392661953956
50  87.333333333333329  449.40855068677837
10  58.0  414.30459392129382
15  65.666666666666671  594.15111129979402
20  77.666666666666671  439.90820186163575
25  81.333333333333329  468.87654093152332
30  82.333333333333329  522.90668756868115
35  89.333333333333329  408.48615817425218
40  90.0  316.50733710672722
45  85.333333333333329  600.02561073001141
50  88.666666666666671  401.99905030968023
10  66.0  392.08903196622174
15  79.0  367.34085435741576
20  71.333333333333329  473.15735980479042
25  85.0  330.04726384223858
30  74.0  347.40210321530475
35  85.666666666666671  447.24935411890357
40  88.333333333333329  461.58539838801437
45  81.666666666666671  542.77798057041537
50  92.0  279.22697963680866
10  64.666666666666671  337.1157570433038
15  66.666666666666671  427.23350692407581
20  81.0  310.35570109361686
25  75.666666666666671  511.45438596585893
30  87.0  344.42859641085272
35  87.666666666666671  408.10236713762691
40  83.0  457.73350556278768
45  85.333333333333329  525.30895940661424
50  93.0  284.50634579961894
10  68.0  274.44673149137577
15  68.333333333333329  422.37508043173841
20  78.333333333333329  466.89480934455361
25  80.666666666666671  394.62376527250666
30  83.666666666666671  444.03429647427026
35  78.666666666666671  568.52247795467952
40  84.333333333333329  382.18730295565678
45  92.333333333333329  289.00779091208267
50  93.0  255.13687702753882
10  74.0  319.82253996277529
15  63.0  608.69126703502548
20  85.666666666666671  357.79202061971677
25  83.666666666666671  423.32545134068374
30  85.333333333333329  433.12749668982411
35  87.666666666666671  440.09517684844815
40  91.333333333333329  262.61203725727421
45  85.0  608.80667781371869
50  92.0  349.39711162664577
10  46.0  450.96823395867563
15  62.333333333333336  381.70777621424838
20  75.333333333333329  554.06855286876953
25  84.333333333333329  393.10448568263399
30  74.666666666666671  553.35481715490312
35  89.666666666666671  346.75642492786733
40  88.333333333333329  386.3890143565111
45  86.666666666666671  544.34884549077265
50  84.0  562.0068226824875
10  51.333333333333336  492.17178080536166
15  82.333333333333329  349.48845138103206
20  80.333333333333329  504.45388923475264
25  76.333333333333329  581.72196911586252
30  73.333333333333329  766.43894638844893
35  85.0  365.5714470699113
40  85.333333333333329  433.06708802148842
45  85.0  443.79538521318995
50  94.0  227.43094878795279
10  67.666666666666671  435.14750480615919
15  71.333333333333329  481.24749578495067
20  77.0  512.40720593111303
25  83.666666666666671  440.67745263825356
30  88.333333333333329  389.87331384739792
35  87.333333333333329  540.29418558200018
40  88.666666666666671  412.65631275385573
45  89.666666666666671  370.18020451358706
50  89.0  380.14487611443218
10  58.0  375.5669592692463
15  70.0  598.43203048222381
20  77.666666666666671  482.96647835965337
25  78.666666666666671  508.37205558137885
30  76.333333333333329  658.03179949637274
35  85.666666666666671  394.1193946523303
40  90.666666666666671  286.09703079835066
45  89.0  376.48246915161945
50  91.666666666666671  302.56907157876958
10  58.333333333333336  405.06279144987559
15  71.0  471.05341336056517
20  65.333333333333329  614.42208650261841
25  81.0  589.87175373138587
30  85.333333333333329  360.1045233072519
35  84.666666666666671  459.56055020815626
40  82.666666666666671  624.01563762741364
45  86.0  430.59809303305724
50  81.0  386.55785091491214
10  59.0  261.79888860602472
15  72.333333333333329  487.19796339386608
20  68.666666666666671  590.20194612585215
25  81.0  515.57888893605514
30  87.333333333333329  358.70041208053391
35  90.333333333333329  311.16903894075421
40  90.333333333333329  366.05235729887039
45  89.333333333333329  399.56884570673907
50  91.0  258.34510172495806
10  74.333333333333329  351.05500158900423
15  68.333333333333329  339.86915480837126
20  81.0  501.33175427753429
25  78.333333333333329  546.21686076201411
30  85.0  388.20958756911546
35  85.666666666666671  476.85007255125157
40  88.0  384.56308712850745
45  87.333333333333329  387.68493944199304
50  89.333333333333329  371.75274097843123
10  69.333333333333329  384.16419016150218
15  64.0  462.13409233630369
20  79.0  475.60439542569657
25  83.333333333333329  418.39348993754044
30  88.666666666666671  379.63553718342564
35  85.666666666666671  318.00333442453604
40  83.333333333333329  414.87609599737073
45  89.333333333333329  334.83260640117152
50  88.333333333333329  451.3018986050443
10  62.333333333333336  324.29283728241671
15  75.666666666666671  464.13705488637663
20  78.0  529.35871888207805
25  81.666666666666671  373.01067482221038
30  86.0  376.98414166554448
35  86.666666666666671  528.42331640288762
40  90.0  307.02732701874504
45  91.666666666666671  271.32022184299183
50  83.666666666666671  376.6978151451487
10  63.0  392.04287229781772
15  73.0  350.30923602017117
20  70.0  496.4892339778786
25  75.0  662.24036521104154
30  83.666666666666671  463.21795043327643
35  84.0  401.53275343000473
40  85.0  446.02644851403494
45  88.333333333333329  454.90493033947388
50  89.0  376.13622548991935
10  65.666666666666671  470.80948893593165
15  79.666666666666671  404.80646464189181
20  80.666666666666671  439.06027692202468
25  92.0  284.17274396841384
30  75.333333333333329  776.34045956380555
35  88.0  330.87949644615259
40  94.0  249.07206610093732
45  90.0  418.47029344122484
50  86.0  522.92045015490828
10  70.666666666666671  403.80841806319768
15  84.0  253.63805601414151
20  85.666666666666671  314.08879315086807
25  79.333333333333329  414.93089995785272
30  87.666666666666671  347.48991253111757
35  78.666666666666671  783.19940476843738
40  91.0  289.82815459424199
45  91.0  280.68101542033179
50  92.666666666666671  241.07699779584544
10  59.333333333333336  372.60010396690234
15  72.0  492.09439637673734
20  78.0  374.01039850126892
25  89.0  356.33738951996219
30  84.333333333333329  349.55488925095835
35  83.0  491.61586416883193
40  86.0  594.89970204749147
45  86.0  536.53043033149925
50  91.333333333333329  329.30976861235769
10  49.333333333333336  382.62863762031986
15  76.333333333333329  423.70268503020998
20  72.666666666666671  486.62249769354725
25  77.333333333333329  532.82591510996804
30  85.333333333333329  407.38352097619918
35  86.666666666666671  458.31794274621302
40  84.333333333333329  317.56624044702443
45  88.0  354.0352048553238
50  90.666666666666671  459.7347899781962
10  68.0  382.75590595804135
15  77.666666666666671  290.55285977049471
20  69.666666666666671  607.82259250077595
25  65.333333333333329  602.42520067960197
30  83.666666666666671  464.0741660284213
35  90.0  355.83698006272385
40  81.666666666666671  484.46916847951002
45  82.0  574.48921818952829
50  84.333333333333329  557.72229746561391
10  77.666666666666671  310.35605624992735
15  72.0  433.09754848633088
20  75.333333333333329  565.08287479144019
25  83.666666666666671  427.31132952208503
30  86.666666666666671  381.97156994945448
35  92.666666666666671  292.58745758510742
40  87.666666666666671  374.1184264684116
45  89.333333333333329  454.22430742785014
50  91.333333333333329  380.70602698047327
10  71.666666666666671  370.72315260756534
15  76.666666666666671  374.40109430153109
20  73.0  582.94444596862252
25  87.333333333333329  335.75934865160161
30  83.0  495.07615626808865
35  85.666666666666671  392.64489194832788
40  86.0  432.8191068582741
45  85.0  448.90054337721665
50  89.333333333333329  386.36160936027767
10  58.333333333333336  341.85414547733399
15  84.0  342.67151449582587
20  80.333333333333329  447.28635242925395
25  75.666666666666671  524.72273182193112
30  79.666666666666671  451.31232712099887
35  85.333333333333329  499.95268391681651
40  92.666666666666671  312.13926678429732
45  88.333333333333329  442.3127859486093
50  83.0  519.02194423083142
10  60.666666666666664  480.77734917580887
15  77.0  370.34018830598461
20  81.666666666666671  456.68817632340517
25  85.666666666666671  346.33588687131572
30  87.0  366.44324851870158
35  79.333333333333329  620.44315755435605
40  89.666666666666671  354.67481063161807
45  85.666666666666671  442.59173638917002
50  91.333333333333329  305.78907236534917
10  60.666666666666664  339.58231064431277
15  75.0  362.33934403639671
20  62.666666666666664  840.47557663732573
25  80.666666666666671  390.38269535382642
30  85.333333333333329  425.99766251136072
35  90.333333333333329  364.65032860335606
40  87.333333333333329  337.4877237266233
45  88.666666666666671  377.30367120400825
50  80.666666666666671  503.46876377322417
10  54.0  339.31212028701651
15  71.0  474.23313683490051
20  77.666666666666671  507.49776844628224
25  74.333333333333329  606.18372979427738
30  74.666666666666671  683.47271837631808
35  85.666666666666671  448.59497939885955
40  83.333333333333329  465.50711998195504
45  88.0  393.24410740536189
50  89.666666666666671  414.19745662201717
10  70.666666666666671  487.58001540551226
15  63.333333333333336  410.40794728705777
20  79.666666666666671  416.11869170336718
25  84.333333333333329  415.91430861159944
30  68.0  817.98062240763682
35  85.666666666666671  545.88631219260071
40  91.333333333333329  284.12091765274187
45  80.666666666666671  577.34073964245545
50  87.0  495.55497283903719
10  68.333333333333329  346.62380332540295
15  77.333333333333329  401.61412653571267
20  76.666666666666671  575.86226991861975
25  73.333333333333329  597.02182464042664
30  81.333333333333329  397.32002602860359
35  89.666666666666671  357.19979666864589
40  90.666666666666671  325.48494000934386
45  93.666666666666671  257.33147090480861
50  89.333333333333329  351.46075951049812
10  44.666666666666664  509.87577460256102
15  72.666666666666671  409.37641239065465
20  74.666666666666671  497.49169877718941
25  86.0  399.15760591706277
30  86.0  469.14314258640826
35  87.666666666666671  391.80139427698367
40  92.0  256.17689881539138
45  88.0  391.65876424685325
50  89.333333333333329  414.32227650611071
10  54.333333333333336  381.75704618837756
15  77.333333333333329  366.89203757171481
20  72.333333333333329  578.62855883866848
25  79.333333333333329  465.03469019645843
30  85.0  357.82094986355202
35  83.333333333333329  433.50064800157696
40  89.333333333333329  377.26254149387933
45  84.666666666666671  410.14729524518759
50  87.666666666666671  476.78167213054019
10  71.333333333333329  333.70010478927924
15  70.333333333333329  518.20406690510572
20  86.333333333333329  322.02627959803027
25  82.666666666666671  448.87396163221706
30  81.666666666666671  523.91118632517157
35  81.333333333333329  427.9070053979458
40  88.666666666666671  373.56634098917198
45  89.0  468.38160003563848
50  87.333333333333329  478.65597121438879
10  67.666666666666671  351.5819449084313
15  71.0  492.37242306376908
20  79.666666666666671  465.73035581722201
25  79.0  434.64729960937143
30  80.333333333333329  513.03455426380913
35  87.666666666666671  416.08258674192251
40  91.333333333333329  311.68352003447006
45  86.333333333333329  458.40812991865045
50  89.0  415.74746026767434
10  50.333333333333336  451.5641834158767
15  68.333333333333329  412.3584574164455
20  72.333333333333329  591.99705624586022
25  87.0  393.19393571269671
30  71.666666666666671  637.21266187768731
35  87.333333333333329  331.50901259438928
40  84.333333333333329  529.3461331333873
45  92.666666666666671  270.04377296457329
50  90.666666666666671  418.19834718658495
10  62.666666666666664  404.96567880405405
15  59.0  475.54508824882214
20  75.666666666666671  441.06528602735295
25  83.666666666666671  525.38621522424182
30  83.666666666666671  408.48589543879643
35  87.333333333333329  398.82174287864655
40  90.333333333333329  366.2481757811853
45  90.666666666666671  317.85100004983508
50  89.666666666666671  493.18615207980957
10  64.0  375.05249536300676
15  61.666666666666664  331.535201037322
20  76.0  458.24658651538283
25  88.666666666666671  383.36111963476986
30  81.666666666666671  591.38822555212698
35  79.0  656.89927052051485
40  88.0  438.97985136467264
45  91.0  383.34811204292095
50  91.666666666666671  278.58993071554551
10  55.0  460.44171550529177
15  65.333333333333329  464.27957095169501
20  77.0  456.39116454807254
25  87.0  363.49584283370632
30  78.0  524.67609669193064
35  82.333333333333329  544.95198012691958
40  85.0  373.18622485170965
45  87.333333333333329  412.34752090092263
50  88.333333333333329  468.48621928640591
10  66.333333333333329  382.75294353205089
15  62.333333333333336  567.99526217757034
20  79.0  441.44998995663531
25  80.333333333333329  426.04789441799869
30  90.333333333333329  316.83202664221818
35  87.666666666666671  398.48825231651841
40  90.666666666666671  328.9333343204267
45  88.0  436.92605049184112
50  89.333333333333329  417.19647745924982
10  44.666666666666664  359.11894776569602
15  68.666666666666671  421.51799212953472
20  72.666666666666671  588.14090352258813
25  84.0  457.69316134889795
30  80.666666666666671  595.42715532522834
35  84.333333333333329  443.65821642189917
40  89.0  413.75568039239221
45  88.666666666666671  458.55703552957033
50  85.333333333333329  441.58698881896044
10  38.0  389.8905396416356
15  75.0  419.09778828892865
20  79.333333333333329  390.03063162710157
25  76.0  538.37180470869987
30  79.333333333333329  578.06933539741055
35  88.0  367.4726691240258
40  84.0  469.64857302129758
45  91.666666666666671  319.5802637597892
50  89.666666666666671  370.86353533156682
10  70.333333333333329  259.00993169338693
15  59.0  691.6370395502671
20  76.333333333333329  385.33822704098145
25  83.0  464.10711507625092
30  86.333333333333329  436.20968815158813
35  80.333333333333329  668.68982295885155
40  86.333333333333329  433.5121508735341
45  90.0  360.64399789176844
50  86.333333333333329  487.88183404705046
10  63.333333333333336  366.4417568006603
15  70.333333333333329  467.18268235409624
20  77.0  526.67278003251738
25  86.0  355.11294301611076
30  79.666666666666671  492.37142373382426
35  82.333333333333329  419.64485135308763
40  82.0  386.19542333685149
45  93.0  274.60409933482379
50  85.666666666666671  541.85779078469977
10  77.0  329.33461482923826
15  81.666666666666671  371.6427322535518
20  77.666666666666671  512.39845805439802
25  79.666666666666671  307.0752511684845
30  81.666666666666671  505.49733880111233
35  86.333333333333329  450.68758971240032
40  88.666666666666671  359.22429901179288
45  84.666666666666671  563.22513758519324
50  90.666666666666671  388.53143405060121
10  71.333333333333329  415.73311932574802
15  80.333333333333329  398.24966371013903
20  79.0  480.70341000230354
25  88.0  271.35588920598809
30  86.0  505.94587104238013
35  89.333333333333329  378.11917620903722
40  82.0  626.94292695830757
45  91.0  348.61703491059535
50  86.666666666666671  442.6230224431464
10  59.666666666666664  523.53632623487022
15  68.333333333333329  466.25933198133282
20  76.0  494.2436920953777
25  82.666666666666671  371.69350756444908
30  66.0  707.58418837523425
35  91.666666666666671  312.65214325540347
40  87.333333333333329  385.71655950501503
45  89.0  421.77624950022289
50  89.333333333333329  331.00663118880351
10  67.666666666666671  316.83534242652371
15  81.333333333333329  343.70961575997228
20  88.0  297.9652189732127
25  70.333333333333329  706.45033193930055
30  79.0  412.74449418537392
35  86.0  435.94855205321591
40  88.333333333333329  408.04488698945789
45  86.666666666666671  471.66501503312776
50  86.666666666666671  466.73257006160446
10  60.666666666666664  405.39582421356994
15  71.0  534.12176188975445
20  79.0  447.97968560608848
25  78.333333333333329  551.7143315864945
30  89.0  356.5036510786091
35  82.333333333333329  471.01215356421801
40  87.0  478.08444137604658
45  90.333333333333329  319.62709641507485
50  93.0  329.9919562466041
10  70.0  499.49775068660341
15  51.666666666666664  499.64176442101979
20  76.333333333333329  415.79679833343283
25  78.666666666666671  621.02731545680024
30  85.0  490.84607816226503
35  90.666666666666671  315.54754183436944
40  86.333333333333329  453.96958485163083
45  84.0  513.80199893260601
50  92.333333333333329  304.21005807163692
10  64.666666666666671  353.43537140555298
15  72.333333333333329  542.52860470502003
20  74.333333333333329  546.89896091901437
25  88.333333333333329  365.96153456969478
30  83.0  464.3452907995424
35  82.666666666666671  642.1166725837345
40  89.666666666666671  372.15743391138403
45  84.333333333333329  550.09607025906894
50  92.666666666666671  326.0211175461842
10  62.333333333333336  364.95486921727263
15  60.333333333333336  409.15951365105104
20  75.333333333333329  477.76722708192364
25  77.666666666666671  595.537353188211
30  83.333333333333329  394.2925097908759
35  85.0  518.33856545577066
40  84.333333333333329  482.76913291785831
45  90.0  304.16324283397324
50  89.333333333333329  323.66991371496221
10  61.0  473.5874294024693
15  76.666666666666671  514.02320384102586
20  65.666666666666671  440.83332106957727
25  86.0  433.56274020675812
30  82.666666666666671  494.02299447284724
35  79.666666666666671  550.76571390241611
40  87.666666666666671  457.55152281698582
45  89.333333333333329  368.64798664481032
50  87.666666666666671  383.71415306201243
10  54.0  543.50393895615775
15  73.0  470.59199392489563
20  80.0  420.37708129645074
25  83.333333333333329  434.83680814165513
30  84.0  495.1879204811313
35  84.666666666666671  489.38930480919771
40  91.333333333333329  299.24537673599212
45  90.0  344.66588220177294
50  91.0  348.82706869298823
10  69.0  348.74165272124606
15  70.333333333333329  513.95774822256863
20  87.333333333333329  296.74374188653252
25  83.666666666666671  437.36697791968021
30  81.666666666666671  457.07132178113284
35  86.333333333333329  372.98309502407295
40  85.333333333333329  339.21247766731278
45  86.666666666666671  461.78637828183554
50  91.666666666666671  334.33832628275388
10  63.333333333333336  451.07062398868703
15  67.333333333333329  455.20584929302578
20  60.666666666666664  532.60552204985345
25  77.333333333333329  429.79488145859193
30  74.333333333333329  679.05831921470769
35  87.333333333333329  390.29431362175973
40  87.666666666666671  423.40500938053464
45  88.0  357.50784687676901
50  92.0  289.05404045875315
10  34.666666666666664  587.18657195360311
15  67.333333333333329  530.91270228851852
20  80.666666666666671  450.28392870016665
25  73.0  489.23217334124337
30  82.666666666666671  375.95980381151782
35  76.666666666666671  641.40573164192267
40  90.333333333333329  292.41329475779634
45  88.333333333333329  494.46583915205076
50  88.333333333333329  462.5991816925856
10  77.0  350.14760634629073
15  63.666666666666664  638.63870426897654
20  73.0  478.58689804942338
25  83.666666666666671  372.47447451288065
30  79.333333333333329  473.42090790416796
35  87.333333333333329  425.44123998889921
40  89.333333333333329  370.76475941337668
45  85.0  515.06491564655266
50  89.666666666666671  412.23840463048816
10  61.666666666666664  426.71958149360006
15  64.0  438.21075459076616
20  79.666666666666671  459.77647442150209
25  83.666666666666671  403.28329121534267
30  90.0  323.47793052962191
35  84.333333333333329  598.83452053806855
40  87.666666666666671  348.32531296611018
45  92.666666666666671  278.40380155276193
50  87.333333333333329  474.34774600315245
10  47.0  448.31929377731507
15  74.666666666666671  475.25166966643405
20  74.333333333333329  512.78467591329604
25  80.0  422.31483419254977
30  81.666666666666671  411.12678007406998
35  86.0  352.85888840117724
40  84.0  558.77772059868369
45  91.333333333333329  400.28489163766477
50  89.333333333333329  411.88945587591024
10  61.333333333333336  401.03081650658532
15  67.0  506.38765730063864
20  76.333333333333329  585.66630771459802
25  80.0  427.78184896284819
30  84.0  426.42446318895827
35  90.333333333333329  319.37270272140427
40  89.333333333333329  355.24901385446083
45  87.666666666666671  492.22220458224729
50  89.666666666666671  327.2470907372321
10  65.0  380.15539684309135
15  61.666666666666664  486.63982700713757
20  81.666666666666671  402.59340408428085
25  85.333333333333329  396.86365965299774
30  78.333333333333329  672.96588108137303
35  78.333333333333329  676.65071730402678
40  91.0  261.698902024012
45  85.666666666666671  317.58841790421258
50  89.333333333333329  321.56454353792515
10  53.0  462.9210950878122
15  70.0  399.69477536809131
20  68.0  460.85197599284044
25  84.333333333333329  389.12196907092209
30  79.0  557.9468803823753
35  90.666666666666671  352.96160825355372
40  81.666666666666671  544.06269202699264
45  82.333333333333329  677.56844544050318
50  92.333333333333329  308.35469753715
10  52.333333333333336  570.22235309993198
15  69.666666666666671  450.94210631675458
20  73.0  542.7253164136448
25  80.0  387.48330666884215
30  85.0  442.78019510159646
35  76.0  468.76011222496004
40  92.333333333333329  267.23606635955497
45  85.333333333333329  495.43954351541225
50  92.666666666666671  267.89195084925183
10  47.666666666666664  431.53805415704983
15  74.666666666666671  450.86955754816341
20  78.0  473.68375055827732
25  86.0  374.95114017138684
30  78.666666666666671  524.87474939594085
35  85.0  443.84675836244958
40  85.0  311.93879032956312
45  79.666666666666671  718.3323579193077
50  90.0  386.56252163561931
10  69.333333333333329  492.00714970711812
15  73.0  430.45507095405122
20  84.666666666666671  338.2444423344736
25  77.0  626.97257495905706
30  82.666666666666671  533.2882430607433
35  85.666666666666671  403.26847018519663
40  86.0  481.47848581165005
45  91.666666666666671  259.64577097284024
50  82.333333333333329  582.42870416754795
10  57.0  468.52782476787928
15  77.333333333333329  415.21252326771037
20  86.0  402.14695622045986
25  67.0  519.04214419073401
30  77.0  563.3157765271759
35  83.333333333333329  496.79569931676576
40  90.333333333333329  331.45486613102901
45  88.666666666666671  376.98252546596785
50  86.0  513.47233121073634
10  74.0  318.79055713222562
15  81.333333333333329  369.05503410666785
20  87.0  344.36426476968512
25  82.333333333333329  499.9105740014561
30  84.333333333333329  431.7555782850236
35  85.666666666666671  478.42594131742231
40  87.333333333333329  394.13970705999242
45  92.0  305.7368456342146
50  88.666666666666671  451.39119185005882
10  70.666666666666671  268.82297322385062
15  65.0  575.31780637201291
20  83.333333333333329  413.67292438079704
25  84.0  480.23719784924856
30  81.666666666666671  452.33994538266893
35  77.333333333333329  634.40540120625064
40  86.0  421.8481792979706
45  82.666666666666671  647.43309841161522
50  93.0  254.16697042278099
10  68.0  290.03113596242116
15  80.0  354.45944127035415
20  84.333333333333329  369.73501450126611
25  83.333333333333329  363.92891644521194
30  73.333333333333329  604.73637670029393
35  86.666666666666671  426.03634035423011
40  86.666666666666671  440.7748016283025
45  91.333333333333329  275.88345337999101
50  91.666666666666671  286.66692121134753
10  69.333333333333329  465.51613303715317
15  69.0  448.0971647775462
20  74.666666666666671  517.80683562878255
25  82.333333333333329  503.4858381868022
30  83.333333333333329  397.90903271944069
35  88.0  390.90134608168773
40  84.666666666666671  481.53582215636084
45  83.0  543.06219625838742
50  89.333333333333329  438.10805796420999
10  64.0  371.42214414736316
15  76.666666666666671  398.30744109357693
20  68.666666666666671  507.19267268432276
25  81.333333333333329  415.11960531388348
30  85.333333333333329  418.48931537864058
35  85.666666666666671  473.88857759423223
40  88.333333333333329  385.26424211729176
45  86.0  418.43099013212725
50  89.666666666666671  446.90873501786155
10  38.333333333333336  507.85973503534194
15  72.0  418.52291482086935
20  73.333333333333329  416.65355200471294
25  89.333333333333329  333.83714142160284
30  86.666666666666671  390.70953924793912
35  84.333333333333329  504.70546401983336
40  92.666666666666671  284.59330030529503
45  91.333333333333329  354.86978533306342
50  86.0  543.47871055909047
10  65.0  429.26910297087437
15  68.666666666666671  490.41793765826532
20  84.666666666666671  356.76711200298132
25  70.0  670.83945781042212
30  86.0  345.30182136034261
35  84.0  401.99832634388224
40  87.0  490.13793860835005
45  90.333333333333329  333.7499867263632
50  85.333333333333329  497.61499497324502
10  61.0  394.37102628521899
15  69.333333333333329  490.00756762060854
20  68.666666666666671  514.84817572147995
25  77.0  512.83604846853439
30  77.333333333333329  585.23305619061523
35  91.0  251.24677635765244
40  93.333333333333329  277.99207478283859
45  89.333333333333329  400.43488143367017
50  86.333333333333329  530.78424521581223
10  58.333333333333336  473.93456664314294
15  60.666666666666664  504.71876039536915
20  78.0  559.84101528145368
25  83.333333333333329  519.80600278186864
30  89.0  377.50452233017381
35  78.666666666666671  567.16879191950125
40  92.333333333333329  268.68375921423035
45  80.666666666666671  496.07076095665627
50  85.666666666666671  309.42354204003374
