1  88.0  123.90834619075842
2  63.0  387.19978103938456
3  66.0  404.23035581991053
4  61.5  473.98249272000425
5  63.200000000000003  562.46267034866253
6  42.166666666666664  657.8381458360999
1  85.0  143.64546811232341
2  54.5  405.98639299753557
3  53.666666666666664  538.00597016842198
4  62.25  540.57592819241927
5  73.0  446.70826948084976
6  65.5  629.24844624922048
1  90.0  131.03568949567938
2  66.0  374.79214703810419
3  53.333333333333336  493.32097481269329
4  58.75  514.94453892218075
5  79.0  511.22572967972917
6  66.666666666666671  625.49889137401749
1  73.0  230.93791977981388
2  84.0  204.03765253519924
3  48.333333333333336  533.6120266923507
4  72.0  459.82232969285513
5  48.799999999999997  497.15379901286258
6  53.5  578.52014194506182
1  91.0  117.40937390157342
2  74.5  311.83583020172802
3  60.666666666666664  498.27845929430117
4  71.75  485.80493009585291
5  89.400000000000006  455.71976656529506
6  65.333333333333329  592.49078604996259
1  94.0  82.002404233281894
2  74.0  362.56153108882751
3  61.0  434.41446187142031
4  78.75  494.22741954697057
5  63.600000000000001  577.41912830958813
6  62.833333333333336  626.45719531752991
1  97.0  96.333150810834994
2  43.5  425.4047332389128
3  62.333333333333336  438.63299649640999
4  76.5  510.00451569059032
5  70.400000000000006  434.46702418547602
6  65.0  671.69044292289664
1  66.0  212.80620925886757
2  60.0  367.95379877005541
3  77.333333333333329  346.57790682041656
4  62.5  466.78056840556849
5  62.799999999999997  558.34095349888992
6  61.666666666666664  632.11909920007577
1  82.0  171.08919121149162
2  63.0  379.16888801238116
3  57.0  486.98259828793641
4  70.25  483.39359083595826
5  53.600000000000001  542.56247313918891
6  68.333333333333329  626.24934245562042
1  86.0  117.51894659588589
2  90.0  230.06924323738411
3  80.0  303.64383391236663
4  76.75  402.22007009756118
5  73.599999999999994  527.10587027184692
6  66.833333333333329  570.03228004031337
