2  9  31.50995389181152
4  55  109.30662890677907
6  69  98.866388803058456
8  66  110.45990314591442
10  76  102.62763751385643
12  76  143.48727150707688
14  65  153.97345350736455
16  83  118.11133473863443
18  68  170.26005180183594
20  76  161.63406323798802
2  0  17.999999999999986
4  67  55.636741489295325
6  41  62.118976437534783
8  50  133.12514924981093
10  94  86.131011770928907
12  50  125.15265788011305
14  85  114.66414917339438
16  83  121.4176552649174
18  81  112.00637097657109
20  74  146.82763586504885
2  0  21.000000000000043
4  7  29.676118851653086
6  43  120.36908644731304
8  66  132.21567954855894
10  33  123.45803229713437
12  62  79.737274881982913
14  59  77.13090305807728
16  52  220.40082225245456
18  82  127.24215452419575
20  68  171.29316735510645
2  0  0.0
4  54  71.339219763399782
6  33  151.57716580723641
8  26  97.93699790174206
10  55  152.7523444959223
12  69  155.00483949957126
14  97  86.74675830909996
16  78  109.62756618435641
18  69  152.83933405355214
20  91  90.992576704699246
2  61  65.63021627228369
4  61  110.19688378463236
6  40  73.871391525310798
8  52  118.31658112790892
10  94  90.107362307904452
12  61  147.59717675500798
14  67  161.56277112536517
16  79  145.78290798159156
18  100  51.756628491613704
20  96  58.761418046198415
2  0  12.000000000000012
4  42  44.201049512909151
6  44  127.40571797998123
8  22  150.30560064407979
10  78  112.32429010623234
12  89  104.29755777310235
14  80  125.8564221700754
16  76  144.2796666416404
18  69  183.95337877383986
20  85  127.61021945962075
2  49  61.996904850454015
4  14  84.192082443265036
6  52  77.976379285718394
8  29  82.131660461730078
10  35  224.40154151297855
12  52  188.17831727879587
14  59  178.32790531125841
16  92  90.460862792308347
18  75  149.01511244754727
20  93  80.155901521257334
2  0  24.999999999999961
4  84  81.177842736024488
6  36  103.26232152970323
8  91  58.734595610545391
10  47  95.390613814865105
12  88  101.68949062209791
14  76  127.39621290700511
16  64  184.69051122516186
18  46  224.56246393727503
20  58  168.82151493564032
2  4  82.0
4  0  24.999999999999993
6  72  59.344846020977215
8  71  83.67085130766236
10  56  115.94926762764766
12  72  113.75221894602051
14  84  125.97675444161264
16  69  106.2273687495979
18  63  168.32665026145497
20  74  140.758192177757
2  0  26.000000000000004
4  4  91.104153706457055
6  25  113.50744472407018
8  73  127.92428354727718
10  90  78.925423392854611
12  51  139.55998839823923
14  71  124.65026704356403
16  63  188.01161003878153
18  64  168.5142420313027
20  91  107.11704377531308
2  0  10.999999999999991
4  40  118.19181512183479
6  52  101.45390064028835
8  66  120.2827430689036
10  88  71.003647711176768
12  64  129.04582073768825
14  74  53.966622160929198
16  82  124.55024106243984
18  74  154.68235454049551
20  87  103.09306598646729
2  21  32.811976338394302
4  43  120.81436323507006
6  38  112.79990327297411
8  54  131.82427895029653
10  87  105.73484719667692
12  67  165.35198140297328
14  94  73.129029346121797
16  79  136.90164821777176
18  80  123.026816015666
20  80  147.99517165076296
2  35  58.746616538394711
4  0  40.999999999999915
6  29  64.522311121093139
8  53  151.49698478645465
10  56  152.72911374673461
12  84  98.726611524309419
14  56  89.840330849182195
16  72  144.18421719076201
18  58  229.83692338693385
20  69  170.3436381540096
2  15  71.056381527943572
4  15  66.941107843702923
6  38  135.79566061103813
8  85  75.016085783779573
10  91  60.176320381903103
12  54  111.90518148177327
14  78  127.57342399438822
16  82  108.88442039055506
18  77  130.55507694033619
20  75  111.54599516766895
2  28  36.848138447495103
4  71  74.115391774433903
6  46  71.805535082544438
8  73  123.53698992394574
10  71  104.97504567580414
12  79  138.28579996095979
14  70  138.57429147942383
16  79  110.89465528541716
18  63  191.69383087942066
20  68  128.80430685236351
2  13  33.600423638731058
4  46  110.72895044591884
6  36  87.510404441317888
8  78  111.59437501089799
10  77  89.518472075709909
12  39  156.34881667077849
14  66  122.52560195644158
16  79  123.95056677010766
18  91  76.881669020553929
20  80  122.38178413898964
2  35  39.302721770573669
4  30  111.30953671606504
6  25  96.930990931501739
8  68  97.144675172058186
10  62  141.49294133128717
12  47  127.62114147674707
14  60  220.75207084767962
16  60  174.4901472510245
18  74  128.98770927810131
20  65  119.03638837207711
2  26  45.443584147089794
4  56  145.19938801046283
6  59  132.46901782346342
8  66  85.417227048785946
10  41  124.60567558442679
12  76  155.96305703129889
14  46  139.45717304491987
16  94  73.60939059942487
18  77  107.13805403479191
20  69  166.98765567964037
2  43  69.737595820825746
4  22  58.954954060395202
6  32  111.49905510570146
8  37  122.04053119577982
10  95  73.012688433048169
12  64  149.22669501731392
14  58  129.69574678409035
16  72  132.10507485896215
18  76  117.13164468143944
20  28  214.71379667909616
2  0  0.0
4  35  102.47694263981539
6  45  111.11201610122419
8  32  164.16941125679148
10  83  96.844069643812574
12  86  99.038280778188479
14  91  78.302385666376608
16  96  60.423668415829965
18  85  81.080575782973639
20  83  106.24177555557438
2  24  49.000000000000043
4  31  147.11645233538948
6  50  79.691193093330881
8  37  111.84996665293086
10  75  104.69479668503853
12  53  186.60629234308783
14  61  133.65260641258803
16  77  105.92810121713492
18  71  170.04396384729566
20  75  151.68593553098722
2  0  9.0000000000000089
4  0  107.00000000000001
6  77  85.905775744537067
8  61  93.353943104217464
10  67  130.54175099663644
12  50  180.13155029409751
14  82  104.1203064484495
16  76  136.69735984804797
18  80  132.15192292981149
20  71  158.29260337793153
2  9  42.364992530569481
4  75  92.436867991630223
6  52  72.705879878202495
8  51  124.90080926486695
10  85  106.69166206792552
12  83  95.617244335349071
14  89  98.531050725908898
16  87  95.255413796900314
18  81  125.17119114000401
20  75  139.97674154635618
2  16  84.256053190491272
4  59  69.05717244363332
6  38  73.18240226488625
8  21  144.00140921512696
10  71  111.67402954871713
12  53  130.7677648683362
14  88  71.377864183604856
16  86  97.336922767674253
18  89  101.07852509209663
20  86  95.880693953452692
2  10  60.999999999999986
4  46  90.584239002579835
6  32  69.095268204605944
8  69  103.78278401234168
10  62  103.34928251821334
12  63  167.26224876711734
14  58  182.57337368344557
16  81  139.08480715391838
18  60  220.84383192255513
20  63  81.521894464898722
2  0  47.0
4  29  39.417603052785068
6  39  173.92830268705816
8  78  113.37244154947093
10  61  86.972589915908785
12  56  176.30947032151678
14  73  148.61011901174462
16  86  102.07340808616327
18  87  109.06818224194618
20  54  240.63100152704891
2  12  53.455538387899757
4  56  67.135406118625426
6  46  53.025526437657341
8  58  170.49014516346043
10  74  114.64451166755441
12  76  138.14814074174484
14  55  181.47742763023115
16  62  167.74092128264084
18  85  50.984908614509074
20  67  152.65251503675506
2  0  53.999999999999957
4  31  86.294790995095752
6  61  117.41497761370977
8  78  102.3150358151476
10  57  122.60628606162997
12  79  124.55106190525007
14  80  97.758818779382693
16  96  61.880683119866674
18  86  105.96117743881383
20  80  91.210894979763012
2  18  62.53259262752885
4  76  72.273739335150637
6  31  168.90319431747633
8  72  65.465231903070674
10  48  117.4812021243451
12  74  141.54804740596106
14  52  179.32865439751043
16  80  125.68737023909266
18  100  53.25536038233399
20  97  81.811990113702748
2  0  51.000000000000021
4  12  106.30276285763972
6  66  59.170294819441359
8  47  107.03736091275253
10  50  90.933562099626016
12  82  109.87988256818286
14  69  142.33080697675683
16  51  239.49526319669801
18  83  133.293375538775
20  74  180.75086059754389
2  15  69.983039843884086
4  27  41.078470259513054
6  51  80.923018606546776
8  61  158.53859015988093
10  94  68.03550762923274
12  45  114.62799880020705
14  70  96.562546611758776
16  75  150.14432765100847
18  90  77.124485127417614
20  91  73.53570254853237
2  4  38.717466938375871
4  30  70.504379569235311
6  22  105.96006249256787
8  43  181.61581179909712
10  53  107.55243376774274
12  68  130.08394705359743
14  60  175.23572966417714
16  90  103.38693231097221
18  76  148.74719338004047
20  81  152.57343695131541
2  52  96.158100246896254
4  20  66.999999999999986
6  50  98.851900234088461
8  96  95.403277715685277
10  78  110.73647496241468
12  62  187.92167994661614
14  75  152.43329811155152
16  88  107.40278377530827
18  78  121.12859490981066
20  82  109.50073367875937
2  49  65.253417224042337
4  42  168.91713775007318
6  30  138.34325355213758
8  64  116.78056902249111
10  77  101.05924601018397
12  52  158.7108854412264
14  84  119.57777322133467
16  86  105.69187693244545
18  74  119.91294996473331
20  93  87.165370013682008
2  39  48.888935079689951
4  46  101.0209732081954
6  89  77.137617619602338
8  77  112.53387673052657
10  58  123.45837251744945
12  53  132.00154920144965
14  93  74.192911980482577
16  93  63.272469294067008
18  92  74.925355519578588
20  79  133.1490964471048
2  48  48.81778138776199
4  23  59.062353621730125
6  27  66.573791533825286
8  65  126.17110037575256
10  97  61.635980056981907
12  87  97.020708501081884
14  85  100.96749633747798
16  84  122.83829084323601
18  86  127.9315354379319
20  79  130.66312277962479
2  23  46.558261215432324
4  49  88.160428019944675
6  55  111.34950418718846
8  54  147.02628887878797
10  36  167.41585667052269
12  57  163.77913749349446
14  84  103.98579075319741
16  55  219.07539797942229
18  70  186.85855431883363
20  47  206.25643386411252
2  35  83.871850388825621
4  40  101.26331079071896
6  31  124.65520890226304
8  75  76.294958597254038
10  75  91.833020168971004
12  73  144.40840761637469
14  51  134.25515986767499
16  54  158.44362095223468
18  69  158.47977632634354
20  83  114.09746306427837
2  52  82.192475290130886
4  20  60.401360516287362
6  91  70.81773282513889
8  11  145.6144871459548
10  48  102.7426626741033
12  70  125.35752278510337
14  81  112.22812834379235
16  63  208.95371651647076
18  73  125.00616755999499
20  69  184.61946948158339
2  7  30.000000000000007
4  44  74.181701066170433
6  76  97.05436919039532
8  78  68.415692577237678
10  28  142.48884371466431
12  100  64.740283421222344
14  62  137.67761851028939
16  92  88.648549451230039
18  85  95.630599276110928
20  91  79.850822680959809
2  53  47.811809558136439
4  1  52.000000000000021
6  43  125.23355430406821
8  100  75.21951571853559
10  62  211.16031452070851
12  97  66.485895772178139
14  84  109.16319100265868
16  96  78.180782545667739
18  60  170.84407179995549
20  83  116.23641748765863
2  20  64.871991580004249
4  16  23.94965127706978
6  41  160.65882229082189
8  67  117.12021125833533
10  32  159.93865700865882
12  49  204.2482131100887
14  67  163.71484399065301
16  60  66.662483123395234
18  100  58.430223742397885
20  42  212.67167700752364
2  12  25.36905053190069
4  8  87.459094073470794
6  21  46.903022268023769
8  29  49.91322607068183
10  95  66.619844961221602
12  62  168.75427994610487
14  78  88.302635621964072
16  98  68.307932125294059
18  93  78.634327782805713
20  50  244.21602247451622
2  23  71.95235514858561
4  40  87.516105492042627
6  0  50.999999999999979
8  7  19.999999999999986
10  50  98.67984130691211
12  37  207.15642190909392
14  98  82.673603336287186
16  67  175.76089792657268
18  87  118.45022890422594
20  70  179.47630840585245
2  33  39.381094130293114
4  17  56.310197006855816
6  77  93.303340897573776
8  71  115.98704131878465
10  91  87.288598714245751
12  60  135.66948397058096
14  87  97.081357497558514
16  69  175.53557006391912
18  72  151.4104451338236
20  67  176.86426626936813
2  60  33.547134017398683
4  34  104.75338615259008
6  32  58.997625959876068
8  26  170.43976713246488
10  69  118.66832701145245
12  70  100.95958488949137
14  60  127.39965924257186
16  62  186.4815516876568
18  73  116.91219872723485
20  90  93.583734393613213
2  15  60.40032010851963
4  71  55.915463179557889
6  29  90.818428136475845
8  66  115.03357540031652
10  52  140.9799100777613
12  88  89.999328447098492
14  92  89.804310848188862
16  76  107.41189534497896
18  90  122.28580722953441
20  61  176.90664671059938
2  51  65.451048487140795
4  35  114.0333232967229
6  51  89.509828959399755
8  48  111.21585466766655
10  75  82.745606276781629
12  60  135.78064879838445
14  56  116.25702639033538
16  55  224.57449696328644
18  74  137.34662539472919
20  90  81.593132814800128
2  39  26.330706676652376
4  52  73.625583684822828
6  21  89.398483813163068
8  59  81.133154639536926
10  50  137.83103092912796
12  57  124.99562807931218
14  72  103.80958691197118
16  82  83.146754475077827
18  71  148.02138372731636
20  91  104.08768317192097
2  12  29.000000000000011
4  58  87.755202811591943
6  64  80.470566013238354
8  49  69.406146591519658
10  82  70.498760943657999
12  49  170.21290867290386
14  65  142.74139518414177
16  72  129.26256252406728
18  82  125.98490699068753
20  49  158.76619288984082
2  15  95.097964171492677
4  41  101.82401771026107
6  59  89.0238085651918
8  64  124.29285789829697
10  92  98.238499674767965
12  72  158.85497498128626
14  77  109.481136912783
16  41  152.34337511349128
18  69  181.458061082483
20  47  245.90041717118612
2  0  71.999999999999915
4  41  52.826291202449625
6  14  119.95690757347833
8  92  63.548123939379508
10  53  105.40510282909126
12  42  180.95482366426626
14  70  151.13631469246721
16  76  132.69251255934495
18  57  106.15545969739101
20  67  190.16923841150469
2  41  52.262063674005084
4  30  78.691650657462645
6  72  116.87873981469622
8  65  61.34491329878967
10  98  70.036369828487494
12  67  127.3469596182031
14  90  64.044961642578713
16  91  70.695561247313947
18  67  151.64069688062767
20  98  69.064333577778967
2  14  17.974308413481609
4  25  85.282726582832723
6  45  130.10783214059938
8  80  72.446276734290663
10  74  117.16290215849496
12  54  149.94599724149242
14  92  82.913130601540729
16  77  114.13261197280849
18  88  108.81564521791519
20  89  77.396600135484604
2  32  34.159622770213069
4  34  76.04577717584786
6  44  73.184207686402715
8  79  99.721913379040387
10  60  90.125679619538914
12  66  153.29206598665846
14  100  54.344289742043934
16  82  115.80945746910412
18  91  101.83356286066497
20  82  115.39597992762275
2  19  44.389486623021078
4  20  60.110903823233897
6  76  85.611768500282011
8  66  149.2324522738617
10  89  67.507483679935987
12  71  139.35909849013001
14  54  118.41862521470797
16  77  130.26497306144779
18  48  256.45106887393638
20  60  191.89776940317739
2  9  39.000000000000028
4  65  77.063072115257668
6  72  109.88518120054614
8  55  125.06940299339448
10  72  88.571208562363907
12  66  163.17914113421375
14  75  116.21510542358193
16  64  198.80782158305794
18  77  100.7209540815433
20  77  152.94393358537727
2  84  76.21224193749363
4  54  81.679432083954197
6  73  82.414332516962872
8  82  81.492728704556683
10  80  93.582424706415821
12  51  144.86216902876839
14  91  98.725550656329077
16  83  113.81465131851685
18  72  143.03673918331165
20  83  107.41702731856306
2  66  52.946548475924139
4  81  76.424120484811922
6  13  57.032676853968333
8  67  82.612253643604333
10  59  178.50096759026914
12  66  173.40800249001566
14  82  133.9443117525457
16  51  128.7267775292234
18  97  75.137269670277817
20  47  248.83309935412279
2  25  54.320619332960412
4  36  54.259028355265926
6  61  105.21079502640575
8  50  146.44204063609828
10  92  87.602162191366233
12  63  138.76735292787188
14  51  163.76686898857241
16  64  166.87063354207035
18  41  241.94341415737449
20  92  82.43691771054965
2  33  54.608024965007417
4  12  27.627198902207525
6  45  85.261349078733303
8  43  162.40146231818338
10  72  87.897109325612931
12  89  114.9931499422032
14  84  130.88806256600387
16  84  116.80115358041085
18  76  119.22394364774037
20  82  111.81359827870703
2  37  89.530362798851897
4  55  116.51900757382035
6  8  112.98512112174805
8  52  128.95430978507488
10  76  114.92915951610509
12  66  87.084682593620116
14  82  97.775719682789429
16  57  159.330872014547
18  89  91.479879328032723
20  86  119.69422172719875
2  0  15.000000000000011
4  0  19.999999999999989
6  44  115.42163425749426
8  79  94.642569030449849
10  82  87.047874445155145
12  60  102.50070710076942
14  64  113.34517211189647
16  74  116.95791597209711
18  88  109.1964188478192
20  77  152.21318404514287
2  10  42.613349419523843
4  81  65.891243841367583
6  71  107.98399820007796
8  79  104.88778861487786
10  37  86.222399793439479
12  92  96.261615522288764
14  60  146.0970877558297
16  59  170.10619071013909
18  71  180.74097754433114
20  68  181.54607023367646
2  0  10.000000000000002
4  21  111.52028242445131
6  71  73.006087226691292
8  60  141.68603920083515
10  47  96.12001868497282
12  93  64.306765911473263
14  57  196.48897956916321
16  77  154.28930442311542
18  86  109.5367197940856
20  95  82.105888008075198
2  0  29.999999999999972
4  17  55.625793297249054
6  81  79.635540932427347
8  71  91.005512839804197
10  52  150.16801310337561
12  100  70.213173766743466
14  100  48.315085116935542
16  72  152.6196523672173
18  93  74.200800792532362
20  80  144.04532699586002
2  15  39.063325375612628
4  48  58.381285932646854
6  11  94.597580770833375
8  72  66.424684909342076
10  33  123.53234370801039
12  64  140.62666238339915
14  76  130.08034460560512
16  83  116.00703015910932
18  70  163.53383064928661
20  85  110.62034597206514
2  44  63.945713697332408
4  0  3.0000000000000009
6  30  89.071429033809068
8  52  125.04310011409143
10  36  91.502362612238855
12  37  195.10963045925888
14  66  163.11365185625061
16  75  143.6985506917527
18  87  102.58689343730343
20  76  147.748130926513
2  24  38.377091738679702
4  55  49.279348308791597
6  48  110.68438276020413
8  56  157.178983505465
10  76  126.14579654839683
12  40  149.8661316468023
14  92  101.9592235213735
16  76  124.943275733211
18  89  102.47693031876089
20  82  123.50369144191906
2  0  59.000000000000014
4  25  93.909796196716101
6  34  119.91303389053458
8  64  84.331598837148022
10  93  81.721460251259558
12  58  147.12350929715245
14  57  200.99518000456376
16  67  96.797544690334988
18  80  84.477600629484428
20  76  153.22304147107567
2  0  23.0
4  12  83.754733997793466
6  33  107.11013623720832
8  65  135.67166575383933
10  65  94.397785222608391
12  85  81.911349922622549
14  96  74.592911176181758
16  70  179.58310353221236
18  76  153.4061071891239
20  86  103.54864077943351
2  24  54.17189989292963
4  43  103.52856213610725
6  53  98.685217222774099
8  40  150.97927648124406
10  66  51.209152678649126
12  52  174.64791171725892
14  75  133.19083319439378
16  69  133.22494787548226
18  84  119.67348971822715
20  96  72.555495107358809
2  43  35.271386290774835
4  0  58.999999999999979
6  63  53.03777858388721
8  86  83.972235321775187
10  30  61.946213384001382
12  50  178.74001415921771
14  84  100.03287857180723
16  66  166.67325528974661
18  63  155.04526676555042
20  86  112.4236424836639
2  0  0.0
4  34  160.51491053205777
6  52  74.632738942075349
8  76  68.593211613045895
10  63  135.93285081409189
12  56  174.60982668128028
14  89  103.28986539099515
16  76  110.89320927369144
18  85  100.82420646966824
20  75  175.82288818178569
2  15  30.408734119291921
4  62  52.254569085874728
6  34  88.051966236258679
8  47  107.75142833505781
10  90  74.014349857330274
12  75  126.26863973942052
14  86  92.226285939534648
16  84  133.78227720209398
18  67  142.76910344363748
20  78  124.70363655680305
2  22  50.304862417999345
4  11  86.254987420066115
6  38  104.55900252271577
8  61  115.38124114974532
10  52  147.82129204871433
12  96  87.297936931883015
14  69  161.34765799380142
16  82  103.20017777497682
18  69  167.18955239884417
20  83  70.653538846882157
2  28  69.303779004278866
4  62  86.389777787288409
6  40  102.1881632424267
8  73  124.55016302107178
10  87  140.47164288731659
12  53  143.96987127450166
14  93  78.259441333828462
16  79  122.85141518522791
18  56  125.11718428972628
20  79  139.09217876578043
2  0  15.0
4  45  85.519023243696012
6  69  136.20342889199063
8  75  116.60106101787068
10  86  95.16179585090633
12  58  124.78925436474388
14  84  100.22393760204332
16  64  186.53912743514428
18  83  93.137517797447657
20  77  138.08474234175142
2  25  76.582470694726908
4  45  69.093975158936601
6  26  63.100105016638508
8  66  110.13105512145468
10  64  135.99209646430228
12  70  140.87292316216414
14  66  154.2485517249149
16  63  203.21440719446224
18  69  164.46187797150765
20  79  124.28656575339711
2  0  18.000000000000014
4  4  20.453521242465335
6  63  67.891766263935736
8  61  150.76292241519246
10  22  166.40979411530435
12  67  115.35913843304235
14  86  118.7490168491689
16  48  175.35742043578745
18  59  169.23810048725235
20  85  125.17513607600736
2  44  56.393401927369418
4  64  68.914147191313205
6  94  74.284349593426924
8  68  102.53715829023088
10  65  160.21307902257962
12  97  65.40285144242884
14  64  171.64503524343834
16  78  75.601130548155638
18  93  73.268212356653677
20  62  162.29526685424608
2  21  30.891063473672162
4  0  51.000000000000007
6  51  82.24471817963321
8  31  76.569182329284956
10  88  91.645258538118057
12  74  90.005167420263149
14  42  149.79902426780123
16  70  163.35201942104973
18  45  158.25990775924325
20  88  99.064974154263894
2  12  40.593958862975597
4  25  127.00440727903462
6  43  121.67109737520448
8  99  63.509034506074308
10  54  108.92177042051561
12  48  46.386847373818917
14  64  175.01439929358054
16  62  192.27084758991808
18  75  142.11593971629489
20  68  180.99084872359489
2  81  76.075438804023591
4  19  108.1474854941591
6  74  83.176055500090953
8  59  103.06298607041749
10  54  115.28110294812149
12  33  86.133279037333637
14  79  121.47651428195317
16  73  170.59026723756844
18  61  166.09395077435801
20  98  64.393556159136111
2  11  74.508800752882266
4  26  134.44305689764735
6  40  151.93893488960052
8  45  162.74888828832965
10  77  116.51527100843984
12  44  188.18332846022503
14  28  148.41601419569631
16  84  108.29903127537321
18  86  107.47328620989104
20  92  97.776072929780725
2  10  58.662234142435835
4  56  136.30727326595226
6  61  133.39444248973297
8  71  63.186688164818179
10  66  118.16642322959341
12  59  161.40630307722716
14  85  100.79892299901128
16  81  131.06471151811263
18  64  183.57025631016577
20  77  160.61224836558756
2  0  0.0
4  72  74.027548083158806
6  37  85.705056308122124
8  58  112.40279782552106
10  35  100.86460515788677
12  82  129.54005390183883
14  63  165.26153727700978
16  76  120.51255405645783
18  85  121.7115997455271
20  83  133.64190090745998
2  25  58.299309359450731
4  32  140.99327006673599
6  12  24.263900632946196
8  0  50.999999999999979
10  55  157.37604422208358
12  100  43.836603726272301
14  62  175.77946511455255
16  80  122.96573382442877
18  64  139.80418890116579
20  82  112.28423392391387
2  0  15.000000000000007
4  15  76.594355808937749
6  32  96.756915494211498
8  58  139.10087199064324
10  66  131.88137398296189
12  46  157.13952570816161
14  93  81.05851630974756
16  79  105.57983745924595
18  59  199.25371893403661
20  72  162.61927976276928
2  17  77.404364013205026
4  41  101.87073788610365
6  87  78.476914848946564
8  31  141.07810819825988
10  72  133.49710219543016
12  92  80.618033041918039
14  52  143.08292489010034
16  86  85.224649516483666
18  80  159.22008354238483
20  85  82.936262135977344
2  12  86.552203600055776
4  23  72.271078516044597
6  57  35.038180679703871
8  82  82.112576054524808
10  59  135.16246791535454
12  62  98.530993318689156
14  68  136.38507042788802
16  58  178.09076684674929
18  96  70.66221332724767
20  86  117.75979223446278
2  0  41.000000000000036
4  29  89.259961192951565
6  92  67.381113177540044
8  94  70.653267460762763
10  90  83.295379282278304
12  50  224.50600950181541
14  78  104.59506526579814
16  74  165.95643463996507
18  68  156.5218349389516
20  99  67.573585709867018
2  11  29.413291744214572
4  34  126.75888905062764
6  52  95.946584838775152
8  70  108.70481989371051
10  48  228.5900314567136
12  84  90.660342905066571
14  81  120.12818030724951
16  39  133.8494193898095
18  90  89.744667977774427
20  61  203.315236438358
2  62  50.04727863298578
4  61  92.360269466736938
6  57  114.82738864045999
8  31  121.33867760443906
10  97  54.926801565978344
12  79  115.61993609367555
14  88  98.18169365910417
16  98  54.425129116044815
18  86  115.3738197529655
20  67  151.10620928056747
2  0  31.000000000000025
4  38  91.31724635788153
6  22  70.565695323102616
8  52  174.37943568855601
10  32  73.668849543872938
12  55  174.46693553074778
14  74  147.40758032330925
16  70  143.595656391408
18  90  83.922033823632759
20  73  173.24449351420321
2  12  29.570200639309792
4  26  82.800977501571566
6  54  75.881765765070185
8  65  152.09550823445508
10  55  148.7183044608436
12  99  63.191208523483496
14  63  189.59440355691484
16  87  104.38649442206547
18  82  121.12475696960018
20  90  104.70030793668435
2  0  0.0
4  8  53.000000000000014
6  76  95.414248202757463
8  50  100.49277297790222
10  43  132.12315173047114
12  68  85.249896619746977
14  67  157.17577335552329
16  49  139.37375045197291
18  91  83.463971648853416
20  85  103.93388881624176
2  0  9.999999999999984
4  52  50.906789024332745
6  33  70.544629821502596
8  84  74.018530965265739
10  49  94.540178623990627
12  100  59.066999182643535
14  46  189.01080402930685
16  57  180.20640419877927
18  84  118.35425812101596
20  89  113.61597838258719
2  27  53.462094758037168
4  36  133.60232658018248
6  39  57.110102993720822
8  20  191.09448771685328
10  80  97.377273900577563
12  85  106.60053571267326
14  66  154.64706345960653
16  81  85.003262992781075
18  57  179.01108810788747
20  94  55.298770077910881
2  14  82.989830879393622
4  32  77.569269145673999
6  33  88.339550587336845
8  69  91.216165995428298
10  70  121.6674709554338
12  74  113.30588087457704
14  62  99.888700733864425
16  99  59.231837473733464
18  64  176.17507394041263
20  86  115.60229835941965
