1  72.0  285.92499728654604
2  92.0  268.18290335319057
3  93.333333333333329  332.58424397682131
4  91.0  505.62297443307102
5  91.0  534.6108530793274
6  81.333333333333329  821.30345409878055
7  90.0  685.26281279284399
8  88.0  807.27766195266122
9  86.111111111111114  944.93862013173293
10  83.799999999999997  997.20235922802419
1  83.0  188.37985649374357
2  79.0  451.39191259210776
3  86.666666666666671  440.20361178417733
4  84.5  605.87753395442348
5  86.0  693.0614453912541
6  87.0  727.19602795429694
7  86.571428571428569  859.05871254876331
8  85.0  963.83368625849823
9  87.111111111111114  869.21751842122194
10  84.200000000000003  1124.9498109477038
