1  87.0  296.71798921321312
2  81.0  458.19392346553371
3  86.0  420.87189224851238
4  82.0  501.74496225757923
5  83.333333333333329  477.40942097686622
6  76.0  577.84532346646859
1  90.666666666666671  262.64201999902298
2  88.666666666666671  364.67560566628066
3  86.666666666666671  331.87417012344406
4  82.666666666666671  444.0168755731496
5  73.666666666666671  566.70902228996215
6  88.333333333333329  358.27456559272014
1  85.333333333333329  427.70277100861745
2  88.0  329.536700852715
3  89.333333333333329  282.84044579041614
4  84.333333333333329  360.83938133148968
5  81.333333333333329  539.44791486954477
6  74.666666666666671  573.41352605076975
1  87.0  367.23801189332391
2  88.0  347.00075078305383
3  77.666666666666671  571.83915358678871
4  80.666666666666671  500.92799574028481
5  76.0  460.81776460869628
6  78.0  518.70989817840029
1  85.0  221.66168971660207
2  80.0  306.91072248276862
3  84.333333333333329  460.61295929420004
4  85.0  380.17681423499323
5  84.666666666666671  517.50105517631926
6  80.666666666666671  425.62990166758755
1  90.333333333333329  324.42576830053122
2  86.0  358.15169680692935
3  82.0  463.51251998542767
4  81.0  294.79847807037822
5  74.0  560.75056258591553
6  81.0  532.66520813582486
1  89.666666666666671  449.90032720028768
2  77.333333333333329  751.10798590072022
3  88.666666666666671  350.51372765645556
4  81.0  479.8615736148717
5  73.666666666666671  603.99959429569992
6  80.0  559.03499864596472
1  86.666666666666671  358.09199385035174
2  78.666666666666671  532.26187620976862
3  83.666666666666671  460.46360889797512
4  84.666666666666671  361.51009111141377
5  77.0  562.35827396955642
6  81.333333333333329  565.57831634797412
1  84.333333333333329  419.00032510576557
2  86.0  403.92804271604439
3  85.0  455.63511401272262
4  82.666666666666671  418.58853588576392
5  74.333333333333329  609.45410458879974
6  83.0  484.91137568732216
1  88.0  369.3036429252702
2  83.0  623.18867488053286
3  69.0  580.4982961136883
4  73.333333333333329  510.00733080155709
5  77.333333333333329  620.32148214838742
6  76.0  507.00625140650982
