2  29.333333333333332  95.952737050949366
4  58.333333333333336  220.50321583278077
6  72.333333333333329  241.98594145394901
8  53.666666666666664  409.62679414012263
10  60.0  328.20852238394872
12  62.666666666666664  407.2486213750351
14  70.666666666666671  459.16818722782705
16  85.0  377.67697891839975
18  83.333333333333329  330.11388428232698
20  84.333333333333329  444.47635390379128
2  46.666666666666664  175.67886773960737
4  43.666666666666664  246.28252076484634
6  40.666666666666664  284.76431743100807
8  70.333333333333329  368.51735921354611
10  74.666666666666671  364.87818130770728
12  78.666666666666671  329.4583976466588
14  75.333333333333329  331.6155185106677
16  87.666666666666671  340.77689762399729
18  70.0  541.91783232534556
20  93.333333333333329  211.83979485491093
