1  56.0  177.74753840369789
2  57.0  363.64548212886967
3  55.0  427.24967194468542
4  63.5  383.69217250072853
5  59.600000000000001  290.06312483637686
6  53.166666666666664  458.24451654439468
1  36.0  372.54213965091947
2  66.5  183.1718051881488
3  67.0  272.66236335914078
4  68.25  358.38760930998677
5  43.0  392.214729102864
6  51.5  532.85840863558121
1  40.0  174.8312683571186
2  39.5  315.3020998831696
3  74.333333333333329  252.27239708834293
4  39.25  350.85611801061663
5  54.0  477.42698621271205
6  43.666666666666664  479.81979740886965
1  61.0  102.24924224223923
2  65.5  293.50071049077735
3  53.666666666666664  409.68448508545265
4  60.75  334.77790722578993
5  63.600000000000001  459.82733824512684
6  41.5  483.52803226008933
1  57.0  298.55112833321118
2  63.5  316.20655607304269
3  69.0  317.55179405899588
4  53.0  348.39692351662069
5  55.399999999999999  490.52320116554574
6  62.666666666666664  342.19852920488779
1  65.0  207.17591612049287
2  65.5  223.37157939859549
3  47.666666666666664  345.08453770708331
4  61.0  358.93093220386118
5  57.0  270.46003652511052
6  59.5  448.70259320863732
1  75.0  122.46467655761155
2  55.5  396.81107119906045
3  69.666666666666671  314.42279423916256
4  52.25  448.71443869102131
5  65.0  299.5392334287655
6  63.5  390.92477185975901
1  65.0  255.44154427569643
2  55.0  246.99430673100593
3  64.0  388.84427638402821
4  52.75  448.6428235128617
5  67.799999999999997  367.89801023585227
6  56.5  340.05685065935376
1  39.0  196.89641620395355
2  58.0  321.36713866936759
3  57.0  333.41985430107093
4  67.75  443.80698974785946
5  64.799999999999997  498.44099854957329
6  63.333333333333336  384.85615575295924
1  81.0  102.24969065309163
2  46.0  361.71955392793694
3  69.0  281.59953824686488
4  58.25  436.22192411407605
5  62.399999999999999  421.52072973055317
6  70.5  424.21578922082836
