2  23  103.35512277098267
4  7  240.86838498014299
6  52  108.47232211551176
8  66  103.38507927276967
10  72  61.71043993248125
12  69  83.926065786836944
14  64  118.37905620653537
16  74  157.30369319300721
18  25  274.63391545246816
20  68  27.47797559126392
2  11  161.29247534573247
4  14  239.31568781111284
6  30  226.86490233511304
8  42  35.35812398303586
10  72  147.57326733902306
12  53  202.9374789323827
14  76  199.73865193043054
16  52  109.2677897659332
18  27  580.40611122775522
20  57  157.51527889359892
2  16  125.75755836660939
4  14  193.63092246564307
6  40  173.16119328801165
8  21  164.90133524644912
10  66  142.64588585944787
12  40  518.78376888992614
14  61  95.744464589268944
16  65  108.02144391344272
18  58  174.42579573207976
20  62  110.25583137456039
2  0  82.089588354470919
4  43  126.56707827465512
6  44  116.49646113363012
8  49  282.19561135371208
10  52  223.71168807491924
12  56  69.987513275417399
14  50  373.71777658215012
16  50  100.33862809240966
18  65  228.60635362531877
20  52  657.31335040397653
2  17  136.47658717106771
4  1  22.999999999999989
6  26  387.61572431470768
8  20  507.5243843382226
10  34  325.90819303891334
12  65  136.54178398092438
14  59  140.38656375075939
16  54  186.24876497431433
18  84  132.58456576433827
20  55  141.54638089920766
2  3  169.74211563245052
4  35  111.63747656930364
6  49  123.57142630228735
8  54  196.83582913179319
10  54  317.97941541149544
12  55  78.622387745944948
14  53  60.404905420280464
16  69  118.65305258371203
18  40  227.27793545189286
20  17  628.72642922283592
2  7  132.32511375695623
4  24  152.91680985311891
6  48  223.39030929344921
8  13  520.76169259687799
10  36  150.70467387951385
12  64  123.48855163542497
14  17  105.98128121976895
16  72  241.25457724996141
18  70  175.74798628830928
20  60  197.05648811611002
2  32  36.295725140534159
4  34  112.81560820152653
6  48  279.62803726881049
8  14  298.24241729660434
10  49  142.33658816538031
12  56  170.48402276902331
14  71  92.075882513161247
16  54  332.78686838180522
18  64  196.46415320902295
20  65  279.35203199266908
2  40  115.69333946010254
4  34  121.96242265135301
6  44  111.30545455614562
8  37  289.45832821475568
10  67  104.53657724876298
12  60  52.178327165366099
14  60  121.28246089195109
16  73  57.806172549780328
18  72  25.199322982481419
20  67  293.7117509035304
2  1  56.710681509527994
4  58  39.822695381691823
6  42  137.95364705155902
8  32  157.51534143076293
10  36  370.32935058218095
12  47  265.70777227410019
14  51  382.58774164251957
16  42  440.40337142628545
18  73  399.36495860202695
20  72  62.764548105669569
2  19  135.65301420136879
4  60  83.664571122427432
6  33  134.31422353785845
8  46  188.39630899362948
10  61  211.21646375879837
12  31  495.5353471216489
14  48  356.71616547188614
16  54  320.08825366795929
18  74  173.7912861030527
20  64  198.46646607992213
2  46  76.416729819837443
4  0  251.17425004305781
6  33  251.96265773539417
8  32  180.83962665007508
10  44  336.34381436931727
12  48  299.66456698239091
14  57  187.24581000610428
16  26  515.03873856912958
18  69  210.88032716920395
20  89  78.536606660711357
2  6  113.85034950848744
4  15  262.84127180077888
6  22  82.379423261924728
8  53  169.17751329406263
10  43  278.75453337101993
12  55  14.558512077228961
14  58  81.9365540830334
16  37  249.05310212727508
18  70  312.414079580134
20  68  62.607364928302594
2  25  133.66372853898483
4  14  172.13794659245929
6  36  229.19994967753058
8  35  199.10965430047037
10  43  136.79986437408681
12  52  247.66265426976901
14  64  534.88545503843022
16  38  290.23667655908071
18  51  357.94189730889678
20  25  537.85142053663435
2  17  139.14299896492912
4  47  116.57979705099892
6  57  133.17529898649403
8  35  182.86615472473821
10  56  184.38028076754702
12  78  183.80018335068186
14  62  207.84376394435432
16  60  266.41845111728725
18  87  133.02031839775853
20  58  50.190239387081199
2  14  70.410121533434662
4  18  148.26166071624314
6  17  175.40791674387256
8  79  71.612660869537478
10  37  226.47238808736435
12  41  55.995852213052331
14  45  401.8462196416541
16  69  92.711583744714972
18  85  66.761006760046399
20  62  427.53644021470473
2  38  126.59134481643757
4  20  166.92018945110078
6  38  120.16571238317599
8  39  171.43580727057162
10  40  166.12612052150436
12  44  205.3142682891766
14  73  65.972599513783351
16  42  529.20428582654995
18  56  73.339621255497889
20  55  134.21634213760547
2  18  72.243603609878477
4  25  111.34256345807196
6  67  127.41940850951723
8  68  90.337326726319645
10  64  103.49141829431899
12  29  418.32031288582692
14  51  229.50766038310286
16  44  408.79287491412839
18  57  181.81224688863102
20  76  213.29517765932439
2  32  111.65037045735824
4  23  104.00925221191841
6  39  87.904815355476373
8  62  84.554483446596876
10  61  252.53518933955823
12  52  123.48816130453774
14  58  62.535642103224546
16  28  560.4068629054143
18  58  106.75270654625825
20  70  31.862615460206207
2  21  80.69471673078553
4  15  123.85751426510845
6  61  99.11633079645209
8  40  333.50292506235417
10  56  147.99952045173993
12  53  290.17862921377503
14  15  195.60829195045119
16  53  488.16601075805301
18  84  163.48756708842305
20  35  205.91183851183632
2  18  123.73403335165413
4  35  184.57153889224315
6  53  221.422951100657
8  75  122.509085976237
10  44  110.8356186464095
12  57  205.83979023074366
14  9  507.36596608521154
16  74  132.70819553473959
18  73  200.29430753818423
20  56  162.67549167567151
2  21  162.85152524283805
4  12  163.95379587438336
6  23  197.11531032669899
8  47  213.74909948591011
10  38  84.89544250322605
12  83  81.683936270595126
14  72  238.0174577551557
16  42  326.75725591929722
18  54  85.862416470256164
20  60  311.0921189763007
2  42  57.982218566348017
4  75  79.376912148104779
6  34  102.61618098577743
8  59  132.75695880294495
10  59  129.40158438325318
12  52  354.61837596245533
14  58  118.89864582589861
16  58  166.79068350460574
18  75  139.49509572496058
20  70  193.95652831519794
2  0  101.0
4  5  181.56426167290027
6  32  150.02626639140604
8  26  380.39323136163722
10  55  123.28466983385577
12  49  261.85139865254848
14  30  120.46549717730355
16  49  748.64237410858277
18  51  360.10976831414627
20  45  538.83393070178477
2  29  138.41827571073784
4  36  112.18168751718449
6  46  253.00343659060792
8  49  282.51120809050605
10  46  294.07229072040445
12  49  274.2641106693377
14  71  75.663370664031547
16  72  206.56902571262168
18  77  120.57117859830886
20  77  157.02507588941018
2  21  76.042080116776319
4  24  88.650363979701055
6  47  125.57794000936177
8  32  110.37460933012487
10  61  78.17291208820285
12  25  525.64083804024153
14  68  174.21053283046933
16  58  249.24629644187348
18  76  168.20180137026
20  47  437.79105404248833
2  44  43.842191680209162
4  54  127.99419436519672
6  36  175.48645730734987
8  50  230.49997380692901
10  41  190.17829155739082
12  49  78.584550351998686
14  43  149.59379725308239
16  60  287.19942694847026
18  73  69.294746039904553
20  53  334.30153910282638
2  2  190.62957109565519
4  33  149.39018548501539
6  77  78.484118350800827
8  38  275.87946300578528
10  60  166.64746070383941
12  33  516.83789446298124
14  67  196.58336765722706
16  62  130.13964931940154
18  45  419.87307319694065
20  73  88.693342599130503
2  4  165.24945568175758
4  28  74.294670765280145
6  40  115.26593310368359
8  41  153.03030273966382
10  43  190.11236542384228
12  25  359.65040237707876
14  67  228.13794647428855
16  39  330.48439333126669
18  56  243.82611703377665
20  74  264.63031626960498
2  39  66.895660801553319
4  11  177.16316059282624
6  63  174.65167487864375
8  46  318.18823431755936
10  62  161.96473594387328
12  80  94.62000906928948
14  56  431.79847440687035
16  64  113.80899116600769
18  55  128.64729439216956
20  52  203.38634638023095
2  9  54.126545979578786
4  29  80.034809326020664
6  17  163.83656313165682
8  34  86.671774668837941
10  54  281.01344279194512
12  68  31.637829635121495
14  60  10.302050902828642
16  54  194.35465824883192
18  71  37.542865823645066
20  35  232.10908787093467
2  4  88.612872948210565
4  53  98.920415373611178
6  6  307.12504524212591
8  39  236.12667995537197
10  48  167.7567338162462
12  73  133.51009566420973
14  72  210.66922618838939
16  31  312.24426340888328
18  84  36.408502195613828
20  71  209.59508449452079
2  29  118.89258676611378
4  69  86.182509162734988
6  15  337.09145027879327
8  39  258.82422246630563
10  44  221.63241523927266
12  59  75.204892042491508
14  60  180.52887767127774
16  53  165.53619671515398
18  25  103.55161913291046
20  92  51.277228404615926
2  41  57.443634267207173
4  25  207.24611995496412
6  41  134.0958884919329
8  70  138.74729695248976
10  52  209.42674957582261
12  62  190.69672184630721
14  66  120.49607613624164
16  67  71.420281847657634
18  49  191.95124952941245
20  33  597.54462581698442
2  0  100.09161922872214
4  61  56.437150881082239
6  63  81.66406364960396
8  55  40.576455117185183
10  42  338.37880300533504
12  68  124.34012150555299
14  46  264.14685858232269
16  44  325.81906192141707
18  40  471.23589268195173
20  67  183.97059314237706
2  14  102.98287040485685
4  34  80.459497385433423
6  30  63.932425087086614
8  36  325.11185762831042
10  36  333.30606225946713
12  47  582.41607927832297
14  71  189.30447385858403
16  68  93.849558399575315
18  59  61.708135009209478
20  34  212.83555766029247
2  44  60.062839322019983
4  38  67.605064911043911
6  37  257.4941421489458
8  66  120.14568558698376
10  57  136.7111483112042
12  30  126.35202158279752
14  67  101.87899726156459
16  27  472.50295332392102
18  55  179.93981738832048
20  13  732.2421853439555
2  17  113.51449050305486
4  0  85.708787840143984
6  29  106.47874617637268
8  22  309.1566529460527
10  69  47.974894778775912
12  49  185.67176527840897
14  58  305.0057233328231
16  52  193.47639781454561
18  42  523.96306310685156
20  42  257.63848387966817
2  23  70.031026627839893
4  13  144.72609245320237
6  32  163.09641903704181
8  34  101.9797871590462
10  31  41.895076542318769
12  63  226.78767169959244
14  55  55.342538710730388
16  8  520.7647152896966
18  61  142.90018145496367
20  79  211.08657819136565
2  37  102.95565602644442
4  24  207.96086396770215
6  41  213.42555203429558
8  68  113.68451813424284
10  9  259.04149534209728
12  47  136.48621425611017
14  63  199.45901591040953
16  41  126.63476813050141
18  31  274.78755960455891
20  64  156.74405973279192
2  0  143.26412185435024
4  6  187.53061522211343
6  0  362.08821727367121
8  38  137.8589227811002
10  31  158.44728233045342
12  38  182.88348220738655
14  66  134.99665881961207
16  40  320.32056367383802
18  68  0.0
20  35  331.96460746040231
2  0  0.0
4  22  152.61715053489638
6  14  302.23159846914211
8  34  99.757477670920139
10  50  141.12912654848671
12  60  72.346885075418726
14  82  119.04359158472838
16  56  170.33531605982853
18  72  83.983799221394619
20  57  217.43899889390752
2  55  97.949674206600719
4  25  191.59052406869998
6  40  242.71530796259128
8  31  136.83185928232879
10  51  215.02575792383226
12  61  156.10930477622921
14  56  140.15777350662478
16  12  643.54709912669625
18  76  74.901603739317167
20  74  93.046888419118545
2  0  0.0
4  48  101.7869916000612
6  26  108.22738697433277
8  23  225.71455524637838
10  65  53.384754778553628
12  41  435.02240666647288
14  50  363.69768037631917
16  61  21.718005956088447
18  66  180.79140746539659
20  69  70.171944510109412
2  0  25.999999999999975
4  31  122.64200018515142
6  27  172.52989692257194
8  25  118.04652970236975
10  79  119.52324313658154
12  55  213.70143836602003
14  30  652.84334854165581
16  61  114.10332201337792
18  82  58.577296292988756
20  63  226.21605073226405
2  5  83.895223620503415
4  27  229.84504513877337
6  37  139.20444504669604
8  53  169.17794095194932
10  48  145.41919865364136
12  26  381.85410240634866
14  68  123.60322169455316
16  55  54.284171771260205
18  35  51.621867381131651
20  86  24.81938791209862
2  44  86.347086825127079
4  41  150.19789340860459
6  13  178.73253064574939
8  40  113.26775700364144
10  58  241.94621190397748
12  54  41.776579037438232
14  51  66.303364658559687
16  83  100.37826522236938
18  32  130.6917778300168
20  68  87.76009626929212
2  26  57.637262220463356
4  46  71.83550719648548
6  33  101.13035664467991
8  44  121.84681969147532
10  32  303.56597624318061
12  31  177.53432447852072
14  43  117.17480157365017
16  48  202.29435786987148
18  56  325.15286614161477
20  47  175.93533064708694
2  26  107.43485425065776
4  20  203.10022281810149
6  60  122.71744770640274
8  43  443.53409757359782
10  55  91.926510296233872
12  60  257.24231553384345
14  52  404.73934543803813
16  67  213.37004817519059
18  59  333.9070859443986
20  61  130.00535380221024
2  20  45.967261825510036
4  29  153.36693512935781
6  70  120.66058966294436
8  20  360.77240936642102
10  14  304.51564107579759
12  42  121.27999091940904
14  48  70.077808115689095
16  79  167.92138945717991
18  73  254.60576839239116
20  48  156.44719272391356
2  47  83.473931488389084
4  20  138.72394095204058
6  14  152.04558055785478
8  30  105.36068993947583
10  46  213.93278417539912
12  47  242.18677460558757
14  63  212.3823956914768
16  73  118.51227444950386
18  48  357.93278751581653
20  79  133.03969053053453
2  19  78.513169541900496
4  39  105.26019862049355
6  45  155.44587498039348
8  23  184.48759773015621
10  63  9.6423370669270998
12  20  499.76559685176801
14  63  185.46643995300929
16  42  32.391050188015392
18  60  61.111623000807008
20  38  448.02927235728487
2  8  81.750582103396695
4  0  254.45059538125577
6  44  77.410526749888859
8  45  286.37067673488559
10  52  78.596393178993267
12  33  437.59239795683158
14  62  128.75211062448261
16  74  166.73188286642679
18  65  257.55348286950294
20  67  95.693201867079381
2  8  97.925147709225229
4  33  129.5267031572867
6  56  200.28412389997885
8  51  298.34759407121976
10  27  336.62199035102429
12  74  158.87830217824703
14  42  468.05797264487001
16  28  297.49512026944649
18  67  104.72097201798685
20  56  246.84334496692333
2  0  0.0
4  42  110.4703643551819
6  44  139.76340742968389
8  50  158.72592132609182
10  53  167.39700909398155
12  47  237.33107379340348
14  82  159.4241285668067
16  68  222.03309393330557
18  96  19.290289108752702
20  76  167.35086847928903
2  11  159.92915449750544
4  22  226.32374726054042
6  28  236.1995283634337
8  31  364.37172217927156
10  47  80.107442098591079
12  62  214.96915612224342
14  78  143.05678121633463
16  75  220.77209109059919
18  29  104.92805334815031
20  88  116.85370329823195
2  22  99.414645751463866
4  33  186.31454818829403
6  31  119.60997462633816
8  36  172.03494187412596
10  54  74.618315780697486
12  63  161.27794211327262
14  68  288.90143442020815
16  54  145.67738283610291
18  71  173.56778935002203
20  59  604.91142773768104
2  2  136.30704884671104
4  17  179.87999188838398
6  24  368.64570185323834
8  13  316.589143904168
10  39  293.71550602239159
12  39  294.55593139306529
14  73  117.09325915054349
16  62  245.49814452173047
18  63  185.05010933758464
20  32  231.49781492795711
2  26  81.524137188332716
4  30  155.44958772676426
6  33  183.04537288736989
8  32  229.09944661768768
10  55  308.07635485743833
12  28  377.4722125712085
14  32  318.46782244286311
16  75  101.54666991752457
18  61  119.63877087517542
20  50  176.69569051794963
2  23  134.76181804785836
4  63  45.258453730930967
6  48  136.03926512861818
8  40  202.85474931210194
10  52  106.23409709972549
12  52  293.73156614933754
14  44  99.010567673746493
16  53  289.3912779322651
18  62  498.34497854773429
20  72  143.10465685173506
2  7  172.11795835066471
4  25  167.95781337166434
6  62  63.574627530227438
8  18  323.61979007969416
10  75  92.128565789799083
12  18  636.33000723810289
14  41  506.98234495481819
16  56  470.56619156442844
18  57  479.20989404634446
20  39  461.25914755211608
2  13  72.661810261526213
4  31  49.760275324873703
6  39  204.42463923544639
8  41  292.85538127222338
10  43  366.00827545487562
12  46  160.82208800109996
14  75  102.63578740454149
16  75  35.001540993054469
18  63  299.0188009934796
20  72  7.6078260257358314
2  29  60.963453936435371
4  31  138.26509506457089
6  14  265.49999311506093
8  59  163.9834316159853
10  19  570.80936466488492
12  18  286.03155569928134
14  72  262.2867186306616
16  72  106.01961291275435
18  71  90.385282102127462
20  44  287.49619526190321
2  14  58.436753096444434
4  44  178.05990325786487
6  41  207.02944061246797
8  37  87.52583266413717
10  58  374.47795001942768
12  54  321.12667114022162
14  37  532.20848133055529
16  66  123.5658021825793
18  60  101.23695585941449
20  44  228.64025348474229
2  22  125.65412911896838
4  27  246.79249244823416
6  59  52.247990501600988
8  70  112.99530800289547
10  20  485.51791648989786
12  43  197.07651333726824
14  43  252.39758527960416
16  87  74.088644154745992
18  77  100.19164449550209
20  48  111.3763539301263
2  0  122.15536309627075
4  24  143.24745154570306
6  54  105.49182366517985
8  39  161.56130114428285
10  59  86.327089044796764
12  46  156.1469529034126
14  54  289.19305168097492
16  45  73.623542094573068
18  35  545.19816624663179
20  29  490.04020319075494
2  19  123.07245573567987
4  69  56.580135660545878
6  29  92.523599537016452
8  40  276.15728902500553
10  44  146.86456270165453
12  68  213.74651593539105
14  71  123.86691951992141
16  61  113.95671778099705
18  75  112.37841539266027
20  58  352.91255517150159
2  36  94.087974437362149
4  24  118.69735958455036
6  48  151.56932872057752
8  73  104.31203431780564
10  61  72.993070783779984
12  48  146.13988035399328
14  73  33.889616790003167
16  64  291.00798380052271
18  64  391.01403254418818
20  47  120.24340874687964
2  9  100.61120586176499
4  35  243.8233235260625
6  59  92.146947667146193
8  21  183.70402857635719
10  34  233.65075974875154
12  47  107.18624159746975
14  61  171.70914773688418
16  29  335.91913997091382
18  78  63.498420789782209
20  53  270.17469782211805
2  9  172.84254260387453
4  47  64.790313290341416
6  18  82.896279963965398
8  32  302.83677588590439
10  48  306.98627818873786
12  26  707.09920447870832
14  55  392.34445843182937
16  69  233.38470226929979
18  69  145.95428661467562
20  50  495.23076494086649
2  14  46.995913627854605
4  8  330.94847105840938
6  3  306.34024502579933
8  66  83.473211070847711
10  27  357.03168952961192
12  46  63.648205147674147
14  37  540.73550998183168
16  60  297.10557508010874
18  66  67.827503795228324
20  71  151.16270329294133
2  8  118.52055064980085
4  31  235.14599866573195
6  23  147.62630592152038
8  46  213.3026022632975
10  27  146.8528477310854
12  13  470.64329374902678
14  37  289.84084633205299
16  44  359.41792191073745
18  51  148.79262500772373
20  46  325.18860125986021
2  24  65.5442348056974
4  48  59.61125867878301
6  30  122.63304746055003
8  22  227.07438687073443
10  50  129.05445387786853
12  36  172.56568239967285
14  61  141.82096707680876
16  49  290.8513430888446
18  41  670.06946582849184
20  69  193.28164035718717
2  0  9.0000000000000018
4  10  224.08294327460302
6  20  27.064061158512615
8  24  228.78164440600753
10  60  126.86409918574161
12  47  130.94099498183439
14  51  107.47232700377356
16  33  513.31359691163652
18  50  340.27933405651305
20  71  103.22933433622147
2  0  82.999999999999972
4  11  337.33531289144463
6  48  133.15976142729068
8  38  351.42023477446082
10  37  42.161825230269791
12  38  590.54627448927829
14  43  296.02931137522251
16  58  191.55382312002948
18  44  291.10197207524789
20  49  322.8266270034942
2  34  42.900648178726208
4  39  146.04453022471688
6  46  27.206636510711231
8  17  173.01026950337601
10  58  110.04262332283047
12  48  253.70758205063098
14  59  78.280713962365411
16  40  270.04043500820103
18  61  344.49656576215733
20  74  133.10372057824833
2  38  105.92928528614461
4  16  163.69723318346394
6  38  119.49409965657811
8  50  57.285879547512614
10  46  191.47448627316402
12  57  315.92900512000125
14  35  195.29897877041202
16  70  328.8981703838835
18  71  91.564820819007934
20  66  149.82320640285639
2  0  65.859337157911028
4  43  133.56137283160396
6  49  152.1503871902168
8  55  131.60783263374481
10  55  121.33403590555632
12  62  19.230477101487065
14  37  178.00190536901079
16  38  166.31044410705283
18  80  71.331155101256442
20  94  38.733751752075293
2  26  123.54850769735026
4  34  197.53181911188287
6  41  174.57205616121681
8  52  178.27193923345854
10  28  380.25061597916005
12  51  84.011912001229888
14  45  253.0273915280537
16  29  297.94542445801073
18  45  94.165394387286838
20  60  264.84048077737896
2  27  103.90798719616313
4  42  202.78145404061047
6  5  481.45943867543349
8  28  355.6919131308311
10  30  267.04571484611603
12  63  130.27097704953431
14  67  148.89936696025205
16  54  314.03397434021218
18  69  423.23098597691177
20  48  330.89335609710253
2  13  123.75165178424298
4  42  119.65832616349641
6  44  140.03741469047353
8  30  332.04041476576145
10  25  520.0516844563632
12  45  176.67250520032863
14  68  30.367594627040443
16  47  156.57997849009544
18  51  272.24793500567716
20  58  451.89529618005054
2  40  62.899058101820124
4  10  334.6446828887955
6  19  258.14928712607718
8  32  149.68296661721493
10  67  85.864196893157384
12  53  228.9355097797546
14  50  321.0839537430117
16  52  342.39916670961838
18  42  323.85470091198448
20  67  305.59082695293972
2  15  106.09089117207553
4  19  73.279214363365838
6  40  149.51415022362855
8  53  222.31050485069329
10  52  167.58341744592863
12  64  29.399832551283311
14  67  170.10710096666563
16  78  126.66957414273814
18  53  96.710880507420811
20  41  471.86213797198229
2  31  57.268066650498099
4  45  137.86771721603125
6  33  267.59713944003539
8  15  392.58127921569866
10  62  109.19405084719232
12  54  326.5485904821528
14  69  188.31096063716231
16  52  427.43711079065361
18  57  337.99507756829149
20  65  471.44233921458016
2  46  76.203849169606031
4  64  79.814099371555642
6  32  134.36550945807841
8  31  165.35574277968138
10  50  22.06441094111586
12  58  201.93482799400562
14  56  55.486608108983567
16  62  327.87284411863493
18  60  361.84974561946223
20  50  226.69280728099665
2  49  88.934690738611636
4  28  71.37012754308428
6  4  194.83351085809235
8  76  79.275955513542314
10  50  233.0323891850021
12  60  299.60161607962885
14  55  375.30305634389293
16  33  563.67364269728114
18  55  127.08497885116336
20  65  223.31736354046589
2  9  107.96740203992246
4  26  136.56346514288595
6  37  89.256994802869656
8  44  117.66871298975637
10  46  184.04746762079847
12  81  101.01395756646687
14  63  107.33481675893692
16  63  202.34025030714406
18  54  259.66056848257256
20  61  20.190657280178453
2  14  55.440683924127775
4  28  223.90166366262994
6  40  84.438668586437785
8  8  317.03145623026484
10  28  36.8530123394725
12  77  101.02445585767897
14  28  531.77267582426646
16  49  308.22054649126
18  73  43.843725452132972
20  87  47.69249669906781
2  31  46.624169522181781
4  49  112.57751806675691
6  40  122.64111291331432
8  54  105.75713410835472
10  62  91.694672484466579
12  65  157.71436911413045
14  54  305.03865896460331
16  70  315.17866251688798
18  56  354.25083928681153
20  73  119.26704389188863
2  32  89.667443133635359
4  44  66.633856580323723
6  25  74.89802166638691
8  19  435.43618152288667
10  82  58.873825098879053
12  60  118.86553726618146
14  34  392.26923823662554
16  51  121.85062040774974
18  85  60.578245629386544
20  40  111.2528729362829
2  0  94.567834655914652
4  9  117.950385833501
6  25  244.54152333839332
8  62  93.16510387025663
10  15  340.8757072627381
12  37  407.79876180603566
14  44  123.26489742833948
16  50  348.72506155850982
18  31  135.30009490894503
20  44  284.82644396760423
2  0  99.999999999999915
4  59  113.80581985648567
6  47  153.54008483358811
8  39  118.52972352905689
10  77  128.81567802386743
12  16  537.3322830346732
14  35  157.76425348614188
16  61  188.33057543837737
18  68  1.0888102762979741
20  61  28.684865153171028
2  3  82.225341904541125
4  20  211.11852132296497
6  25  342.88963641161575
8  24  414.68588702637572
10  30  402.29596423619728
12  60  231.89563857410681
14  71  50.073689149243208
16  87  27.290480629725327
18  13  682.90325691619501
20  67  218.28772968232857
2  14  91.484851970908451
4  13  94.738763860356357
6  30  187.94295170149823
8  68  52.83897998943943
10  29  374.86873277192592
12  80  87.221494709576831
14  36  441.72401931899151
16  76  19.041989272836439
18  73  92.282622408436367
20  75  56.52358099756912
2  41  56.034184854618857
4  17  71.706004682922952
6  80  65.046935122511726
8  19  348.69050207551408
10  50  294.41695618700351
12  53  263.56507824884119
14  47  274.02229460995403
16  42  483.45563616972618
18  66  85.367542921916396
20  58  141.9530476483956
2  0  89.041642937596535
4  7  91.098808722860412
6  45  240.71234058475903
8  39  213.18170236840567
10  42  449.63645642446659
12  33  565.66664639732983
14  42  211.50632300507922
16  63  188.36374031613059
18  65  303.83122367931992
20  73  310.65201044560308
2  20  126.68855584132422
4  38  161.10370824744308
6  43  90.861447692833451
8  75  130.93423843169245
10  55  233.44255255080645
12  85  74.218648112822848
14  56  124.99695060898587
16  49  500.73452321305439
18  63  163.48823769845706
20  78  108.83366342927384
2  0  0.0
4  18  189.7420847811637
6  30  154.06089095400867
8  44  402.13491267393334
10  58  59.589492442721102
12  55  45.152718250223678
14  74  125.39994990155085
16  49  331.31847588819545
18  77  105.26683704456056
20  44  171.96331351983531
2  5  101.03055683655694
4  36  78.839759561998306
6  7  221.02191852871118
8  45  321.62051996991852
10  46  285.73333759621914
12  40  254.57442206291367
14  37  510.13372201378155
16  67  84.229397336325675
18  63  160.58428331744906
20  64  47.009948581256594
2  4  161.46246555755596
4  42  126.5451591913569
6  46  133.91900452067733
8  18  359.51540835025895
10  77  88.909785048806384
12  45  433.10346122505922
14  26  45.200276180603375
16  69  69.325417032965333
18  68  147.54273110653452
20  69  219.16549317867211
