6  88  79.891387144522398
7  47  185.15718648548338
8  45  161.49007067686642
9  50  281.84935862446002
10  96  98.303678139149213
11  64  192.60336525708445
12  75  197.23583563321284
13  90  91.199705287930328
14  89  116.438739823647
15  88  135.22762295683125
6  40  170.34381621757518
7  72  131.24389948455874
8  60  162.48341977480391
9  82  108.62844465026345
10  60  201.36812258671671
11  57  274.34558347415629
12  78  130.73587106737895
13  77  181.23688670520511
14  88  140.38223378345734
15  87  145.2161996928763
6  44  173.90612586423126
7  38  176.97083598729378
8  86  109.27649912411657
9  59  170.64763800877742
10  37  330.35502437903551
11  86  141.55558915294262
12  86  147.96425217823253
13  98  59.498949923763902
14  81  209.17165696440105
15  96  91.790646570842526
6  44  144.97552908515362
7  87  91.255888824757605
8  69  183.41629405038239
9  45  87.629667948755809
10  62  178.2722412249496
11  100  50.563134848723244
12  86  145.76333074721805
13  54  324.23828627794205
14  80  171.75616240728309
15  80  197.99640365879719
6  48  96.249517868863535
7  30  162.21681790315935
8  86  121.73519162949916
9  84  90.182317599462536
10  46  209.19113972637442
11  73  81.314955270463244
12  77  161.05608479523349
13  84  164.12515352542761
14  72  190.74932982130653
15  86  156.24958222766801
6  29  132.49309680740632
7  69  189.54130071850403
8  85  125.57482616439039
9  65  144.38524741993282
10  73  149.33143730185046
11  78  215.75785072549846
12  84  134.88829959118678
13  100  52.372552477610114
14  92  123.09908517733508
15  70  297.83743909684262
6  15  226.78815782498208
7  57  102.14188466281971
8  50  142.87913671933919
9  86  83.862486593106269
10  66  148.00148769515013
11  82  138.54384781055231
12  61  239.32841423922051
13  92  92.312834858795441
14  87  153.61604258802285
15  92  90.128871800554222
6  61  185.35145424914029
7  82  107.94539931680835
8  56  214.90144930888161
9  57  243.26780906658743
10  67  128.23665220521994
11  69  155.27140505159565
12  94  90.240343551982136
13  97  87.680654463859824
14  79  192.34741094781751
15  80  180.50843643401703
6  73  102.00168213633229
7  45  184.06076538763679
8  69  217.0968390001614
9  82  145.86908836318315
10  94  87.752960051925811
11  60  183.18314181200236
12  93  85.202253593349965
13  73  202.30606725979521
14  100  71.811738425564457
15  86  130.42955967041721
6  52  86.71971550957052
7  67  129.9649897964419
8  61  166.40237365622195
9  86  120.38664331094235
10  74  126.65238651421716
11  97  68.425364094433391
12  78  182.89555954560271
13  89  116.86649888901469
14  85  127.6690655652794
15  97  72.624708055346801
6  85  96.543231300916787
7  63  223.30614316476266
8  72  148.37281019407695
9  55  279.50272542532764
10  38  311.72643612862441
11  73  234.65233653966413
12  81  159.32573214068
13  76  218.02892536771296
14  85  148.94678667377826
15  88  157.62599876689862
6  57  76.628282948879345
7  35  153.41364648627419
8  62  69.326924745132246
9  27  260.83784204188544
10  87  92.604502149620956
11  66  251.08818407851274
12  83  161.52867308632551
13  64  236.66380012632257
14  94  84.975262644001717
15  68  252.44181536615702
6  60  146.30521271456675
7  68  117.55028024361575
8  67  139.26611415149497
9  84  89.992174190586169
10  51  218.79412337643822
11  83  137.89192810526373
12  88  133.79413545348592
13  99  62.019744496992026
14  100  66.195505662345013
15  90  133.8549051033751
6  64  153.29338287624563
7  25  221.10758253954268
8  81  113.55956532181233
9  93  77.117638843648947
10  96  72.704932534241948
11  90  110.08109688669352
12  92  95.600296669883264
13  93  100.81202576663654
14  77  189.40970401748268
15  100  58.62253121027917
6  33  181.59684363549084
7  41  226.20784475781193
8  55  170.82597703411935
9  80  126.39516167123942
10  62  170.58150688525848
11  82  152.79248563312424
12  67  234.74670968999837
13  69  176.27339659317909
14  81  177.89638279489165
15  87  115.94514935348158
6  36  116.73265274938754
7  24  123.36120461059393
8  92  56.716401314003747
9  36  148.18681587398231
10  55  197.77002846386168
11  93  97.454794996079414
12  85  102.1176634523529
13  81  170.79763252103413
14  95  100.24335582392796
15  89  143.85955229278116
6  52  123.36380242615701
7  44  183.64041500143199
8  66  109.36572590976472
9  59  227.32429235314294
10  77  196.54702070694165
11  90  76.035785712414921
12  75  206.19239616618322
13  66  169.86493474888815
14  84  88.849270097506405
15  82  169.24399663619553
6  21  160.6050159907559
7  77  104.49344120806872
8  65  167.39048754251922
9  79  178.03899672994766
10  64  209.54170619705525
11  65  203.86248858683413
12  70  222.47484217563147
13  96  70.974485169453061
14  82  126.8682038458396
15  92  109.12812239703324
6  40  127.93600970623928
7  100  68.735645593548384
8  84  118.50335430016142
9  59  224.54062877859528
10  74  198.04180418565744
11  75  244.97701029034761
12  56  241.43016033831321
13  69  209.54929081737913
14  82  178.06443399228735
15  93  98.779619922578632
6  52  160.7919141117568
7  53  164.47004428943717
8  61  85.528619400188717
9  81  126.83899828307862
10  90  94.899609209876857
11  88  121.70538716934367
12  62  318.78389608367291
13  82  170.26022917498179
14  90  121.100526139016
15  84  165.69052883439514
6  61  166.75949601430148
7  46  159.59570818061221
8  75  163.67272761639163
9  89  86.479511633038911
10  83  131.31684255493391
11  87  97.998321730627495
12  87  125.03355079233488
13  78  189.83214639547873
14  65  258.06877523507194
15  88  153.84493565870295
6  32  209.02485809834999
7  86  90.698580779963152
8  81  123.18223311032153
9  84  125.26827772043187
10  94  109.8212359048631
11  83  104.50571047581705
12  83  128.88881140829554
13  65  215.39473362180777
14  77  157.70648658078503
15  93  111.56641241726149
6  52  204.81230269507452
7  60  127.21890803919305
8  43  274.57945511377966
9  56  157.82776416029705
10  100  49.879857429741456
11  93  111.06250727283296
12  72  206.32157935727449
13  100  76.836133923058256
14  74  190.79127090935899
15  84  149.91110441886693
6  51  147.07786532656863
7  80  114.8204909247177
8  44  272.86815649776247
9  47  223.59017898186059
10  57  324.66782041150816
11  57  259.41021479517809
12  63  261.36018863000317
13  78  191.96977499936798
14  95  77.258877230436013
15  98  67.932757100545359
6  32  128.65375966566688
7  40  158.12318294685119
8  84  113.59985425991739
9  65  179.4762614008695
10  68  229.75450183013103
11  75  192.7534682506313
12  69  227.03512910938321
13  100  49.106380292707193
14  96  75.666993154612328
15  79  192.0115769576266
6  52  138.76627600625403
7  40  103.60521006221261
8  86  97.705518475862235
9  92  104.12232190815014
10  91  104.71808922067994
11  84  117.50015237178701
12  80  161.66870567162928
13  88  141.60954658162379
14  76  208.33720622560389
15  97  74.615466351551959
6  72  105.17196053981499
7  78  104.53601605571012
8  58  152.8156490289779
9  87  119.52801025590497
10  91  109.03677405500385
11  82  162.01786994324951
12  86  134.18686259872126
13  81  127.29336973674896
14  78  187.42610071802167
15  83  181.41266152783686
6  33  77.239791799787014
7  58  154.37704802870002
8  61  173.34318793696119
9  98  69.883340196144545
10  81  143.21329709748321
11  68  140.76025237968921
12  78  143.27554420542208
13  84  151.95711359872851
14  75  252.53757475248543
15  82  142.09566668269508
6  44  139.07306950770564
7  40  178.28180768638038
8  74  141.58930482675294
9  96  72.066364495174412
10  66  200.84132771355894
11  55  207.3370162931397
12  79  205.55586377643601
13  74  198.603080342189
14  94  92.800033077803803
15  89  138.50161317040764
6  71  162.07173607440981
7  33  250.55485967445537
8  67  136.80066505783032
9  96  76.12332097509622
10  61  276.28090288292691
11  61  78.98203459156106
12  85  160.51734307986146
13  88  147.71333885273771
14  100  33.272045123875003
15  100  42.770266320622071
6  36  96.350341328548538
7  57  187.48263149649995
8  98  88.758840226620578
9  93  65.550249647246829
10  79  161.85232184580698
11  95  65.741929557882642
12  89  119.01052190946582
13  87  154.11080028787327
14  80  205.8777569628933
15  87  161.61709038120264
6  41  167.27170819730375
7  61  130.58671999462422
8  56  187.49642982202678
9  67  163.68999096463213
10  35  111.60402498894953
11  75  208.9048374141222
12  85  137.72953142696321
13  89  147.86105154217901
14  80  208.57895123026734
15  71  253.79129375951135
6  90  103.45923996049012
7  89  88.222795981301871
8  16  285.07228181991979
9  75  139.36817993124029
10  59  242.48718016380747
11  82  143.7811114617414
12  58  202.16901775844931
13  61  352.27213358134736
14  87  142.41374215054023
15  95  101.05184754032932
6  56  196.52613879871271
7  62  134.79633538959129
8  76  138.11981480111788
9  87  106.26492957980852
10  72  178.98009781596451
11  95  48.426964460020365
12  78  129.49900773936784
13  85  146.19784076717283
14  93  87.184728522427818
15  71  265.9471468135302
6  36  150.04336031147707
7  67  138.55112652157422
8  72  150.27228253225059
9  84  149.14803594374263
10  55  278.04996855497069
11  100  64.938881302245576
12  96  72.028852890719236
13  54  381.9427429202741
14  75  232.54271549390393
15  62  295.57174548286889
6  35  118.32517313279581
7  24  237.43119346159423
8  56  200.21009360055197
9  48  163.30262995318185
10  95  78.32844148172704
11  80  168.93462199352152
12  92  119.36927194978593
13  89  129.40652130441259
14  68  215.64075060493968
15  86  153.23392660640897
6  69  131.5135131836536
7  64  87.711523426942676
8  27  169.86416570114147
9  63  194.80927776539647
10  100  55.555910061760663
11  54  274.88919335499935
12  76  154.74939282166838
13  59  245.80675861027919
14  99  65.146403491678797
15  84  130.00731489032469
6  75  115.2039268565247
7  61  193.36445274168108
8  35  260.34840632957918
9  78  139.07916770795558
10  52  247.71295701138655
11  73  164.79248449717278
12  72  147.32389908567896
13  85  168.84872086218178
14  67  294.97659900926828
15  90  122.70652088456569
6  65  115.49695389073527
7  88  77.057233421341934
8  71  150.64750350731617
9  78  145.26494996637922
10  75  129.71255597608882
11  88  87.634767329430403
12  56  226.57430536280702
13  86  123.11055752986456
14  81  169.69017453645543
15  95  105.78751110064388
6  71  66.648733608081926
7  35  242.84450401803173
8  63  149.04765121258009
9  70  153.35499085878226
10  48  198.06958989237216
11  76  181.43376564462164
12  100  60.018356681140773
13  93  78.580338430856685
14  92  109.3956450289302
15  100  76.660014030720546
6  43  159.37719201759438
7  80  131.95172809755994
8  89  99.67494471747537
9  66  162.16599113551331
10  72  161.56697157364545
11  78  171.89791446954294
12  66  234.04922164679732
13  87  156.90846118407072
14  77  192.77879992603394
15  81  215.46057101101317
6  35  205.1782983857758
7  37  207.88134631378713
8  74  165.79151546630737
9  48  267.7568488068278
10  64  216.72442914086088
11  79  185.67270065967708
12  64  250.83908071528586
13  100  58.844869993433669
14  94  109.06473468180779
15  100  87.810749233739216
6  100  69.252076159298198
7  30  142.2543860985777
8  46  288.9975594056429
9  41  246.31869561678766
10  57  260.77094368046062
11  71  251.77770739336498
12  80  182.73414431035857
13  61  163.62291068794624
14  100  44.925266097709311
15  89  139.67496202150804
6  82  106.28535535528101
7  48  146.15966001744533
8  72  99.783918184887469
9  48  231.09860553812942
10  54  191.96082840529985
11  75  113.02390563569871
12  73  209.1281617202155
13  78  100.52675908535061
14  80  196.84989524285325
15  78  185.89247320145972
6  49  126.7452654114288
7  23  131.34822791905256
8  78  128.04508684561867
9  67  169.36766880388387
10  75  176.38693884538134
11  77  141.00700936686951
12  84  130.33471583466923
13  98  77.738432610343821
14  79  180.96926857055183
15  81  192.60813752367076
6  6  51.291557954163473
7  87  86.162477970171949
8  65  129.68745383154271
9  55  206.95462976524576
10  82  121.16853268950017
11  71  139.70011515300877
12  89  106.41081408283689
13  87  124.50241175790937
14  96  60.065475533809
15  79  170.96194501296361
6  67  119.63760224317583
7  72  116.160772046877
8  96  83.532837746792922
9  63  145.45441809044416
10  84  84.630134637882193
11  62  249.01758356811465
12  63  266.1231294862792
13  91  104.34633727038718
14  63  278.72523889581646
15  86  150.58821529872949
6  64  76.715971689515371
7  84  122.50190556497489
8  95  82.992719462074788
9  37  101.29772048336947
10  95  75.341296580467386
11  68  248.37487811874212
12  100  58.837817255744227
13  100  69.658692976400758
14  93  86.156247729254218
15  100  61.975301086058671
6  34  69.371989711256788
7  56  115.92278232373141
8  91  82.939867946272457
9  44  247.44250460782737
10  90  100.2506017405607
11  84  160.67944541581289
12  51  296.99169963534706
13  81  169.89010138728108
14  75  227.59010407379839
15  90  112.2305760618364
6  41  159.5740452191198
7  39  150.39518499397181
8  43  107.01909504728182
9  46  148.94115481340626
10  65  250.0395635982305
11  97  72.883341489942893
12  91  98.109112943868951
13  90  113.11490951613035
14  93  69.852930925987906
15  88  155.6389787141278
6  43  89.871408652194461
7  67  145.68262327440081
8  21  113.08214764191356
9  68  164.17169540314339
10  93  94.208270466474559
11  61  232.59390647109763
12  83  161.7664954883879
13  76  191.4453790798878
14  96  98.039259752919847
15  74  247.50635552598126
6  50  170.60304757748605
7  79  132.18302835286713
8  60  94.100581627558228
9  41  93.281229338369016
10  77  167.20223921802145
11  90  82.140954646170456
12  89  90.811654168216862
13  97  74.968187470924363
14  74  229.93975611373571
15  98  60.694551577835071
6  29  128.17543760994977
7  79  121.33702280146396
8  83  77.757313061041842
9  76  179.30981811254489
10  74  164.50449377196219
11  82  132.24933107749072
12  68  288.61880038983185
13  89  99.68113699319558
14  100  67.648477169927858
15  79  231.81547722625299
6  70  128.13493839066379
7  64  110.23371704454252
8  70  139.59365137955601
9  82  125.32171173981833
10  78  127.19725535987935
11  80  136.55727676460003
12  52  40.345416886172444
13  88  138.03736721536532
14  100  74.791858253883817
15  79  157.476720451776
6  42  239.61786372621995
7  52  181.66608748610923
8  67  145.16933384784383
9  55  92.516849674252981
10  57  237.48750469291016
11  53  246.24860498360843
12  100  46.432452499043897
13  85  160.36343335271118
14  77  223.72288126905022
15  78  176.65687552935367
6  72  52.58984492155728
7  52  212.27093787371487
8  44  248.15523880588916
9  73  98.818929387053259
10  100  81.72529667261071
11  80  136.2279497370678
12  91  114.70444109055782
13  73  263.64585818269364
14  90  118.46945171000382
15  93  110.12218701652446
6  11  124.48756726041128
7  88  92.542273439526454
8  58  173.46541348585134
9  66  201.66482732229599
10  88  80.682181790252599
11  68  245.57731747957499
12  78  178.52134205685229
13  94  87.755955794642702
14  88  136.63836630112249
15  100  67.951692633670973
6  43  166.37395137000294
7  67  124.16788457305405
8  54  262.47238624600146
9  66  123.19125314430134
10  89  108.33488931115151
11  72  217.00879004650119
12  77  142.18511960872206
13  97  60.472064683430574
14  82  176.09352442013497
15  83  158.71384841604913
6  67  147.56456159882714
7  39  244.92480539959234
8  48  227.50587950845812
9  96  82.138355732140354
10  50  176.6609322691975
11  86  144.67827865483375
12  75  208.72440142008341
13  79  155.66030938496402
14  74  236.42075656475456
15  90  135.69871002906842
6  59  137.83035325097052
7  40  140.17770242091589
8  85  96.926210166929991
9  65  224.08978269414405
10  62  159.2172704534598
11  100  58.159839094662935
12  80  137.12507600060715
13  69  277.7552958524891
14  82  166.7752672646873
15  95  94.90281588928535
6  30  96.025817001685951
7  92  114.91625800930012
8  64  126.34553951745808
9  83  112.72631716314891
10  73  95.665013272466155
11  71  213.58562041229573
12  76  141.08842439921096
13  89  102.90066642410983
14  100  50.462768570364062
15  92  106.38902618523394
6  14  237.34620025512038
7  44  175.59517409702707
8  57  184.02900185567273
9  60  157.88507969765467
10  75  184.77169628505339
11  90  91.702587315176459
12  70  236.17444577341709
13  80  185.68032383204499
14  58  324.26893252159914
15  96  89.229564178133941
6  38  173.62569987426679
7  39  234.83027297016508
8  70  128.13295523388345
9  41  195.13491748363958
10  84  84.756424908816541
11  97  46.086270164652511
12  76  183.70356556159339
13  91  114.28329965525577
14  90  91.231771842146316
15  94  100.11514328162968
6  62  179.44496850512874
7  44  147.57599268122254
8  68  174.2844881807589
9  56  165.91388777916293
10  55  225.20572732538929
11  86  152.58998623094953
12  83  176.15479551490648
13  94  68.80450494443437
14  84  159.43073229225823
15  93  87.526775005976162
6  19  192.44817315272795
7  34  132.64463564568322
8  100  67.149016783843976
9  78  98.420247620837642
10  64  164.7161367134737
11  65  168.53645102877215
12  55  364.75605851212396
13  81  215.04250948333794
14  80  178.96414386040107
15  85  165.8614741547236
6  48  49.840161325753613
7  66  156.55759407485064
8  80  119.46159216664968
9  50  240.50505020777769
10  58  277.94393409127662
11  44  174.78348622715731
12  69  193.10473277897117
13  96  82.061811694383607
14  60  310.84862020012361
15  100  50.599207872790835
6  55  157.54098167993149
7  56  201.17012548507091
8  42  205.91674065603968
9  71  186.45161672151826
10  69  206.62032366988504
11  68  248.97235186316547
12  74  157.16486282754812
13  77  158.03266048823997
14  84  212.05843765914364
15  89  137.72598754310508
6  95  77.847953437209625
7  80  115.51383217392028
8  48  242.21580390894835
9  73  195.39909192077104
10  85  111.57526470474816
11  60  205.23652278428173
12  94  112.11890244308667
13  67  204.12732891806465
14  94  114.78112128124502
15  88  153.05269065594555
6  51  130.92307955419398
7  81  115.67430069139952
8  78  156.95034188104233
9  83  137.09540553713214
10  51  169.77402587972807
11  71  80.15971232683151
12  78  200.91220844562852
13  96  86.427204535937264
14  90  101.5553717314715
15  99  75.952721767417387
6  75  88.911029041541454
7  70  126.78530845839724
8  48  201.31383509464527
9  43  221.27679667552118
10  100  70.477450793163911
11  84  132.89625980114272
12  89  103.41385587503265
13  66  255.02294477263169
14  93  98.063786115755178
15  98  72.129576270954956
6  37  114.27473441087194
7  44  172.87442895884561
8  71  150.60259686890637
9  39  276.13953050970031
10  96  71.193022182186525
11  44  395.93742412695633
12  79  167.04766640783623
13  92  114.91699314195927
14  100  55.812320633722095
15  95  82.053272324782057
6  62  66.841759082292015
7  65  62.898071487119381
8  90  93.7509344889001
9  77  144.76180670452047
10  88  103.65028414938506
11  89  141.71608446076064
12  80  134.06803238347894
13  100  85.584232024971399
14  91  110.30903234557782
15  85  156.68229231424948
6  26  149.59188926238457
7  84  86.52900808355615
8  76  146.21470088472086
9  68  158.22435872674001
10  88  120.80332184216262
11  65  240.95195779620371
12  65  235.05306396223796
13  72  237.33892066789161
14  63  225.62621229697214
15  64  145.06205154410657
6  0  0.0
7  64  119.19972537809909
8  32  172.57453843950776
9  73  145.11522829655371
10  83  141.82464505739657
11  60  205.65023794792836
12  97  64.990034736355881
13  76  184.08103288273554
14  86  142.15394567697183
15  92  113.66242359978638
6  71  120.35839341431718
7  69  133.79153306373908
8  93  88.583798226111256
9  63  210.34682967016013
10  94  70.202349456807511
11  72  179.67633679883224
12  83  126.76311045388637
13  97  75.552243277553501
14  100  63.664139989074535
15  81  186.4427652481294
6  68  103.03601230487887
7  31  123.10349053592105
8  90  80.455408705331195
9  79  106.97007070042154
10  78  148.67592772760406
11  81  161.37546544964945
12  80  131.21956706114841
13  76  223.99658991442934
14  77  203.82113004171029
15  75  191.13152266303231
6  20  153.84740466835166
7  58  153.06451146390077
8  63  135.6778031712962
9  99  82.776158258990975
10  61  225.61799382695477
11  87  139.81174920133202
12  61  246.53149287607027
13  81  173.67092874010197
14  79  228.9969645869877
15  76  216.61953466413229
6  37  285.53086990777263
7  81  118.33398058051128
8  78  147.81511206882516
9  88  127.55712588910112
10  61  249.90989597528642
11  82  141.61944635569583
12  65  206.3487248099959
13  89  115.08417071756071
14  85  138.0395029933479
15  71  279.85130795673973
6  72  129.67688585185854
7  45  144.61729671925193
8  82  123.80140754834912
9  68  128.84368492172246
10  82  162.61775961637591
11  91  120.52288792016057
12  74  207.14026548746352
13  78  180.44328552592435
14  100  73.999758783580731
15  96  66.868172182811023
6  80  81.705646468896646
7  62  173.62062390709576
8  63  147.4356055518995
9  81  107.76306555275076
10  62  147.67282404202714
11  74  172.07638073504469
12  60  293.88180640887941
13  79  131.07871511085222
14  93  112.76511024921258
15  93  81.813508470629998
6  94  101.26047819193833
7  54  196.66746597058099
8  81  113.66261225856132
9  55  236.57952726994733
10  76  210.27042987890621
11  100  67.435703246278607
12  88  117.43808004423477
13  99  47.385990887763484
14  91  122.39691402289903
15  97  90.428985285975202
6  90  83.097307633594269
7  65  151.80969754102856
8  82  146.28211217312546
9  68  221.3635552512624
10  91  84.910449294702971
11  76  149.22621527108549
12  92  100.54137616337975
13  81  172.61038044707212
14  99  57.427448297199845
15  98  54.189211258767699
6  44  175.85457465180261
7  73  129.63318222274967
8  55  188.75885310314388
9  69  209.63979819786735
10  83  116.14193523676873
11  89  112.8730236646839
12  68  253.96828765103308
13  94  95.448062975371926
14  87  116.1891791502765
15  88  150.32912613470742
6  57  139.60124131107287
7  97  79.647919790576253
8  100  68.361307462788318
9  28  123.97311642799689
10  69  143.8726660155111
11  76  180.27941330623528
12  100  64.07563406888103
13  66  181.11626937395269
14  90  143.31406268207974
15  98  85.767624654869238
6  66  115.79745351435103
7  76  122.32651270180791
8  77  127.34278736683157
9  65  180.87332848302364
10  90  84.107281955164893
11  73  155.31647401135132
12  94  74.435462712631221
13  55  272.35894007111477
14  94  90.83573785463048
15  97  72.437640403606778
6  22  95.12802326279693
7  20  348.90433528206376
8  73  166.39913680906835
9  48  258.52251039899647
10  80  130.3445540741607
11  74  189.39063107902138
12  79  197.46493098645237
13  88  134.32939886101181
14  70  252.67197209285973
15  96  102.18178576086565
6  30  150.23261107538153
7  57  119.73356562001528
8  79  149.90809082407148
9  73  120.08453211117708
10  82  152.14973432272041
11  83  149.08863952833275
12  95  87.183353335425977
13  79  159.95468732494419
14  90  104.27470114836728
15  82  175.08374858726242
6  57  55.42018709370565
7  53  143.43741908179751
8  64  121.21525272582596
9  42  288.94371801883062
10  58  220.63103026990314
11  92  104.02097565604764
12  76  186.20975958938084
13  96  90.185783480881241
14  100  72.811894256962944
15  100  71.439765174291253
6  58  151.14813539725705
7  39  140.91233195253972
8  62  133.75386570150789
9  83  127.96560167650742
10  52  295.15596708560622
11  98  68.697421568743565
12  80  150.8386658387254
13  72  222.62178450029137
14  96  90.143871170934602
15  86  121.91391886954464
6  63  137.57585713817576
7  50  149.71127595528074
8  82  89.052635187973905
9  64  136.49092584954528
10  85  146.18354748137671
11  65  211.0564816507088
12  77  187.39388609945439
13  76  223.01478066966089
14  85  175.72458460512777
15  92  83.803013795783343
6  91  81.614525803538498
7  55  143.17659363916437
8  55  190.4070320391757
9  51  196.5809302986672
10  44  271.6363976345437
11  56  253.48118753712561
12  86  107.55898971743873
13  90  116.07133013816917
14  80  158.96759008595117
15  100  50.252305158013648
6  43  208.55888168283724
7  50  133.49839707376836
8  81  84.767661689380844
9  81  153.69021501047391
10  74  151.79004771164449
11  99  74.14915638428559
12  79  125.379507995534
13  87  116.68022390231742
14  90  121.7899164201869
15  99  56.358974708595859
6  11  138.33513068415894
7  58  91.45288749955381
8  50  209.50580620643055
9  69  195.52178705224111
10  71  205.67899180023119
11  91  93.788565802211053
12  84  149.10773152160357
13  80  126.25308952011906
14  77  238.45979433664374
15  72  232.06331344205634
6  24  116.52828926722702
7  39  190.45951350660397
8  74  128.0042140657516
9  47  207.43747947473946
10  61  239.76997533645073
11  96  74.753960250394101
12  83  168.37533217809383
13  81  153.07180885515498
14  85  180.63773489379028
15  85  172.02303566929638
6  59  115.21431884957241
7  75  129.13392840699251
8  76  183.69796719029955
9  100  62.513186592716927
10  77  132.97986457824274
11  82  134.5645344031106
12  56  276.20303884410635
13  52  338.65086703560962
14  87  133.18782624423707
15  78  190.23649014257805
6  48  111.3227977984569
7  39  199.55347276623147
8  47  240.47247634536245
9  95  58.801124088881579
10  78  130.56859692779244
11  57  241.72784852642377
12  66  195.57861696936027
13  72  238.74081217481674
14  79  115.45941069694416
15  94  96.035785461686046
6  52  94.143358615270401
7  92  84.907824239111079
8  46  223.81126727254531
9  70  192.38854791707922
10  46  304.98988082853054
11  69  219.39813133366783
12  82  157.95607248990575
13  100  66.237129232646737
14  71  266.9536433065141
15  63  312.96892068848081
6  63  139.05704228514441
7  58  194.64945715754573
8  39  78.747404992892527
9  84  109.16618609268737
10  72  184.22927537988201
11  96  59.97223422213299
12  93  97.230508050030124
13  62  315.6655407084067
14  77  169.80456164320881
15  79  185.31842612165693
6  47  211.30599719303095
7  66  119.08612218376904
8  57  158.83634676973213
9  43  203.40720655740108
10  72  129.32657006123662
11  73  127.28817175112432
12  73  165.62026865767598
13  52  348.49756676635087
14  67  254.35905306030801
15  70  256.46365520782757
6  22  124.8540187032399
7  45  126.72613226688051
8  50  107.566986203243
9  78  171.61830028569756
10  73  116.27669648266854
11  52  263.89518903193516
12  93  114.91418789601435
13  86  133.80139085553196
14  83  163.13815494318615
15  83  170.85773957760972
