2  32  78.889756898679138
4  27  237.11243247461775
6  21  418.83746787052854
8  62  227.48363717335005
10  64  244.89991174535305
12  51  261.9080235116474
14  64  354.0654652881999
16  66  255.96648553386979
18  61  274.09167170912656
20  78  276.76420553435236
2  47  87.322915574841062
4  23  310.7701254392822
6  24  274.52931036190063
8  69  145.22941945685432
10  29  573.37877378859878
12  64  228.80781025456292
14  73  204.84135434503597
16  64  354.70766009346977
18  52  533.30579354899282
20  64  229.22287693562265
2  16  162.91237094036424
4  11  30.065768833586358
6  60  167.59308361650645
8  43  306.19087416407939
10  78  134.9989317887586
12  73  284.81590885091236
14  67  224.40850114885512
16  85  105.99893583237497
18  80  191.21523816668639
20  72  264.87418354336648
2  11  166.89338045334074
4  59  166.56583058118787
6  62  137.75665230298716
8  45  322.36135573188358
10  56  351.15550352035115
12  46  324.55678108237794
14  53  341.78495104854591
16  65  272.41190501622532
18  66  242.86225524325965
20  67  399.32359016861614
2  45  120.22115198483384
4  19  270.39950930686541
6  58  127.35603091064345
8  55  222.42794397750248
10  59  303.28737605822437
12  76  146.09720229241108
14  80  161.96818883026543
16  72  163.4149795436746
18  84  163.74349630590652
20  76  196.74693066714349
2  20  163.32589019734621
4  8  95.368263064169213
6  65  164.03581276995547
8  51  159.80931880173233
10  76  115.20103533526749
12  56  277.2616974670583
14  50  256.13868646376955
16  50  435.55711869802303
18  61  277.43015146917702
20  73  230.44236257174225
2  32  58.098185064802372
4  35  187.46664465127336
6  52  201.40908407504776
8  67  172.77720417220175
10  62  215.88907793480178
12  60  304.14729752992832
14  73  263.03152606415239
16  69  163.82741394262257
18  56  441.03530032808953
20  52  612.18730657210313
2  52  104.43629775783316
4  24  159.55103532585662
6  36  187.25631132390205
8  70  198.6091297666411
10  56  222.50972543379393
12  48  209.81751887771324
14  40  409.03509817772544
16  71  392.98458787880674
18  77  229.52470032564148
20  62  456.38760273595017
2  42  111.1156557060112
4  20  237.33384052433149
6  69  117.06528156036741
8  56  203.2016522867147
10  59  258.29709657185134
12  66  199.63398346368803
14  70  248.94788471548736
16  57  234.57789910486707
18  81  143.21492201841377
20  84  166.8016339413679
2  7  185.83675383129969
4  35  125.77455076732102
6  17  215.95513535259693
8  69  110.67596032833256
10  58  217.6242040541787
12  50  316.45415696487646
14  41  334.15862113884123
16  68  448.87480228873159
18  65  192.71355615904494
20  90  80.467988122822788
2  49  108.32048559013778
4  24  83.114939395943438
6  60  149.34587434332647
8  42  210.10442501194245
10  77  103.59636766437616
12  78  196.42714558197679
14  71  177.74004435436515
16  35  241.05613476889278
18  66  296.54243208899624
20  78  171.9696197980316
2  28  76.208022726173908
4  31  196.02085445914733
6  49  237.24977088526339
8  52  144.84297353849132
10  45  274.47161805574399
12  35  568.6621446214308
14  56  305.42193147282086
16  37  538.76832261532286
18  65  344.07275252940519
20  86  124.97314948041945
2  35  92.03459925432287
4  54  154.37969959624888
6  40  311.19889045007847
8  40  256.50278331634473
10  52  300.79329602241023
12  71  176.92929927282322
14  52  364.9397310937041
16  85  124.42371324755379
18  69  377.93529220013232
20  64  355.47064901167818
2  17  170.03825949035058
4  75  55.549789011407086
6  41  199.53641523766305
8  15  277.75295900405689
10  45  317.94729805130413
12  64  278.875197216488
14  50  304.65110790094388
16  77  224.78000469275131
18  54  334.98996179967651
20  72  268.9953041259181
2  25  102.92590094780533
4  51  78.897354307824003
6  62  75.792076243298112
8  50  176.77637699109343
10  52  330.7920640443528
12  75  193.35858586238635
14  57  453.72071445210349
16  77  153.64157842657579
18  72  304.10593697220969
20  88  119.79661466632196
2  35  119.44794173882319
4  25  283.61981345210677
6  43  293.14660123558684
8  71  141.96056934265431
10  64  157.90466274544082
12  59  196.17211689667769
14  51  412.3238677742454
16  77  190.28508707739016
18  87  116.20615631207536
20  62  364.98495792070241
2  56  95.592980140055943
4  31  170.16828593964937
6  43  238.61772960790421
8  57  202.44834785551191
10  53  275.77196548536062
12  79  185.67181247010382
14  74  205.406901882536
16  73  237.18781607029578
18  71  245.21634732693482
20  74  179.74734735935931
2  34  76.316349244031599
4  47  76.74351207360678
6  41  126.01919246812291
8  65  163.6740904734848
10  38  381.20093086466909
12  48  397.42622445440531
14  68  235.08035363107243
16  77  141.3625999156161
18  55  400.47530437336508
20  80  227.40926461823241
2  10  141.25373969226899
4  31  248.40037003673044
6  18  257.16395986182175
8  44  336.69297254225103
10  73  144.51664964382496
12  42  513.61624608413604
14  47  449.29168607896946
16  94  32.596156223539069
18  87  124.71159923632207
20  87  113.26446594810079
2  0  0.0
4  55  113.10215252008638
6  48  247.01282345272134
8  46  388.7827843366922
10  63  287.12943075557706
12  58  184.10683922620413
14  67  223.39393382235338
16  73  124.0339633066156
18  77  221.34943431479687
20  68  183.45173370914091
2  51  100.59859381140379
4  37  116.58083520133106
6  38  221.71616323644443
8  65  229.08406245333001
10  43  376.06608648068504
12  64  232.55418808673392
14  62  262.66930907470953
16  64  325.22811053596234
18  81  171.82545794277559
20  74  190.78318648303829
2  47  76.699300138523412
4  13  310.96121504608777
6  34  122.8526835193347
8  29  297.75203738030837
10  38  408.57584819004381
12  72  118.07704503814384
14  76  156.89940023761253
16  68  283.1628267985696
18  70  299.39093326917515
20  77  267.76836006886043
2  14  170.82505512851003
4  40  168.70752621002094
6  47  243.21421783310907
8  52  297.58510028304244
10  47  310.31314629669276
12  50  409.3833231301378
14  84  139.70331811360438
16  71  304.91621777086135
18  77  207.67409192178786
20  82  101.25412210529031
2  33  77.114560687534549
4  24  151.62558275851543
6  55  129.1450036082602
8  32  399.13542524878233
10  52  383.64548970869896
12  70  175.64217089895863
14  65  330.92059785890893
16  51  519.57664537328151
18  76  187.4492600899687
20  89  88.543245106058208
2  19  170.99877688820371
4  46  79.541291478652099
6  35  307.79202318688698
8  48  200.58543056658402
10  47  412.48983463972866
12  68  246.99958652014442
14  64  289.3156337836495
16  78  148.05428693961699
18  68  445.87080718591608
20  70  435.07708121058994
2  19  166.54349756614133
4  19  294.8872858587045
6  54  228.86591550385404
8  38  214.32000514493308
10  40  300.86120601266623
12  61  254.02877312793126
14  64  335.8173709138797
16  74  201.72334707273066
18  51  383.90931447119618
20  79  183.0423234210605
2  10  108.45880656181679
4  67  105.05968981575265
6  34  145.24267950942064
8  33  167.34109854963233
10  58  257.0428348392756
12  81  132.64419661763563
14  75  179.1594302660406
16  74  205.65906796544434
18  78  155.90307187482097
20  69  336.53684234177513
2  27  133.63423195328835
4  29  180.93725833066873
6  41  330.05760936750875
8  72  98.166827820959156
10  49  303.2206042125452
12  61  211.07869579928845
14  46  568.12176729015766
16  70  261.06097600166078
18  83  122.10308403437394
20  82  171.17858240424741
2  33  142.66035433672383
4  19  194.79201623638227
6  37  198.4152553486137
8  56  259.44230556542942
10  47  312.35283028948572
12  68  292.49327705242672
14  82  135.93617841257947
16  82  122.92177031033333
18  74  247.36027012033122
20  63  581.39180676479771
2  20  78.212807776235721
4  35  133.52973908095282
6  48  294.79291363802679
8  45  385.89675004090839
10  65  135.2390709024676
12  74  196.34661495989482
14  59  296.51095341217126
16  81  196.11252283108507
18  86  174.25397878234119
20  75  227.46910025430401
2  9  35.103474718089544
4  32  129.44028704207778
6  39  299.67458503824957
8  35  316.34927366483697
10  64  179.80437545815556
12  60  289.15330513552186
14  65  353.08447268239541
16  44  508.92313218662747
18  57  360.9100124739312
20  87  135.88562144001051
2  17  168.78177513229656
4  23  292.39010763035327
6  48  255.18255536551419
8  70  121.97962030687221
10  59  222.79063635323038
12  48  263.40320394199421
14  81  116.50674007222516
16  58  286.29486649111976
18  49  441.47978544509095
20  67  341.78420256330639
2  46  89.826092996008029
4  26  152.29078514872973
6  39  257.24835123207544
8  61  246.71679793393938
10  53  261.59164224665608
12  70  153.90968852583262
14  78  146.81937593995974
16  74  276.60008349134085
18  63  228.06308793617416
20  74  268.31837540613543
2  0  146.71061237051958
4  50  140.22366883822636
6  40  240.17801468935778
8  54  309.11618279018421
10  45  344.77407960160639
12  49  151.52958604451894
14  70  270.5385235123112
16  63  318.86988258165388
18  55  416.77938321050158
20  67  325.45731417467408
2  67  51.827760254992313
4  49  141.76714856381636
6  56  194.04846085187222
8  63  159.946230425512
10  54  230.80896900298345
12  56  199.8210817964183
14  58  300.66883023495245
16  64  287.50340306563788
18  70  179.06466818608951
20  66  256.42171104123264
2  15  137.13638587335876
4  24  167.72921342509835
6  22  249.6412292437507
8  37  193.756530509865
10  66  137.28931119365481
12  58  352.93927950223502
14  55  398.40283867872569
16  50  308.30278005848595
18  64  316.26856497345449
20  74  335.53547574472367
2  0  0.0
4  9  347.45546346137201
6  18  406.92026090632481
8  61  145.77977598012231
10  41  286.68536703737868
12  64  208.57781472274053
14  54  365.48895900537735
16  78  140.22884501558639
18  79  144.37251959804271
20  55  318.99235568085857
2  24  154.21863015942586
4  64  98.397454101991869
6  54  173.26434176691816
8  17  586.71358900681253
10  73  145.51744274855182
12  56  241.60376989832923
14  45  475.95067764937011
16  76  201.5476693104608
18  82  176.28380160011892
20  72  405.93028719794484
2  41  123.04095961411346
4  44  59.208143676196279
6  29  329.58554453620917
8  44  300.43200056200709
10  57  286.13367950784362
12  57  226.03505366467078
14  38  330.61658375108811
16  77  167.70085219963721
18  71  320.44266764664809
20  70  291.07260891521094
2  25  94.093581590918717
4  36  111.52142682807101
6  54  215.14928758509376
8  49  173.13693252786237
10  38  374.77054141124239
12  69  165.8628320944899
14  75  219.13109264529999
16  62  235.67395087583364
18  65  197.01751877970764
20  69  359.21613426212116
2  10  170.69248208905864
4  13  164.6290464637797
6  54  118.01140085356488
8  28  357.73046032017288
10  36  351.74865539145173
12  83  119.10599166079918
14  58  201.61047361596374
16  76  168.73249351976631
18  70  286.95714665739382
20  79  153.92074273915739
2  59  49.655236016919297
4  81  45.995710360543072
6  28  319.03835280303912
8  29  351.23416918438517
10  52  390.91648910731595
12  48  363.94533001594039
14  60  317.03777754939335
16  63  279.01272620451715
18  52  415.69693149205256
20  75  205.56521199020904
2  20  156.30911357284154
4  15  260.46952076000673
6  49  192.0694168177761
8  27  209.98063566520236
10  73  152.45816417249657
12  74  180.08413538274402
14  85  102.39309266534703
16  69  234.10336139130135
18  66  307.63213100325999
20  65  253.31617244473799
2  6  88.32130289913583
4  43  105.46900114081397
6  34  236.00719608563773
8  61  210.39897949687182
10  60  203.24766257688606
12  76  150.52586017344024
14  90  48.396849458647445
16  73  249.66606522464315
18  80  451.0567226246788
20  67  357.39654105776867
2  10  92.942638704119929
4  25  220.47768898167061
6  33  241.71794959320945
8  49  198.54181940231996
10  70  178.83916414062006
12  52  445.44247811202496
14  59  208.99895708705685
16  64  291.9297932107126
18  81  257.33080413946459
20  91  72.526609715789689
2  9  85.333116994692205
4  48  77.662669584187924
6  68  108.52978557259856
8  41  394.40944542918879
10  41  393.00792940936418
12  71  201.33179192191679
14  42  465.41417761460661
16  85  147.18585868245012
18  80  144.16228169669429
20  75  288.77214970365094
2  0  0.0
4  41  52.897783382837751
6  25  195.64942316468131
8  63  168.37637257408295
10  53  301.35383374650428
12  66  276.99533549041496
14  75  169.7151915240884
16  78  148.19159896839011
18  63  218.48605878982306
20  79  203.88481876191844
2  50  107.75948257178672
4  28  241.58904941367871
6  42  193.79900157696798
8  18  90.54021223943181
10  70  229.72430848036461
12  67  198.96309967444213
14  50  437.68781508422205
16  64  307.11263003491837
18  77  190.75693978463192
20  55  488.05582209455048
2  13  175.57223733976335
4  38  192.68642522752526
6  32  254.67923865593542
8  39  337.21602696341358
10  79  80.526410437091954
12  77  177.5462007182465
14  78  133.02613464009463
16  80  191.92235014536695
18  62  317.58774749529886
20  76  254.12661818595552
2  13  156.76840040358459
4  24  299.7917508966155
6  44  183.78534040985744
8  78  76.340150587370019
10  69  145.93986259403405
12  56  225.84649877722836
14  55  398.83834290830328
16  89  63.509414652961325
18  71  238.29614327077394
20  52  553.62764007746614
2  36  128.540529692186
4  27  163.49793416929728
6  68  110.56169427575625
8  67  104.07521787408336
10  52  268.44107264003674
12  60  282.32270652786684
14  72  226.89359881714654
16  67  269.29930658365117
18  65  382.10684255807257
20  65  133.40691687757356
2  0  0.0
4  40  148.9243641487609
6  48  151.2773025633719
8  69  155.76106752854096
10  60  260.65879273833576
12  75  163.98578079646475
14  40  301.6330873949392
16  41  602.01979516520475
18  48  387.78833349869763
20  84  165.8601980992874
2  34  137.34960725244144
4  22  236.37229465155221
6  65  93.939148738505978
8  68  157.86762563218488
10  59  267.35621557318905
12  40  389.30572264265072
14  83  94.054284083732284
16  61  215.33984723565246
18  76  116.91370662285399
20  59  369.37534521006705
2  19  128.17035157176801
4  68  81.015756147827034
6  31  346.01063086251133
8  74  165.43125671402731
10  54  280.96297546066506
12  59  214.75629957825905
14  75  161.22644327866672
16  58  466.59422299963887
18  77  213.0305320798945
20  80  112.01869016810804
2  66  74.47820172132873
4  15  204.52021220732752
6  64  92.612110220301986
8  39  436.00517977733887
10  41  420.79673582555239
12  62  327.09075649766282
14  79  135.3509813349165
16  80  180.55286647400752
18  70  302.70903034710187
20  69  173.92840104123354
2  12  92.577629610904694
4  19  149.76474782303487
6  65  119.38537743534209
8  51  262.1473234975681
10  58  263.23336907908066
12  76  168.03884177473051
14  54  485.60225761948311
16  62  197.67026676851532
18  83  117.0440097980121
20  62  492.14878880599184
2  27  82.918616936876035
4  34  163.61109743144965
6  39  305.73440690755319
8  62  137.82765329177104
10  47  415.44401798171276
12  58  437.27758568503435
14  65  202.62474881987961
16  51  486.01696443667498
18  91  74.275340803428747
20  87  76.300268836285838
2  59  89.971544106648778
4  25  188.07030647832656
6  74  100.96475608881143
8  49  143.37113015064259
10  45  312.20856536453522
12  69  204.2499841222114
14  64  289.18091695650571
16  51  342.07299486972414
18  59  356.33864626341358
20  74  249.44343555679075
2  26  152.60555553087858
4  25  238.5784987252645
6  61  150.97061399671998
8  66  114.63237045944345
10  33  591.37503666159
12  68  162.59701302553327
14  66  290.74876629099134
16  86  103.81739267728258
18  74  151.59596233480053
20  77  361.60420732981629
2  43  117.6386842348179
4  62  88.679691800825751
6  60  152.00555310114805
8  55  264.82259476585239
10  67  183.94619050610331
12  41  484.58711797852447
14  58  324.38809705024033
16  59  435.68839328945654
18  89  101.48462551667406
20  79  209.69027827341165
2  14  81.488669080480904
4  39  216.38079863310662
6  53  150.11052939870746
8  16  337.38345185509991
10  49  263.76419393920531
12  55  446.48503140263108
14  80  197.89495075598913
16  43  444.24209937213601
18  70  225.50491233617265
20  74  185.27091850115033
2  40  126.64711804875213
4  52  112.05596615135393
6  62  188.67366165241879
8  38  312.97441584240255
10  65  243.53664730118061
12  53  295.80050079551148
14  50  306.29911307840115
16  51  330.65802637122829
18  64  264.75945082673513
20  56  419.5031144869497
2  13  105.80622882097215
4  29  226.57728157704091
6  48  153.51747689241748
8  70  93.056174243054642
10  79  101.63618448917457
12  42  238.18015112952656
14  64  386.13443949879326
16  68  313.78839032140581
18  72  252.58410905844033
20  71  243.54983048178832
2  48  80.668789846477409
4  62  121.17088638176071
6  43  271.21906223247203
8  51  224.45216039839855
10  65  220.90172614180852
12  59  351.87552499639855
14  70  228.85100035425444
16  64  300.66601313781456
18  48  837.71731337489598
20  65  430.94297305678811
2  17  73.278491614260403
4  50  164.34923997663006
6  20  317.70035382730958
8  56  132.61473288483629
10  66  140.12688468304614
12  35  399.04210059006118
14  77  146.89210456194576
16  85  151.49238514626668
18  69  203.8239814920708
20  77  136.87536263194914
2  22  67.194511126787091
4  1  56.0
6  67  193.10460900692061
8  72  116.88731736319224
10  48  282.67024274659633
12  58  291.28085508480183
14  67  265.80775692822255
16  65  297.6177610585396
18  45  488.30969081026313
20  68  271.46985802580645
2  23  149.48784029582711
4  49  159.39823333880037
6  49  141.22827113020941
8  54  219.9397487127155
10  70  160.05178436319417
12  58  306.87790546959002
14  64  213.48720788882099
16  53  460.74376432651957
18  55  456.95076837538255
20  72  269.0892627401746
2  17  124.7506526518564
4  30  171.7297668076518
6  53  186.73076998654204
8  50  188.2225280587167
10  49  286.6226412086092
12  50  393.1123690191755
14  39  234.58047948720349
16  71  371.21034795011349
18  73  152.71752673904891
20  61  318.59704857597791
2  56  75.5091061873961
4  18  307.31108076206095
6  57  209.26462362355269
8  46  235.75259846819091
10  26  437.63029451689124
12  40  392.76820959877159
14  67  348.46215776076292
16  78  162.81130909179066
18  87  124.02549449713648
20  73  265.25815124014508
2  0  0.0
4  38  227.0331826521778
6  27  358.97454289558209
8  60  208.79879131878027
10  76  187.82929447640959
12  17  489.01376039808662
14  57  363.98054225965518
16  66  305.2139260520276
18  70  245.76076828633884
20  76  243.68824754306874
2  34  73.59503259016779
4  45  126.81274953674625
6  23  364.4507079981787
8  40  372.26742931626592
10  57  220.4008145639657
12  49  310.66253633627764
14  53  386.14099412115826
16  76  192.43560293974974
18  79  210.09135724301177
20  76  153.27647220191452
2  10  93.853562940989249
4  63  103.43118022777124
6  60  122.91108658208928
8  74  188.01824288949865
10  70  227.73892222677603
12  72  259.49332305852062
14  88  88.734795303528969
16  67  229.31133992349069
18  69  397.39278125945674
20  80  120.63817413577614
2  0  0.0
4  34  53.32152688277786
6  66  201.13573557624775
8  48  156.16309363025164
10  45  338.72000824099541
12  79  95.675346483920933
14  84  76.300278572598657
16  81  180.61335340233245
18  61  265.06512220858161
20  78  194.18618227102976
2  37  90.151136548288832
4  27  211.96596443129994
6  42  205.04064648370604
8  38  413.42141744737688
10  45  271.65983176621341
12  41  478.68896527497475
14  54  319.23619926549407
16  76  316.22432567113634
18  79  179.41979142222473
20  70  487.88875731793553
2  34  140.02028251159535
4  44  184.39555096870137
6  7  240.57480009353998
8  75  143.16856363185238
10  29  433.34316834783118
12  66  236.31009100093092
14  44  599.77658285484517
16  59  373.65941331912569
18  82  110.08684840165969
20  84  137.35199612213663
2  12  90.647351023252824
4  57  139.56159074467831
6  71  132.89792000280832
8  42  243.75294797317386
10  60  210.65407688725776
12  64  237.18115036826887
14  61  145.45891505287361
16  73  223.08229767536793
18  65  394.99127070521092
20  55  584.31790092840367
2  0  0.0
4  31  124.5438640398737
6  51  174.12842661487113
8  55  189.75157569271184
10  62  266.7308469290312
12  40  318.61404827473518
14  68  395.09881045938266
16  79  249.33236260157759
18  84  154.88218271853106
20  74  320.38594311036303
2  15  135.60069582677792
4  33  95.592158054391945
6  53  163.3763742939808
8  23  400.99530073230176
10  40  186.59712734435467
12  67  123.49150510612014
14  69  151.54628901889262
16  83  142.54428734164568
18  87  135.79746189061967
20  81  159.49336595391662
2  40  124.6125324160373
4  47  205.29382957803045
6  18  267.32712160823183
8  39  237.75447970791774
10  61  231.65010691824014
12  44  224.30161787841621
14  78  130.97695050870348
16  76  250.91925720878419
18  68  536.00562261856396
20  78  224.34138143487124
2  9  94.905592846090954
4  55  131.78955960653991
6  31  326.40057888042708
8  54  111.15118117141728
10  51  204.71364220877769
12  57  173.01583460955632
14  45  344.1616970426665
16  74  122.65813489213005
18  77  202.23285910241296
20  88  101.82550283824608
2  14  147.0433510498693
4  38  137.72967649782154
6  19  141.35420201730429
8  60  284.90913625490271
10  73  148.63534665843952
12  77  150.24788844475219
14  65  307.62156427206213
16  66  372.93504997927425
18  77  167.85059807887836
20  82  164.6955529455939
2  50  111.52976186996661
4  36  146.92923644696404
6  55  168.74492699342761
8  74  161.98490437961073
10  56  301.77861017855406
12  41  384.02352377415212
14  64  239.32848776101065
16  85  87.049549667586589
18  70  208.24574599654781
20  68  316.77595531004118
2  18  165.34929361351288
4  66  77.30911398319806
6  54  162.11808782724927
8  37  237.87256155681999
10  50  302.16442075635541
12  54  350.94170634956004
14  72  287.22419785601124
16  62  350.46028645584255
18  69  246.7965880805275
20  86  143.53064885749515
2  77  59.137829474038014
4  46  93.335338880945145
6  33  250.12282414014209
8  66  258.44939735680373
10  98  4.5837905007923192
12  70  180.29367498298714
14  77  137.82729734339611
16  48  589.34458030786243
18  62  267.23300049489291
20  71  353.40383855400478
2  71  66.492226402487276
4  37  135.10795889028569
6  55  123.82372386416766
8  72  168.74846789706567
10  62  195.72290322819043
12  69  194.26468646870728
14  62  306.27455486688621
16  55  291.97956033765485
18  63  319.95424668125258
20  88  118.87584668396072
2  32  141.88283291899285
4  22  215.01092049824405
6  27  264.72512625096635
8  30  388.63815887911989
10  29  368.53673360240236
12  56  415.72570182194141
14  66  370.16407501343383
16  57  355.70953594467881
18  82  242.9108006197589
20  88  115.02146104747094
2  37  107.09378370508792
4  72  106.10472450795169
6  51  247.1389869630176
8  65  183.89842598028122
10  43  490.59612891935188
12  43  426.01497407278094
14  76  189.86938354349962
16  90  78.373458216131525
18  70  278.69950158619758
20  82  154.68284458466542
2  17  171.56076889884457
4  22  159.97468428170529
6  36  175.84039272300916
8  62  176.6723642139543
10  53  267.77399093571159
12  69  257.10579985320038
14  61  417.92233530045422
16  69  188.184898207429
18  77  201.27166088625066
20  82  148.41796991132938
2  64  83.070557306328354
4  37  186.26355378415289
6  15  100.56700911599251
8  64  145.39653687226752
10  46  351.79142597743908
12  37  312.63193752182821
14  32  303.65268976993013
16  53  406.03746363976245
18  55  468.61687642716049
20  86  118.35200262686291
2  24  85.920917619484101
4  39  196.24575838089288
6  73  93.532856831516611
8  34  261.52785792520177
10  27  510.84323501936274
12  75  157.12890708754489
14  67  262.34656422958312
16  74  210.62160019993718
18  66  368.89736803927781
20  86  107.13718212991982
2  0  41.99999999999995
4  24  135.78573478343702
6  58  202.803460484813
8  49  344.7481489202475
10  50  198.48726088401168
12  95  30.819596841288913
14  61  339.55417099559014
16  78  141.45195225077254
18  80  114.21670078302792
20  63  325.34158400077291
2  24  132.60525118584863
4  78  80.009514179497899
6  72  111.75653790583416
8  72  118.5174825451096
10  80  135.62649180353813
12  41  320.34565994417426
14  56  331.15176312014506
16  83  139.20492846243917
18  66  283.79807289050535
20  71  289.6677373284449
2  35  79.10671701955998
4  53  183.75428762582516
6  37  253.02402635349654
8  83  86.12020502135708
10  69  176.42532041159879
12  42  268.54758162703166
14  49  485.10186236975619
16  69  306.80205264461131
18  72  118.20575448670151
20  74  195.07936596508767
2  6  164.08457644986223
4  24  298.34509105494266
6  50  147.52058564555117
8  53  181.51688239355573
10  54  284.97897593456304
12  76  144.86748468855998
14  82  77.474352510554937
16  66  297.36468206011222
18  72  261.70674309520774
20  81  181.9811583159522
2  16  171.39856017733766
4  40  151.52995142966324
6  53  192.22627700840161
8  19  471.02029438410409
10  70  175.87195948731821
12  78  125.57935579459746
14  37  537.99007847288476
16  87  115.58939078496414
18  55  393.04233484872498
20  75  180.74984654201737
2  32  68.722964041649007
4  44  176.46879753257858
6  32  197.48341432822386
8  45  249.488563627942
10  69  235.14973336226285
12  73  135.84847387835393
14  55  446.83861699138663
16  67  187.59411817854368
18  65  268.89320694512389
20  80  239.83973098244837
2  13  88.583102684894001
4  29  259.16155628490407
6  23  161.67233468883094
8  73  79.306152009616582
10  47  359.30647789186315
12  79  140.52818504677489
14  71  250.0961417730903
16  47  304.95827530464686
18  65  320.88945826744896
20  71  221.87056512694124
2  33  108.22319986255461
4  6  167.80716211943789
6  44  172.29075757600882
8  28  386.50405298755527
10  33  276.80236802779251
12  67  179.6839846614246
14  57  413.63452430565189
16  61  259.23685452304409
18  77  124.46515873275965
20  79  143.17087420299296
2  8  164.17842915698287
4  58  131.04361877124262
6  66  158.1108029362891
8  59  279.73914814006724
10  49  219.09946291561764
12  73  221.19477253282494
14  60  357.81878357569826
16  79  226.91016553828507
18  72  338.58011346268023
20  79  220.26241305772817
2  38  74.880346223574293
4  28  217.86176204295478
6  27  322.73242816619171
8  60  188.3367995085986
10  59  231.03497475640506
12  71  230.47302903448218
14  88  107.31445283210896
16  75  267.0274183845026
18  68  410.10575273838401
20  78  164.25901301952018
