10  67.333333333333329  365.66805960691187
15  75.0  430.98072789393808
20  77.333333333333329  536.73976769162664
25  83.0  490.92303527808167
30  93.666666666666671  320.42681985629935
35  92.333333333333329  346.72054637616878
40  87.0  524.71206925390538
45  96.333333333333329  264.87851319539573
50  97.333333333333329  259.77482781593028
10  69.666666666666671  411.2131901126445
15  80.0  460.08339365645071
20  78.0  515.13065663859322
25  99.0  213.19354448826419
30  92.0  360.13240537454328
35  98.0  231.96755679761884
40  93.666666666666671  348.56191528146076
45  98.666666666666671  221.53599569751049
50  86.666666666666671  532.53461379011492
10  66.0  392.19104271074531
15  76.0  458.89124583999171
20  70.666666666666671  658.30039460092678
25  81.666666666666671  492.47300631875044
30  85.666666666666671  528.0192674340434
35  86.666666666666671  539.23502630064354
40  95.333333333333329  294.14191622642835
45  97.0  244.84951425045057
50  91.0  381.00329192659416
10  50.0  522.53563025962399
15  76.333333333333329  405.6286087428611
20  92.333333333333329  296.56659555171632
25  95.0  274.59615302857219
30  78.666666666666671  663.44847192504358
35  96.666666666666671  248.19817355749058
40  93.0  330.2367138358548
45  97.0  258.69489300685632
50  96.666666666666671  261.46141824712225
10  58.333333333333336  543.55750788443538
15  83.333333333333329  378.27277379612411
20  79.666666666666671  475.6274641185575
25  87.333333333333329  451.14193340334884
30  78.0  701.6738761133463
35  86.666666666666671  507.01162745572231
40  95.333333333333329  293.10047080190986
45  93.333333333333329  292.85667039159495
50  97.333333333333329  242.98649087737192
10  83.333333333333329  319.37245129607669
15  74.333333333333329  430.83351242202701
20  82.666666666666671  391.68638228582012
25  87.666666666666671  410.18401339088717
30  90.0  438.52384291687207
35  88.333333333333329  479.91189351788267
40  100.0  213.21909881282022
45  91.333333333333329  439.02546143288191
50  92.333333333333329  365.39900474476309
10  61.0  410.17599630026581
15  77.333333333333329  384.25274921828697
20  88.333333333333329  355.23783362008396
25  85.333333333333329  480.84649135645174
30  90.333333333333329  321.01242263775146
35  91.666666666666671  370.71655740753943
40  93.666666666666671  337.46358193967939
45  95.0  267.19339072609466
50  96.0  262.84494268998816
10  60.0  460.63567522851719
15  80.666666666666671  395.78572269400797
20  89.0  380.42811950311477
25  89.0  399.07724757324712
30  86.0  464.96956096956433
35  89.0  461.64567417706917
40  94.0  339.009698189429
45  98.0  208.09892062055707
50  94.0  338.7460175270071
10  51.0  535.27018128650229
15  83.0  399.37060751623142
20  84.0  389.83474212254305
25  89.333333333333329  358.37537115436714
30  96.0  253.27763509722053
35  93.0  354.92471119634757
40  87.666666666666671  494.05724818392707
45  89.0  464.76470587412859
50  96.0  257.74770109101883
10  68.666666666666671  415.60074875854872
15  87.0  352.6275267757797
20  73.333333333333329  551.32861084739466
25  84.0  460.23206395738316
30  93.333333333333329  371.28178041430954
35  91.333333333333329  411.23561297868235
40  92.0  384.19044162117825
45  97.0  261.85082259864697
50  91.666666666666671  410.2593916044417
10  64.333333333333329  445.80312807128098
15  74.666666666666671  424.56265075945055
20  88.333333333333329  391.89538409537175
25  88.333333333333329  435.66513497230227
30  83.333333333333329  552.37654592359434
35  93.0  366.12843614713216
40  94.333333333333329  340.71305864304702
45  97.0  264.2114444512614
50  91.333333333333329  370.27347924223949
10  67.0  339.09572699657207
15  78.666666666666671  374.52430391193832
20  87.666666666666671  396.74154174810155
25  84.666666666666671  489.0718434201678
30  87.666666666666671  433.3097634802499
35  92.666666666666671  373.09007831610523
40  98.333333333333329  217.62100719096546
45  95.0  269.98735338218478
50  91.333333333333329  395.37745738268262
10  45.666666666666664  551.80368269885446
15  77.666666666666671  422.59062373310206
20  91.333333333333329  319.00210240204279
25  76.333333333333329  604.06771959938033
30  91.333333333333329  349.42164681568443
35  93.666666666666671  341.18378904296685
40  93.0  332.78918059858165
45  96.666666666666671  259.54213662817313
50  94.666666666666671  336.14456376889547
10  75.333333333333329  356.69632814012812
15  81.666666666666671  389.86075989213464
20  88.333333333333329  383.84478812703276
25  89.0  405.52540974975983
30  94.333333333333329  281.7455790282192
35  93.333333333333329  362.7548570359495
40  92.0  378.19541217125266
45  89.0  471.77930313409087
50  97.0  263.25750918147332
10  52.333333333333336  465.95291322133647
15  87.0  334.53206358821427
20  78.666666666666671  551.01730404332557
25  79.333333333333329  509.65802306104217
30  95.0  300.31236146366683
35  96.0  307.88587925325737
40  95.666666666666671  307.37579942391574
45  87.0  521.60482734998368
50  96.333333333333329  276.57222480123977
10  47.333333333333336  460.56115923996219
15  83.333333333333329  381.55213074642
20  85.0  400.78265136863894
25  85.333333333333329  454.60141434189677
30  90.0  407.97633448050931
35  93.666666666666671  315.06162113937205
40  90.666666666666671  400.46457195166391
45  96.666666666666671  233.60354744835868
50  97.333333333333329  257.53123584963589
10  61.333333333333336  482.44725336351894
15  81.333333333333329  388.27374229481978
20  89.666666666666671  416.74483365981098
25  90.666666666666671  393.73570439768457
30  88.0  381.14237204119627
35  88.333333333333329  421.47702251949198
40  95.666666666666671  261.33675146248601
45  97.0  295.37922240177033
50  94.0  326.36830329599007
10  75.666666666666671  430.21286329769123
15  72.0  500.85794261488292
20  86.0  382.29735425484159
25  94.666666666666671  309.05593219921866
30  83.0  431.27242569135854
35  89.333333333333329  428.08459928861038
40  91.666666666666671  393.39390312801066
45  94.0  348.00727608448187
50  95.666666666666671  298.83690330166269
10  67.666666666666671  420.65424392424137
15  80.666666666666671  367.95510210194402
20  91.0  322.56312482415609
25  92.666666666666671  328.12581692078612
30  88.666666666666671  446.42704426206006
35  94.666666666666671  324.77674140281999
40  97.0  255.09859531402233
45  93.333333333333329  357.32284190822332
50  92.666666666666671  342.83225549681777
10  68.333333333333329  366.23163416191346
15  72.333333333333329  505.51587580455327
20  80.666666666666671  513.06950586435892
25  90.333333333333329  354.5795708554798
30  89.0  456.11870899091332
35  87.0  482.6740998353992
40  95.666666666666671  284.31404559865439
45  98.0  243.70060361351079
50  99.0  201.17272774449356
10  78.0  326.49924864165018
15  79.0  411.99206055844064
20  90.333333333333329  341.49140940682753
25  83.0  477.40496947594517
30  81.0  663.38194462567037
35  95.0  314.25971695236063
40  93.0  376.67946830716852
45  92.666666666666671  329.27022716415968
50  95.666666666666671  290.3248088745068
10  56.666666666666664  492.51503947937283
15  72.0  407.58171961630723
20  80.333333333333329  477.90819721391955
25  94.333333333333329  316.19910008142921
30  86.666666666666671  495.26517987750242
35  94.0  339.50313544690312
40  89.666666666666671  467.05995788532908
45  98.0  228.12544056633945
50  92.666666666666671  359.27354520275281
10  61.666666666666664  363.63425892890893
15  80.666666666666671  413.3313951778506
20  90.666666666666671  341.29324753107699
25  86.666666666666671  478.72413478228628
30  87.0  492.18255467424262
35  91.0  404.52430606380091
40  93.0  367.44850279427749
45  88.666666666666671  466.14910520574438
50  92.666666666666671  348.63132150497461
10  73.0  361.05851858114778
15  67.666666666666671  501.51212723746573
20  73.0  563.64721403992098
25  87.333333333333329  425.29395076455387
30  87.333333333333329  497.33722272965491
35  93.666666666666671  374.24737553231029
40  94.333333333333329  316.05101233006508
45  90.333333333333329  438.54236557244963
50  94.666666666666671  355.62978322444081
10  74.333333333333329  370.60077196669687
15  85.666666666666671  336.23863167639979
20  82.0  433.68365779112685
25  89.666666666666671  401.90828504895279
30  86.666666666666671  526.59603776568622
35  90.0  413.52514689277837
40  95.0  286.88557919812445
45  92.666666666666671  370.28739801706911
50  91.666666666666671  375.01581812833837
10  68.666666666666671  487.21754397682616
15  68.666666666666671  582.36679824132648
20  89.666666666666671  333.33073531147363
25  83.333333333333329  470.37972095142135
30  91.666666666666671  405.46171426093827
35  91.333333333333329  343.84144464737699
40  94.0  337.02809174159853
45  92.333333333333329  394.56237507896594
50  93.0  362.01094469810857
10  51.666666666666664  407.99378091920937
15  72.0  379.55442047466141
20  81.0  459.61677914139364
25  87.0  488.57093373098434
30  88.0  394.58181758844336
35  97.0  271.35105196430339
40  85.0  526.42189796992955
45  97.333333333333329  254.30202763357704
50  94.333333333333329  315.84172655682175
10  76.666666666666671  358.95355277732676
15  75.333333333333329  484.71075735061191
20  77.333333333333329  562.95024951094217
25  89.333333333333329  389.64606769546731
30  88.0  422.35209759026759
35  97.0  251.28227521755127
40  94.666666666666671  295.81149766813434
45  93.666666666666671  326.89809824188495
50  93.0  369.83181082517962
10  67.0  375.74041088708515
15  76.0  474.12637289379387
20  90.0  370.4235678644946
25  82.333333333333329  514.2985264481423
30  94.666666666666671  294.33589841392006
35  83.0  587.35147754998241
40  88.666666666666671  476.32374915251279
45  95.0  303.14708114220497
50  88.333333333333329  477.51135310796889
10  64.333333333333329  367.03158932318757
15  82.333333333333329  401.06283715227244
20  75.666666666666671  508.60072544974594
25  91.666666666666671  314.81087948679919
30  90.333333333333329  379.8733929835094
35  88.666666666666671  444.75821907048453
40  92.0  386.34388609090365
45  97.333333333333329  266.90499995610895
50  95.333333333333329  293.67831134419924
10  73.333333333333329  364.62736803341522
15  55.666666666666664  566.19258718347965
20  81.333333333333329  425.49561008326856
25  79.666666666666671  474.38877856674918
30  93.0  338.95918572184399
35  89.666666666666671  444.9684225074958
40  89.666666666666671  428.26404524141935
45  95.666666666666671  281.65965783231212
50  95.333333333333329  310.41656748418052
10  73.666666666666671  342.02581015423414
15  85.333333333333329  378.3023619815678
20  81.0  390.05824473808445
25  86.0  389.92677643167644
30  89.0  381.44111478227342
35  95.0  301.1773635165639
40  95.333333333333329  327.42009648940888
45  92.0  402.04829685305066
50  94.0  363.05115185101778
10  79.333333333333329  294.69882447371367
15  81.666666666666671  419.80311894100464
20  84.0  389.06003951671374
25  77.333333333333329  550.22672303116576
30  87.666666666666671  453.1842340771463
35  96.0  285.14064428897302
40  92.333333333333329  383.20882097144562
45  90.0  430.30548080666006
50  93.0  345.17860762972049
10  72.666666666666671  378.64395295400806
15  60.666666666666664  649.700671473993
20  72.666666666666671  564.98525058372707
25  93.0  281.85283675653369
30  84.333333333333329  540.18521068400923
35  88.0  420.2919897341647
40  90.666666666666671  422.88169469442573
45  91.666666666666671  376.29613561284708
50  94.333333333333329  329.55080701578743
10  71.333333333333329  358.25687283685005
15  93.333333333333329  278.55998074771099
20  79.0  503.87590020815134
25  88.666666666666671  459.15286934525221
30  89.333333333333329  374.40334879137055
35  96.0  303.38027715400341
40  92.666666666666671  397.59628865635312
45  92.0  349.31069215666207
50  93.666666666666671  347.19770926536955
10  67.666666666666671  368.29194278402508
15  67.666666666666671  536.01286180553564
20  88.0  349.92317418315645
25  97.0  245.5554580644181
30  89.0  459.58523023720392
35  92.0  369.91245890502847
40  97.666666666666671  237.82798248868608
45  95.666666666666671  295.99828368877911
50  96.0  288.52894318646992
10  79.333333333333329  382.94245238265978
15  71.0  528.93610607523431
20  70.666666666666671  514.79630299067401
25  86.666666666666671  422.46172030464749
30  90.666666666666671  362.37417525140518
35  87.333333333333329  485.12364703659495
40  93.333333333333329  379.81165183165814
45  92.0  401.2411123370556
50  89.666666666666671  435.44464641060114
10  74.333333333333329  349.40955385074227
15  65.666666666666671  470.91180403943446
20  79.0  502.53886148259386
25  88.666666666666671  390.21816669751445
30  79.0  607.09074732387694
35  95.333333333333329  280.37492597739896
40  88.0  453.82565427122842
45  95.333333333333329  317.95009969864304
50  95.333333333333329  331.44984427560314
10  59.333333333333336  364.91983885829683
15  81.666666666666671  390.43606769022585
20  76.333333333333329  524.68168652115685
25  84.0  483.44340606222897
30  86.333333333333329  500.9069122467593
35  89.666666666666671  437.89367926755961
40  88.0  470.59073571752401
45  96.0  249.68798227129815
50  96.0  302.37735531440615
10  62.666666666666664  403.97982645986076
15  65.666666666666671  558.18699843688489
20  79.0  452.04497874956058
25  82.333333333333329  529.20130218203985
30  90.0  396.16223968553373
35  82.0  598.05250865300309
40  93.333333333333329  363.38703997623855
45  92.666666666666671  369.8121887157123
50  94.333333333333329  309.02699631813994
10  66.666666666666671  420.34061975838944
15  81.666666666666671  376.08632435346681
20  82.666666666666671  387.17014559607293
25  93.0  281.40224373270314
30  85.333333333333329  537.73951269195254
35  88.0  512.40993132575136
40  95.0  295.85179505047387
45  92.333333333333329  296.07623209461156
50  92.666666666666671  368.34419968189229
10  58.333333333333336  459.14709532646503
15  81.0  392.860580645499
20  88.333333333333329  313.61900886511614
25  72.666666666666671  603.462134903638
30  91.666666666666671  356.65105711408648
35  88.333333333333329  432.99438807056708
40  92.333333333333329  377.85131530490924
45  95.666666666666671  281.45320275927435
50  93.666666666666671  332.01407077903195
10  60.333333333333336  457.15292018119703
15  74.666666666666671  453.53823995819852
20  94.333333333333329  278.32254868631935
25  86.666666666666671  382.56427313830511
30  81.666666666666671  550.50104336530842
35  88.666666666666671  461.67120477621455
40  95.666666666666671  289.04009164436832
45  92.666666666666671  367.93858701008213
50  97.0  256.67837812253032
10  66.333333333333329  432.91065316271806
15  78.0  479.31070897714466
20  93.0  246.63910480060838
25  90.666666666666671  349.04389121622791
30  94.666666666666671  324.00610923634321
35  95.666666666666671  292.99074173253717
40  95.333333333333329  297.02537663377223
45  90.333333333333329  399.16684231443065
50  94.0  361.1039187405064
10  85.0  314.37594846539298
15  86.333333333333329  314.46114742214758
20  88.333333333333329  334.01185966874505
25  76.0  590.01113651461344
30  86.333333333333329  499.33179267248295
35  90.666666666666671  404.02175371156409
40  95.666666666666671  277.16207482827724
45  83.333333333333329  600.1234603871884
50  95.333333333333329  291.77581831384015
10  79.666666666666671  287.78244545460586
15  67.333333333333329  509.08303287697942
20  76.666666666666671  466.5097435917998
25  90.333333333333329  329.62460531558531
30  80.0  659.26996363411297
35  89.666666666666671  449.46029372444798
40  93.0  307.56411879329647
45  90.333333333333329  431.17131364686941
50  96.0  292.76179577455963
10  67.0  421.34171834278118
15  68.333333333333329  516.72063471200147
20  83.333333333333329  374.06652063808809
25  88.0  389.20266494938249
30  83.333333333333329  479.18148933987129
35  95.333333333333329  308.75387143179341
40  97.333333333333329  234.53101431482384
45  85.0  561.24683077208965
50  92.666666666666671  330.82093957784502
10  64.333333333333329  479.40239987770502
15  80.333333333333329  420.44411870870471
20  78.666666666666671  480.34741875887062
25  88.666666666666671  399.11468517469962
30  88.333333333333329  419.34139472662332
35  85.0  553.3106480001876
40  87.0  509.76709112480717
45  95.0  320.21340965871042
50  92.666666666666671  402.30915421515857
10  59.666666666666664  461.7079071798733
15  82.666666666666671  393.39437227269548
20  70.0  632.03892043524024
25  83.0  434.69664467007345
30  81.0  511.56584648444209
35  89.666666666666671  423.60368877270918
40  91.333333333333329  421.70931079950822
45  96.666666666666671  266.35960557263803
50  93.666666666666671  305.98129280043059
10  57.666666666666664  411.65313955527893
15  79.0  453.89908578563978
20  70.333333333333329  583.0903301217985
25  89.666666666666671  362.74928093918038
30  87.666666666666671  484.80188931709102
35  85.333333333333329  485.31854236725889
40  93.333333333333329  353.79699691958086
45  93.666666666666671  348.31825900937253
50  96.0  264.12768323818165
10  58.0  449.01401900003083
15  82.0  396.29716067181408
20  77.0  556.65699698354058
25  75.333333333333329  625.60906570919917
30  83.333333333333329  553.81975522165123
35  96.0  285.46428850698015
40  95.0  303.72232241353953
45  95.666666666666671  293.35888455675018
50  97.333333333333329  266.37391199743337
10  69.0  400.71818468105971
15  77.333333333333329  415.94519176531253
20  83.333333333333329  404.66428353410436
25  89.666666666666671  393.88942583773701
30  89.666666666666671  421.48110678368414
35  86.333333333333329  500.73648183778573
40  89.666666666666671  454.05504994177284
45  96.333333333333329  247.38108883238584
50  99.0  203.73052326785393
10  84.0  299.56117268691094
15  65.333333333333329  585.37828487337958
20  86.0  436.20960030370611
25  86.666666666666671  467.36557916351245
30  93.0  354.5492149207837
35  91.666666666666671  417.19955334501202
40  87.0  515.47357820794161
45  90.0  425.41445626240863
50  95.666666666666671  314.59042000210911
10  67.666666666666671  358.03159262483598
15  68.333333333333329  485.01508441331907
20  84.666666666666671  397.26146063016222
25  92.333333333333329  363.43181163832753
30  89.0  413.03848235887807
35  91.0  438.05705946091393
40  86.0  511.66574273577527
45  94.666666666666671  300.30278801182806
50  95.666666666666671  292.26711936777394
10  71.333333333333329  428.93153069453268
15  62.666666666666664  572.27453099253216
20  69.666666666666671  711.90183259029084
25  85.333333333333329  452.70349800508694
30  94.0  350.24240598489774
35  94.333333333333329  312.44161659433229
40  89.666666666666671  453.22579618479421
45  93.333333333333329  343.95251507071509
50  92.333333333333329  376.45218838419117
10  61.0  416.0968269418924
15  72.666666666666671  462.86227536613734
20  90.333333333333329  367.30397634403761
25  88.333333333333329  374.30576452974464
30  83.0  577.87949581659893
35  89.333333333333329  420.72733505151365
40  96.0  269.68692812975178
45  94.0  356.79001582123294
50  94.666666666666671  310.87696917764873
10  81.666666666666671  314.83841646565998
15  82.333333333333329  400.10174145540122
20  82.333333333333329  466.53164873662183
25  83.666666666666671  446.44306924946301
30  86.666666666666671  457.52939228942063
35  94.666666666666671  319.62960329446139
40  86.0  525.29924980790372
45  92.0  364.99991497146522
50  90.0  442.56927681871406
10  76.666666666666671  356.6597618677103
15  75.666666666666671  492.4297517076028
20  91.333333333333329  292.16152452859012
25  93.666666666666671  351.99556080338539
30  87.666666666666671  453.91626231034462
35  96.666666666666671  289.25663927845022
40  90.333333333333329  412.08913660884929
45  97.666666666666671  234.48326060897293
50  94.333333333333329  338.51381935546107
10  69.0  420.04107472698468
15  71.333333333333329  498.75610993441308
20  89.333333333333329  357.1449340215587
25  90.666666666666671  338.98625293099275
30  95.666666666666671  240.04724744475115
35  88.666666666666671  443.38430135694716
40  98.0  235.52746155759223
45  92.333333333333329  380.78938327590805
50  95.666666666666671  302.4681816926531
10  70.666666666666671  367.98812935573983
15  80.0  388.94891400261554
20  80.666666666666671  530.37001164260221
25  80.333333333333329  598.09072236428347
30  80.666666666666671  564.39058824572703
35  91.666666666666671  350.31236330133027
40  91.666666666666671  401.27411797234629
45  86.0  567.90810080018946
50  93.666666666666671  350.97359103289494
10  70.0  395.85395283076696
15  95.666666666666671  256.86811634428398
20  75.666666666666671  520.64366789977009
25  93.0  364.2699590192488
30  95.333333333333329  323.29218098889908
35  93.333333333333329  310.3210401364903
40  96.0  307.87927552234169
45  92.666666666666671  339.76157517110607
50  99.0  211.37817997879489
10  64.0  373.4999552527832
15  60.0  679.81654091037649
20  81.0  481.78427769461547
25  85.0  458.74338800816537
30  93.666666666666671  357.03277551633209
35  94.666666666666671  338.61473749147234
40  98.666666666666671  243.30097249665997
45  94.0  337.67819012327607
50  97.333333333333329  248.28792983142213
10  80.333333333333329  375.01341273231196
15  77.666666666666671  492.5109774533808
20  78.0  477.80803078106106
25  92.0  377.39609664913377
30  88.666666666666671  413.68655811974901
35  87.666666666666671  462.89934590198391
40  90.0  434.9069712243961
45  90.666666666666671  404.97992400229612
50  97.666666666666671  258.7693213473168
10  60.0  458.86185132947503
15  81.333333333333329  410.58566683871982
20  83.666666666666671  510.29604052316296
25  80.333333333333329  530.14722336479849
30  74.666666666666671  615.72473109410544
35  85.333333333333329  499.33449983520546
40  91.0  423.34262973945056
45  97.0  219.29319861188281
50  94.0  341.01640049760448
10  56.666666666666664  501.13338513311459
15  69.333333333333329  482.76189251409733
20  78.0  528.06841250334764
25  87.333333333333329  453.97510511727023
30  90.666666666666671  377.40061851912668
35  88.0  457.39803861626712
40  84.333333333333329  567.83129199936786
45  94.333333333333329  313.20757928516707
50  91.666666666666671  397.39049883151074
10  71.0  398.77151085372856
15  80.333333333333329  429.53134484416694
20  77.333333333333329  493.03367165201126
25  94.0  302.77554747989694
30  81.0  586.22968574825825
35  87.333333333333329  517.00397264303126
40  94.0  302.09103358172791
45  90.333333333333329  382.13920802984222
50  95.333333333333329  296.8156591368525
10  74.0  432.45776015835662
15  72.333333333333329  453.2710982385276
20  92.333333333333329  304.29368700417717
25  92.0  356.26301332662388
30  89.666666666666671  412.82011251190966
35  81.333333333333329  637.86900156317279
40  93.0  363.30008587916399
45  96.0  317.65927703959022
50  94.333333333333329  361.79821696025419
10  50.0  587.36976673347147
15  79.666666666666671  355.56032080102091
20  85.333333333333329  369.55166618104039
25  93.666666666666671  320.16726682404897
30  93.0  370.26077756493964
35  84.666666666666671  583.97037837376308
40  91.0  402.54814438604194
45  92.0  362.11878927517012
50  94.666666666666671  316.04008774760848
10  71.0  370.85538851786538
15  61.666666666666664  578.56264231584942
20  74.666666666666671  497.23819471758748
25  91.666666666666671  313.96830369622512
30  96.666666666666671  245.17769937640992
35  90.666666666666671  429.93764879880825
40  85.666666666666671  551.83430710618666
45  93.0  333.35558833298023
50  97.0  272.61718971260314
10  62.333333333333336  456.64897916152449
15  70.666666666666671  483.31858650368173
20  89.333333333333329  315.10824361071997
25  86.0  465.830148703237
30  94.0  315.8535426649932
35  88.666666666666671  473.72168224640939
40  89.666666666666671  456.56241337095901
45  95.333333333333329  280.96988792416499
50  92.0  379.79385393259895
10  57.333333333333336  471.86263917394484
15  75.333333333333329  440.49977370585628
20  91.0  342.61428555934572
25  81.0  437.81010325861649
30  95.666666666666671  271.39336868639646
35  86.0  509.48913595283597
40  95.0  297.00379395588612
45  93.666666666666671  360.35015023018423
50  90.666666666666671  407.22196532146535
10  55.0  483.52778854593055
15  79.666666666666671  395.14034093116237
20  85.333333333333329  420.04085161488842
25  92.666666666666671  359.61929256503959
30  92.666666666666671  336.07054398036689
35  85.333333333333329  467.53286653727315
40  91.333333333333329  362.96915977433792
45  94.333333333333329  340.35365209992324
50  95.333333333333329  304.78430384382204
10  77.0  300.63407526755839
15  55.666666666666664  405.82843049873293
20  89.333333333333329  329.41553369914624
25  92.0  297.33934057177231
30  95.0  300.04570088652468
35  93.333333333333329  353.86293184795255
40  94.333333333333329  311.30408537326383
45  86.666666666666671  495.57767190980451
50  97.0  270.77638294486695
10  74.666666666666671  397.47126193537508
15  65.666666666666671  606.33060418216814
20  84.0  420.13453827500661
25  81.0  515.02557942490341
30  91.666666666666671  363.25613901352375
35  88.0  439.89582940348822
40  93.666666666666671  338.5628504486636
45  95.333333333333329  291.99649219784641
50  95.0  323.14385641757161
10  77.666666666666671  372.43452720028705
15  87.666666666666671  335.42184842483238
20  87.333333333333329  395.64665668525066
25  82.333333333333329  464.14280285764374
30  90.0  406.4767736227729
35  95.666666666666671  258.49142971265485
40  97.666666666666671  268.74765051962623
45  95.666666666666671  283.31054831608236
50  99.0  205.27233644418686
10  89.333333333333329  267.74905624801687
15  74.333333333333329  488.11772806021492
20  90.333333333333329  359.35023653269343
25  93.666666666666671  307.73422981510049
30  83.666666666666671  508.88964997918282
35  89.333333333333329  418.59635667762677
40  95.0  330.15408138813018
45  84.333333333333329  534.12476646009156
50  94.666666666666671  301.74907053696313
10  73.0  361.04887001089372
15  78.333333333333329  415.59339778000418
20  79.0  499.42718811383435
25  81.0  544.85537963275999
30  86.0  506.08331554788975
35  86.333333333333329  510.82571718236386
40  93.333333333333329  331.24655912828149
45  90.333333333333329  412.76496665812255
50  89.666666666666671  436.77782803591288
10  55.333333333333336  484.71198311257928
15  82.0  392.66605702187729
20  76.0  541.54094743281837
25  86.666666666666671  431.33945006018905
30  89.666666666666671  379.16280877350465
35  89.666666666666671  469.5126110447701
40  96.0  289.29587257205793
45  92.333333333333329  350.09122242595708
50  94.666666666666671  301.12522934256725
10  42.333333333333336  487.63278274281424
15  72.666666666666671  434.16069115245818
20  79.333333333333329  432.01800796246584
25  93.666666666666671  341.64066526337837
30  87.0  499.46493981621995
35  84.333333333333329  594.38909088911851
40  94.0  303.25124294372881
45  98.0  244.48189451960502
50  98.333333333333329  251.71936670896679
10  55.666666666666664  400.43743992392422
15  89.333333333333329  331.62092705596234
20  64.0  640.68168715031447
25  87.333333333333329  435.89762261782528
30  93.0  320.86695430511543
35  97.333333333333329  289.30210269716162
40  96.666666666666671  297.2232602535974
45  85.0  559.97683259564974
50  96.333333333333329  286.84951224109352
10  74.0  388.19298592843438
15  95.0  290.35983019664297
20  77.333333333333329  509.50159061345198
25  75.333333333333329  595.59077310582063
30  81.333333333333329  619.44964801153469
35  86.333333333333329  517.13634523218786
40  86.333333333333329  471.28378792581611
45  92.0  351.69502719325476
50  93.333333333333329  366.08064115742616
10  68.0  440.05791832997784
15  80.333333333333329  398.60976621352239
20  81.666666666666671  515.75695778355498
25  89.0  364.47203376792766
30  82.666666666666671  541.90838814148651
35  95.333333333333329  251.40716446343393
40  96.0  277.45367302368101
45  94.666666666666671  301.96985457971158
50  95.666666666666671  318.37599293230187
10  65.666666666666671  388.97045043413129
15  71.333333333333329  506.00525647407022
20  81.666666666666671  406.65462666588166
25  77.0  402.85733684524803
30  89.666666666666671  428.75481918745862
35  93.0  375.15914331086611
40  90.333333333333329  423.55642292809307
45  99.0  216.78538329750461
50  98.666666666666671  211.23164205338202
10  64.333333333333329  441.59228888147453
15  66.0  481.12184090545003
20  78.0  452.34179407270642
25  90.333333333333329  408.48257039040442
30  84.0  537.27320293442835
35  92.666666666666671  352.55843684272372
40  92.666666666666671  351.85286807470169
45  96.333333333333329  272.86710449167339
50  93.0  330.53509389383123
10  76.333333333333329  382.20770799093634
15  88.333333333333329  337.62872748679871
20  75.666666666666671  552.35453424701507
25  79.0  452.45495456017795
30  88.333333333333329  409.43505212249744
35  94.0  311.1886790593162
40  85.666666666666671  500.11688614594033
45  90.0  441.26029910903156
50  97.333333333333329  245.2743055015676
10  54.333333333333336  520.16508177315075
15  63.333333333333336  622.10464071788306
20  81.333333333333329  449.04805548129531
25  75.666666666666671  594.34173907094191
30  89.666666666666671  359.66662527530474
35  94.333333333333329  319.91182511314423
40  94.666666666666671  296.43636360314065
45  88.666666666666671  437.39264228938328
50  95.666666666666671  277.03207072479006
10  59.666666666666664  470.6789317796763
15  85.0  355.06724960842945
20  81.0  477.77972835543841
25  83.0  479.89115962397392
30  85.333333333333329  512.79683950471076
35  95.0  313.89238476974532
40  97.666666666666671  248.41998040091912
45  95.666666666666671  322.75668742642637
50  92.666666666666671  360.6487038950728
10  79.0  350.89291498029189
15  81.0  404.71330891886424
20  73.666666666666671  501.97672281994994
25  92.0  314.46455964590359
30  90.666666666666671  394.93882087323061
35  91.0  430.83082289357196
40  95.666666666666671  255.79810714413557
45  94.0  312.61017400772846
50  96.333333333333329  279.38461535620883
10  51.0  551.54490237004848
15  70.333333333333329  471.39733908006036
20  78.0  458.01306359857352
25  85.666666666666671  423.98163333496029
30  89.333333333333329  421.80495251126547
35  95.666666666666671  295.40804426499631
40  89.666666666666671  420.47785430567717
45  97.333333333333329  240.47597872306545
50  96.0  288.63204708375622
10  71.333333333333329  341.17511312628073
15  78.333333333333329  371.77853552801542
20  84.0  388.61562047706201
25  97.333333333333329  261.88505938835851
30  87.333333333333329  420.6321907927059
35  88.333333333333329  435.61193307105219
40  92.666666666666671  356.83162686894917
45  96.333333333333329  249.72817869079563
50  96.0  276.43257878453784
10  71.0  426.42271868990787
15  85.333333333333329  331.85032524036365
20  89.666666666666671  318.18470811044364
25  91.666666666666671  302.95184832656201
30  93.333333333333329  313.00602483636328
35  87.666666666666671  472.17238554705693
40  85.666666666666671  553.87279368528596
45  94.666666666666671  306.68966153982808
50  96.333333333333329  248.21318944235034
10  80.666666666666671  316.27083401295789
15  78.0  394.8728103863026
20  83.666666666666671  427.60585036711495
25  87.0  413.28537106734092
30  85.333333333333329  534.15006516868834
35  95.666666666666671  298.80108145304706
40  94.0  341.30299177658964
45  97.333333333333329  252.31800991890171
50  88.333333333333329  485.85632671862425
10  72.0  448.19405688330187
15  64.333333333333329  460.32215043654156
20  77.333333333333329  557.55175557405107
25  72.333333333333329  746.37468007013683
30  93.666666666666671  332.63507088199111
35  91.333333333333329  384.52575768052395
40  96.666666666666671  253.87457897188281
45  95.333333333333329  274.04815137586462
50  91.333333333333329  358.06818807749079
10  77.666666666666671  343.87946320133574
15  76.0  445.70798790487612
20  88.333333333333329  373.95633499453902
25  86.0  479.32447250194724
30  89.0  416.96787639086671
35  95.333333333333329  309.1139940268427
40  91.333333333333329  431.48977705790486
45  95.333333333333329  308.96938470500118
50  94.0  326.83845338150411
10  68.333333333333329  445.34670459001569
15  71.333333333333329  350.42366522514459
20  74.333333333333329  472.21244343806643
25  93.333333333333329  316.56464744112964
30  93.666666666666671  339.58868928998197
35  93.666666666666671  316.96304037945822
40  89.333333333333329  441.75073602765718
45  95.0  299.18207123908252
50  93.666666666666671  328.99226310711447
10  55.0  438.00963923790368
15  88.333333333333329  342.90321622877815
20  75.666666666666671  534.07865893814483
25  92.0  334.35106184180177
30  87.0  462.14724812553425
35  95.333333333333329  303.17473659942937
40  97.0  283.14753819591147
45  94.0  335.87777802005286
50  94.333333333333329  336.98623594847919
10  80.0  344.16647545121106
15  84.333333333333329  359.21512709807928
20  78.333333333333329  449.49709837886564
25  86.0  386.46052878308922
30  93.333333333333329  241.84468251667073
35  91.0  401.90210022691645
40  90.333333333333329  405.0108174776621
45  95.0  304.48761243190285
50  96.666666666666671  264.16332974733388
10  64.333333333333329  461.67863499089179
15  85.333333333333329  412.71537331265529
20  86.333333333333329  355.84786986623908
25  90.0  387.98068431814369
30  88.333333333333329  385.82175269263831
35  89.333333333333329  438.99796982562373
40  94.333333333333329  326.59984154989166
45  95.666666666666671  259.15395819995729
50  99.0  222.50337810096659
10  77.333333333333329  329.01762995595953
15  76.0  428.30568741719435
20  88.0  372.86174181485109
25  88.333333333333329  392.8682405065141
30  92.666666666666671  338.45985471655541
35  92.666666666666671  369.85273354394087
40  96.333333333333329  270.63221657311033
45  95.666666666666671  278.70853104298953
50  86.666666666666671  518.74209435282103
10  72.666666666666671  439.58121942712677
15  77.333333333333329  427.7140218958574
20  81.666666666666671  429.81461589954966
25  95.333333333333329  240.71221333223804
30  93.0  345.64651913619673
35  95.333333333333329  290.48176034727067
40  95.666666666666671  313.34935155270239
45  90.333333333333329  429.62308265239778
50  92.333333333333329  358.11267841753096
