2  14  99.999999999999943
4  0  19.0
6  23  276.5656389527818
8  21  439.99999999999994
10  80  627.58267128212526
12  83  725.28841315002455
14  76  768.70890373982616
16  84  712.36802207579706
18  68  765.65015581183104
20  100  736.78540908045761
2  11  187.99999999999991
4  47  281.65387533728466
6  28  299.18746322270755
8  57  467.3188834581411
10  67  675.66880229665117
12  74  727.96198235047973
14  74  634.00330006776289
16  98  814.33943768496977
18  79  729.90417023491943
20  89  838.9961851782349
2  0  3.9999999999999898
4  22  224.00000000000009
6  59  363.31258450711078
8  90  555.50788504378511
10  75  263.85098706734243
12  86  736.8503104711416
14  76  750.50236839222021
16  81  408.38693482755968
18  71  819.8026725706502
20  100  654.02802826258142
2  41  181.91383719978415
4  23  282.60699688290691
6  100  221.72819166957302
8  41  287.68490761393014
10  68  634.84610310857704
12  73  585.10916557783014
14  76  723.49628933334884
16  87  796.39244374058217
18  87  736.95578250217068
20  94  670.61001589930345
2  35  27.252311913273903
4  53  221.03714336524598
6  72  433.33709242684836
8  49  233.72927429911326
10  67  576.34620112993684
12  82  630.32695022408814
14  85  707.19441775991731
16  61  691.43129201226316
18  81  831.16070218596553
20  86  680.85368280662647
2  85  69.095300719525241
4  41  147.96013938108149
6  86  236.38682911011389
8  57  363.93746503636743
10  71  620.34927460225606
12  74  745.56783328886684
14  91  827.730422725376
16  89  800.27072786075757
18  100  721.51678597732018
20  89  766.73400229531319
2  45  182.2374282911145
4  52  136.08514715383674
6  49  235.97160886243603
8  70  450.9192836928122
10  84  757.30386194638731
12  46  574.5308551982489
14  100  530.80289451834744
16  48  599.61407591067859
18  83  843.18532514442461
20  89  829.32734832408926
2  58  163.55899352118243
4  33  299.31058691583598
6  39  436.08580868775033
8  34  472.62098025196212
10  74  464.54495175517872
12  66  398.38681184319506
14  60  727.11775503705064
16  86  711.94024989119339
18  96  681.90250840836916
20  85  754.99871127819029
2  77  119.99233479779667
4  90  76.926906660251646
6  89  166.57627217071897
8  30  273.33807496271248
10  80  667.39831858594766
12  63  627.48872670795106
14  100  781.3814029449195
16  79  749.39114424466447
18  79  809.27123139034802
20  91  685.10012401736219
2  11  199.99999999999986
4  34  246.40640388178994
6  47  480.74816821024223
8  73  454.30901111512594
10  92  556.39845315236676
12  99  693.49012792316535
14  100  567.61376715710151
16  54  754.95462281532321
18  88  710.94850513810024
20  92  794.36134004909786
2  60  117.81800767183216
4  72  277.49498757811273
6  21  358.56265728487472
8  55  506.97902071337893
10  55  333.54105651624531
12  83  712.20619850244077
14  92  693.7799276449407
16  94  668.03135527223935
18  100  463.41078029760229
20  71  667.29991016771498
2  25  65.245148559582688
4  70  230.82816375934115
6  38  448.6159945016696
8  64  446.91286978847199
10  73  522.66439886706019
12  96  381.35465980082836
14  90  724.90910248626767
16  75  575.98545645470585
18  80  844.21078918690614
20  89  718.14745132604855
2  38  177.59078503247426
4  16  240.51979319858049
6  31  195.77796217024476
8  89  550.05963801974042
10  74  351.24466064594475
12  85  511.54848201378826
14  76  584.57192656961229
16  76  809.30921212911642
18  99  613.94944502197768
20  83  749.85553699883826
2  18  80.495535343744734
4  56  166.15692710622213
6  60  296.1481429130082
8  45  556.08836968820344
10  71  475.38290364574846
12  51  605.81096080787904
14  90  640.74160923149714
16  77  659.74914795602763
18  93  767.32374331325752
20  77  859.99421959706058
2  35  200.0
4  39  288.99062000431655
6  48  306.71730978427075
8  71  578.72093016300244
10  47  512.98757663197512
12  98  656.49856183935174
14  80  654.0549524048929
16  79  860.94285508479538
18  99  680.05832382029598
20  85  772.9972624815714
2  50  156.52621881094359
4  83  164.29539113333541
6  74  339.84947921845452
8  50  434.76225947624641
10  76  428.88451390959881
12  67  634.93277525895996
14  98  775.58901891705614
16  86  722.13769058810863
18  94  716.67756853084529
20  87  694.47929552144296
2  80  179.68879720110581
4  40  285.68463777050584
6  95  143.20558371825388
8  21  382.29242407374505
10  90  520.37185496840107
12  81  700.60381787305141
14  79  762.07584324910692
16  81  709.5355663441361
18  93  684.63315449286324
20  75  858.8103164009043
2  4  37.000000000000163
4  36  252.35099610855534
6  71  383.34055793416138
8  36  395.65951505034832
10  73  643.5278234415814
12  74  635.52897419026215
14  72  685.84752179037628
16  65  612.55215821099785
18  97  689.00043368352669
20  94  786.23284274686318
2  34  97.430816974455368
4  88  236.90513931551362
6  10  177.99999999999997
8  91  427.42198653843371
10  71  662.33329458201774
12  48  632.09346238744399
14  69  378.77122765161141
16  88  719.68450189859004
18  91  823.25101331026531
20  94  712.32183915664757
2  24  130.73042068963562
4  77  161.61803097193504
6  63  204.72232780315483
8  61  476.95325776647695
10  63  435.26971978883097
12  97  733.98011238368815
14  59  608.55205773323291
16  66  763.37268169753054
18  71  740.42274650123682
20  88  849.77563730829877
2  43  81.979511681018352
4  30  197.70737724862073
6  69  375.49337333101869
8  72  602.97361226215241
10  59  657.68399688795512
12  99  518.1589524280372
14  61  578.49790598141647
16  71  761.73231088735076
18  94  783.12460634537229
20  88  855.20952262107687
2  47  130.83428415579965
4  60  277.21069643004932
6  69  375.65592663704638
8  55  522.0320590628038
10  83  478.365864072786
12  98  557.15829574638587
14  84  534.0663981930727
16  82  780.25715683801332
18  91  764.10656136365435
20  83  880.34854430616281
2  30  116.99999999999994
4  28  110.21890457434964
6  93  208.599997547008
8  75  523.712355006905
10  60  545.62539575715016
12  69  775.99760850927498
14  97  564.23467998785861
16  100  614.53786316961327
18  78  624.84376638495007
20  76  810.99313310834589
2  29  189.89210926186422
4  72  339.27015760049335
6  84  460.03133554192686
8  65  661.88375835120416
10  38  484.66315368947784
12  76  586.74862221248634
14  75  773.38134843868272
16  64  776.3981480564662
18  56  386.01538671707652
20  91  795.87846104832613
2  40  151.23486945070889
4  38  363.97266348429696
6  58  503.68051950616695
8  29  436.05470933507814
10  92  540.87790463801946
12  86  763.24818636847351
14  79  791.95432894969792
16  95  589.86815811264864
18  84  811.89397904795715
20  84  758.5103823421764
2  47  181.05378145336621
4  70  296.36930336892635
6  69  440.42420652571383
8  93  521.11068317097113
10  60  514.32548674976158
12  63  803.89299611221873
14  70  613.08442290644143
16  99  678.87938793498711
18  96  808.18096806294091
20  66  826.24216044908485
2  0  84.000000000000014
4  28  298.47765877819279
6  37  279.681259155796
8  54  489.45255105154058
10  90  637.10489216429403
12  93  712.62690150171534
14  92  575.04387592191949
16  77  781.6428821558992
18  83  613.10208041673184
20  93  719.03403236619681
2  27  115.49577088221268
4  52  277.91444817841295
6  42  111.90149399277772
8  62  458.79496625974201
10  68  457.11804867523603
12  67  714.61678042844824
14  93  745.0010259734654
16  72  790.92871276726828
18  94  737.02729425291852
20  91  652.17337072896009
2  48  186.19925310821264
4  26  208.0122487869412
6  35  278.94660316929816
8  88  446.98914228490145
10  98  492.2684833214883
12  73  705.16831428648288
14  49  565.4888286176265
16  78  857.30688324883511
18  96  791.59148658808761
20  83  849.86957588832342
2  59  67.02213951840227
4  27  157.895594103371
6  51  508.1176153636253
8  73  555.75089145154459
10  64  578.05198760731059
12  90  354.01105603601599
14  72  577.04371314885873
16  90  742.86112635695417
18  59  731.97098610682474
20  90  626.85832169588855
2  44  89.85864016728857
4  12  167.99999999999997
6  55  385.57295964088064
8  84  424.64712023008781
10  54  388.9293393321642
12  88  665.07306624810747
14  76  742.48059666129268
16  81  842.79456322460464
18  78  821.08598486280391
20  91  752.48012294338162
2  9  110.7950934144563
4  18  197.45480550884758
6  70  404.46811271643588
8  69  427.52982834936506
10  72  624.82452158609806
12  72  693.41667373783719
14  76  690.70304473855879
16  83  788.07261115850099
18  83  770.38747899121472
20  82  657.78044071472311
2  23  105.0
4  75  273.84484845078379
6  82  518.58009028265133
8  84  330.08853685231236
10  54  771.26870629026246
12  75  604.35556158895645
14  94  406.48138095226358
16  58  615.22198801707816
18  94  714.93494926927542
20  92  854.13599219357661
2  33  182.00000000000003
4  33  222.4818752080553
6  58  423.00894606940358
8  98  280.83495663090019
10  53  537.42007252394012
12  42  622.92981006678747
14  87  664.53911692860243
16  73  725.72093804841325
18  73  854.28135314113047
20  96  750.46747104135102
2  25  185.66257424928699
4  55  233.66346227185906
6  66  515.86917553818375
8  77  529.20117032924679
10  99  337.33088654665795
12  76  791.53523492267607
14  92  816.49453780676492
16  92  855.56572824823763
18  79  601.66413985070403
20  86  847.51155953991611
2  8  117.99999999999997
4  35  224.21147217683901
6  43  318.54257540747932
8  100  585.06886519866282
10  56  591.72486071597552
12  80  690.30888426455158
14  61  268.22140924809918
16  89  631.95968820125961
18  71  712.49418713662419
20  87  768.43762780488237
2  43  116.5884626629731
4  36  317.259047552509
6  83  313.59616333570688
8  59  680.74289940420363
10  72  508.94806096106339
12  95  514.93002463947948
14  83  799.20906215481648
16  75  837.81952355034468
18  91  788.13076877276126
20  100  637.63650041414553
2  22  103.99999999999999
4  28  180.49897377670698
6  100  303.20541440131444
8  92  300.39941194216436
10  24  578.01528419662679
12  54  791.08131487068249
14  89  668.73547989046119
16  97  717.65498500125796
18  87  813.5066417911496
20  91  806.74106600585537
2  1  15.999999999999972
4  97  133.29277746176737
6  70  409.67637455276667
8  91  648.95208473881212
10  73  481.97253888798832
12  79  561.76697704537162
14  71  747.63409778465541
16  69  800.97937509245867
18  93  741.43923182347214
20  100  678.62986641708198
2  22  89.058214256127897
4  83  253.78281002171806
6  81  321.84749568760543
8  84  611.17579076420486
10  71  625.01069890084739
12  94  473.44680748900953
14  73  794.08544611341267
16  81  822.33393663808181
18  94  802.01991012331086
20  68  802.6925308759628
2  0  7.0000000000000311
4  23  242.33607415229784
6  58  403.0341944893155
8  60  550.53050838319268
10  51  697.34310516269636
12  68  779.83348311107898
14  89  788.37523957222481
16  92  679.35068871729823
18  70  834.80517798957783
20  93  471.04665065544316
2  7  87.999999999999986
4  87  320.96443251145888
6  43  282.30489770916779
8  49  593.22769865579494
10  22  283.95313663987753
12  79  420.42744669791387
14  82  444.59511296456975
16  56  706.26891506609991
18  70  847.44699760414278
20  98  745.81105665664575
2  7  138.99999999999997
4  60  189.05531000961994
6  87  420.29961369161765
8  34  267.79273480421432
10  84  525.60695628902522
12  77  597.17985361917374
14  94  730.44991333913447
16  90  737.5502713162615
18  66  824.65436100492036
20  96  671.12798971380118
2  68  165.24349834552473
4  86  202.26131559503082
6  45  392.50275725704938
8  54  357.52262129332445
10  62  523.22204138346535
12  74  752.98560218228874
14  51  824.26072542026384
16  92  758.614143153535
18  72  670.66164192229257
20  82  600.86263375179374
2  0  0.0
4  43  276.47431026828264
6  82  127.42819481310792
8  51  379.75629639268203
10  69  507.96033495085055
12  71  594.78126663907517
14  61  681.16334142174219
16  47  626.85346693330564
18  88  634.86558599798309
20  89  736.93246265532389
2  32  40.185023057740587
4  86  241.9676760101662
6  96  226.65325726471923
8  53  331.49772412297091
10  88  535.22928431468927
12  77  521.80883954733372
14  53  461.38706837607481
16  61  772.71742832079985
18  82  723.54988904126776
20  87  863.65422602286583
2  55  120.95605468726053
4  61  77.285978911679308
6  0  54.999999999999986
8  87  512.13988451877503
10  96  371.75165729885498
12  73  501.87737646929821
14  66  785.15481040855968
16  69  386.15550687527525
18  95  657.87544282400302
20  87  845.69677779791914
2  22  127.56216187111087
4  31  171.1752073610258
6  69  246.81245638910895
8  83  492.79576738279343
10  47  500.99599402944472
12  73  773.33371588711282
14  74  702.81436237744765
16  71  649.84766789926277
18  77  771.72095557527132
20  86  821.37785314908024
2  11  65.999999999999901
4  28  136.08046528258862
6  77  395.86094602356116
8  63  344.140748030672
10  71  430.79344340878663
12  55  590.89541447409033
14  72  818.69092581981306
16  100  729.47520855511345
18  89  612.22679436919918
20  85  675.59358091540105
2  40  86.241801353158777
4  44  207.32965603154722
6  34  181.90714764030426
8  74  512.9368066572539
10  75  535.9528261964947
12  74  270.04139577868676
14  82  839.57589788506607
16  69  722.00715492178745
18  85  733.73788997093357
20  79  704.03393895836371
2  10  75.145887339905585
4  40  308.70250158956304
6  35  378.11360773714551
8  78  523.83387312476668
10  52  547.71979498782946
12  89  465.47012772992929
14  79  739.12746432799702
16  100  657.68186029521928
18  71  654.91792520262152
20  97  819.69593603106932
2  33  174.8455278829604
4  36  280.51183043737285
6  41  386.56391686441151
8  67  426.00165107310545
10  84  658.35564282884116
12  67  424.0626211164676
14  66  460.98368281853755
16  81  774.21948895862715
18  69  724.30237555161557
20  96  777.10150207260415
2  14  41.278463678552363
4  77  183.11735021217183
6  73  408.80230612749034
8  61  640.93522815116864
10  73  700.29642276357174
12  70  720.66761266721721
14  82  679.13944152500392
16  92  656.88554519717536
18  94  791.76603556277951
20  87  806.39163123752905
2  8  109.03183977057328
4  62  219.85621965638316
6  47  311.68734814572542
8  100  510.54331904302535
10  53  443.87103160161217
12  76  669.61488943070822
14  79  352.86653822888093
16  79  655.58778409553679
18  65  830.6478440095251
20  84  841.40228029436355
2  55  173.58446773120588
4  15  215.00000000000003
6  62  443.1530681163074
8  43  523.04013359945247
10  89  701.01785367425782
12  86  762.13323029382707
14  81  817.12228031159884
16  86  774.46289822691529
18  91  818.64636188334202
20  42  596.0511419227953
2  0  67.999999999999972
4  72  276.50204673055322
6  70  382.95787869981996
8  35  304.43253434227108
10  79  634.57319678950523
12  92  731.90953849421919
14  64  671.73272690679505
16  70  746.19474444009279
18  79  815.34006764046774
20  86  628.2079643168646
2  14  81.999999999999986
4  53  224.3446729830726
6  44  166.46796331007033
8  91  519.01723192268264
10  54  487.90405813517827
12  90  724.38017218476136
14  98  768.47429756160466
16  87  683.58783762673738
18  94  760.35296374017275
20  98  714.66532191327099
2  67  136.57476149281058
4  53  196.47534809760819
6  65  450.79285408483173
8  33  378.60032986232176
10  81  192.14997599600625
12  62  722.8531489204338
14  99  703.14100809358274
16  93  778.91503611443352
18  71  805.99345107316276
20  98  742.55607759127759
2  55  52.884122431507151
4  42  261.16389774890399
6  63  243.81546806016641
8  33  383.05861317176795
10  96  736.60872823710326
12  93  740.25363511696844
14  82  800.83762492847836
16  85  849.19088405287062
18  100  699.67816810307181
20  83  810.64378015483794
2  27  98.0200272627239
4  44  80.407951946755304
6  32  379.48118323768097
8  61  589.2217013015661
10  59  401.05620859362642
12  92  510.00129472580619
14  38  715.14839188765779
16  76  764.38603948590401
18  79  666.79831361520201
20  100  805.48250408253909
2  18  42.129196657308178
4  53  226.87998809788772
6  96  397.90026416270956
8  51  468.95392244742982
10  76  592.29835632308061
12  66  509.33356564837311
14  77  837.07844471469616
16  80  695.51809854913199
18  82  718.11555495342168
20  82  757.79391331956231
2  6  112.99999999999997
4  15  194.99999999999994
6  48  207.7368510136171
8  51  343.06602935536762
10  51  445.60333265513952
12  74  766.22110400945007
14  88  655.55089852396259
16  81  704.5396246143797
18  100  620.76680587247677
20  100  638.39455195923063
2  44  148.59486117877745
4  62  277.00117790096749
6  56  271.6654077717871
8  60  185.40933559736348
10  89  616.32051709738221
12  86  662.1836513088914
14  72  730.09669263568048
16  90  693.31020981508209
18  62  601.78452104832729
20  96  762.05294175286963
2  16  163.02183659305103
4  34  285.47037198183182
6  40  283.95268947373671
8  76  465.75370123017893
10  63  495.35611911787873
12  64  649.39445850968946
14  94  824.11895738991279
16  100  740.38779065610345
18  100  538.52056136645581
20  100  689.68621701762584
2  47  104.24524491717639
4  20  113.43647049998755
6  55  403.91537646132917
8  76  566.27320264698949
10  77  399.20370063937906
12  44  502.32137300523959
14  72  713.83612615161212
16  100  643.05055030346114
18  89  820.57827704013596
20  95  757.1758734920495
2  29  190.58811023217589
4  18  176.0
6  49  422.54603183295052
8  59  353.61490507397036
10  85  729.5874426979459
12  98  316.54011354243124
14  56  632.89158004107287
16  69  801.71990736441649
18  74  828.54505780420641
20  86  829.44816651299755
2  18  85.489161495323714
4  51  205.1471684359388
6  49  512.22770824238739
8  100  463.42916725189389
10  92  610.31173508810957
12  61  561.48651351878709
14  94  545.12490536478924
16  90  797.53086326735388
18  85  721.45375371896114
20  74  766.41306516471968
2  70  119.14555109604738
4  0  0.0
6  56  262.20622120341619
8  53  458.23456530950961
10  80  716.76584007289148
12  78  802.82261729794675
14  73  687.00116621226255
16  81  808.46047511373115
18  83  802.1425811446145
20  95  802.90407679516238
2  31  126.99999999999996
4  18  54.97104354418245
6  92  414.89416368721328
8  56  207.27499217610244
10  72  720.21199392438928
12  78  510.14715679338116
14  78  669.72475946895725
16  84  675.32360663549548
18  85  739.49017344220488
20  81  848.94890974591522
2  19  78.396340443644618
4  26  315.00000000000011
6  51  247.73447308779345
8  85  425.46237726446861
10  42  445.42585224255788
12  72  621.80139137538993
14  94  436.4632456443469
16  81  799.09953136406443
18  69  702.94145675083041
20  92  760.12716773736247
2  56  53.022744082755317
4  0  226.0
6  59  237.54488688794882
8  96  533.16567722803347
10  94  635.36925183589153
12  70  514.76171609700191
14  91  699.54671275925739
16  84  813.77694712837695
18  94  602.67515468275565
20  98  699.20352668065379
2  24  123.26015846541263
4  35  159.86234276135497
6  60  505.61536961792535
8  73  276.97547488631045
10  75  645.14810493076618
12  53  705.74074190965041
14  67  817.14950801155101
16  85  681.41640248284762
18  72  867.86813766893363
20  95  791.86929135062201
2  56  60.572109994479035
4  85  198.62938362258643
6  11  100.00000000000009
8  78  499.13939081904988
10  87  645.52518514260464
12  78  548.03862992339782
14  70  638.23012600906145
16  88  780.00150607312503
18  91  785.31071161408852
20  88  655.50220997064571
2  32  196.00000000000003
4  46  334.34457002825309
6  60  485.33274330002206
8  19  173.28183392493469
10  74  622.52659974385301
12  86  743.63481088158062
14  91  613.72850737110173
16  74  785.40073541041727
18  68  706.81740163778829
20  81  722.52445674914111
2  75  124.39473756056105
4  42  157.22474055876052
6  68  413.32600609680998
8  63  380.08660403732125
10  65  737.38254174173494
12  61  632.73234902717581
14  89  803.46744478734513
16  100  663.99197749772634
18  92  758.91348116286474
20  75  726.06625396683864
2  36  100.03311326749316
4  40  293.97979196281244
6  47  274.5274504272183
8  39  500.02743676295853
10  78  763.3019472784855
12  89  748.33748273460321
14  83  667.5383631404618
16  81  741.27318676659809
18  94  809.34364624128671
20  88  669.85584133826978
2  0  96.000000000000043
4  50  176.02796940492129
6  81  469.35116881060492
8  93  494.45146894564419
10  75  680.56638875096201
12  88  593.32294988550007
14  75  810.44635040369701
16  89  741.72775527708836
18  100  684.13005532508384
20  93  779.92687786237843
2  71  107.67896837255884
4  37  75.17486567554532
6  53  378.73476551634536
8  42  510.77138122866734
10  33  360.14339918936309
12  90  842.92182578378936
14  99  719.48785907967101
16  88  710.27179135871449
18  96  772.01784252304617
20  98  796.16011391526104
2  26  86.920405896957959
4  19  98.834991965584251
6  63  515.77529006425812
8  62  484.78030110959349
10  95  698.43586922338136
12  95  442.2473538982843
14  72  680.90149973041252
16  78  871.67983080418128
18  83  749.0283741826928
20  89  802.06800957760743
2  24  88.003335838836904
4  81  240.20435992099121
6  44  502.1496786030778
8  24  253.70495113024216
10  98  707.98296442838978
12  75  375.736783360402
14  75  688.2889905395009
16  96  765.36235532756916
18  77  742.04114361126585
20  81  652.22173789975716
2  15  129.54433600714643
4  44  103.84206881551211
6  77  156.94334333236313
8  65  440.07921899346314
10  69  690.68279958903429
12  85  585.40034380107613
14  81  687.16090255460767
16  82  758.98141957914243
18  88  605.07125153455263
20  100  582.112050052531
2  21  200.00000000000006
4  38  292.22364045092252
6  72  187.90292438238794
8  76  647.28944528789339
10  97  474.92925192717541
12  81  757.2485274956631
14  53  444.93382379182697
16  76  815.06950737968577
18  64  801.67658245121117
20  86  429.38915126110697
2  14  161.0
4  48  272.13062201898197
6  80  324.00057589955105
8  62  464.91025396221852
10  79  699.72628375259319
12  74  659.09411877658079
14  88  720.97062061471445
16  88  674.4777388025982
18  100  696.90301495684685
20  94  766.65548559490151
2  29  47.344394520700114
4  43  86.820595871609612
6  43  408.90521184751213
8  89  512.6976757332236
10  67  716.23158957851422
12  58  632.99225218285085
14  72  828.19613095829675
16  77  702.80263782718339
18  89  589.84601921526735
20  97  701.15894577308552
2  40  161.11653719218415
4  17  243.93842119140888
6  44  211.25782333190338
8  56  288.70650971982673
10  49  562.7673161089773
12  37  470.72015932815845
14  93  776.56550829665218
16  94  739.32584289119688
18  77  819.05272030967785
20  95  628.26208292439412
2  3  99.999999999999915
4  33  289.12917067349429
6  77  391.23022265280025
8  84  503.31040926598638
10  82  721.77586838686057
12  61  663.05217169648483
14  100  612.80531388214524
16  68  786.63031852876054
18  100  682.35836111604533
20  93  619.66633062999801
2  19  18.242620637892998
4  58  324.22169394497752
6  68  395.94498776212475
8  40  651.95208558250829
10  59  559.65865577566353
12  76  583.73739619497769
14  92  690.77053260200103
16  99  670.85310139519618
18  79  827.55955232630515
20  100  678.89349394265867
2  5  99.999999999999972
4  34  267.55268121101795
6  40  305.6027348515708
8  84  429.8624248834127
10  89  781.95312760904312
12  95  639.63980027315529
14  83  718.03798059833196
16  100  459.56235210756614
18  97  840.90886878037918
20  89  693.12807471443466
2  35  161.14050836689603
4  57  114.31370825047797
6  85  229.25974700413556
8  46  358.18550752014363
10  57  596.93442710643797
12  64  599.41059598312711
14  73  602.66599122453579
16  77  719.85406819335344
18  83  799.86704701345468
20  96  769.83257305720576
2  68  169.30863564683162
4  80  305.65225263098318
6  45  361.45315316161737
8  39  381.76718955634578
10  37  717.57597098378517
12  81  729.56318994885908
14  72  673.86948602984808
16  99  788.82117130322683
18  94  780.57088643501083
20  92  874.47608415612956
2  14  107.10375389494261
4  33  104.88630711143085
6  28  255.61625623716972
8  63  674.68034465571691
10  43  490.21645531925691
12  66  606.93246366155267
14  65  800.66240922883935
16  87  450.14534369941248
18  96  764.18234304626083
20  94  770.59094135390626
2  31  56.821327090512092
4  38  249.94187818463197
6  72  242.55259153906823
8  73  561.89759351446673
10  68  637.43057596945323
12  99  786.12522017293338
14  93  684.05049200774033
16  97  826.53756224574431
18  69  764.47247272412596
20  70  745.87507276762051
2  31  100.57471171612424
4  36  205.88150971343524
6  74  329.32275402567228
8  57  506.44253752998213
10  97  375.03754006138718
12  91  688.92792022562708
14  86  774.50009015196576
16  98  815.87620032141626
18  74  640.64288386019348
20  98  695.84674247412181
2  22  145.40143832031438
4  83  320.75832456015115
6  60  223.4263595309356
8  62  480.82610382601433
10  90  681.38254764963597
12  71  620.02051940173089
14  100  653.40886172140517
16  75  840.38421641965135
18  62  665.32020267115672
20  88  676.40269664559912
2  20  90.369354789518823
4  45  253.26811139966853
6  45  510.02427941433342
8  52  630.61179091130134
10  78  614.12596831431347
12  52  594.04635506897773
14  59  565.62333174195987
16  67  809.36757490258447
18  96  695.27780899592381
20  100  761.01695714900359
2  24  81.626348054606368
4  90  252.68778899924578
6  47  407.9531916456516
8  85  569.14180045287537
10  80  728.26377818925914
12  90  674.44569510630561
14  100  453.78965678354956
16  91  707.14820584887923
18  96  737.40049156923362
20  99  613.84971105369584
2  59  173.8473374505258
4  24  255.31271920528656
6  49  180.46849145551238
8  42  397.90239422909229
10  50  472.81271946397783
12  66  859.94551425144778
14  75  742.97603959173102
16  75  775.06643441873359
18  80  775.37032680471668
20  95  798.46722951851689
2  42  167.09027562252462
4  34  328.32380557513096
6  33  253.1615661563535
8  87  469.2385593971336
10  43  501.80667664190003
12  80  610.12299851016076
14  84  808.73804218780731
16  80  796.24356473779699
18  100  795.62723970117747
20  96  795.88035707380288
2  39  95.41364718453346
4  51  137.59340125295796
6  53  370.85624473378692
8  60  248.47309338215157
10  66  797.54575108457107
12  64  720.69470790523303
14  69  690.8299161389441
16  100  565.94768516116596
18  76  818.28167124455308
20  98  642.9507608626418
2  21  168.44614937439118
4  42  275.8000182331001
6  57  486.48948422916345
8  67  528.53953918673562
10  66  431.73808439864814
12  90  512.13202777293213
14  69  749.74793560550791
16  91  834.39021381480438
18  83  705.69888284625029
20  90  797.41541045775932
