2  17  78.911151157792602
4  20  150.35021106282758
6  57  91.40304141228323
8  45  239.2965766751675
10  0  477.43011576263109
12  78  89.657539084609439
14  48  126.87427293636573
16  44  403.13239371941046
18  36  508.93591323711632
20  69  46.925043051797445
2  10  71.810277214250888
4  31  75.105438788173714
6  38  149.14368216594247
8  69  191.00765629108335
10  8  568.90019430111624
12  66  165.77061279537463
14  16  705.58319064696798
16  46  230.477094095366
18  18  603.49880340118295
20  52  453.66498544692689
2  0  24.999999999999993
4  11  148.10945546839247
6  43  174.63827503640172
8  53  204.3369329357667
10  61  43.480809174948526
12  58  56.026887045291701
14  57  186.88165035367354
16  45  504.31579922242003
18  44  201.35655485600878
20  61  66.552087684709946
2  0  0.0
4  29  233.14871094245075
6  32  149.68500185590165
8  47  143.57271825981056
10  49  360.08810681817249
12  68  100.81091644865465
14  31  200.45172449080775
16  48  271.95206361305037
18  19  687.80469794159978
20  82  6.9205634499604596
2  0  40.000000000000021
4  33  243.84676765872595
6  31  128.63296484474
8  58  123.48681754644352
10  29  289.47479198646994
12  27  620.80428651405612
14  51  165.40760368874851
16  57  274.10569824927575
18  64  333.90385459097433
20  62  347.34047691755632
2  8  176.26710837174369
4  11  274.26137740151285
6  26  257.24390057394686
8  54  48.749961963232778
10  58  69.527321403055339
12  49  167.9162734432966
14  54  200.44610337482897
16  51  214.275790156423
18  61  24.922833825678918
20  88  31.58989561770624
2  34  61.119572368874927
4  9  231.61015288689063
6  47  196.35248279038998
8  71  105.70532610714089
10  56  186.66371014727699
12  64  79.250248273944095
14  33  73.253020612811753
16  38  206.20635976496766
18  69  183.7545631275942
20  73  55.351605449390142
2  13  135.72671801678848
4  33  198.09093873165892
6  28  185.80985024304633
8  49  172.61729036008845
10  44  165.57740685641068
12  30  225.02778188054194
14  40  834.64909905679554
16  62  52.537836250505336
18  67  73.639097138042061
20  81  83.040862368597729
2  13  70.844532234451464
4  12  94.867617991716941
6  29  260.19770054353631
8  45  86.824209965112473
10  57  137.41391409217536
12  59  78.925747448607353
14  35  609.2981884678901
16  25  709.27524819528367
18  75  94.927175831554649
20  63  142.93968299511542
2  64  54.995621305263143
4  31  189.13447090542311
6  38  130.22696174705453
8  47  290.11538734735063
10  60  65.131965738325988
12  40  395.61484174585718
14  61  112.48638689875368
16  70  153.44415752245811
18  64  88.049623903033122
20  74  112.38097668392361
2  6  111.03713705298588
4  13  178.03378830133713
6  64  181.81143892905928
8  60  63.205559231956869
10  15  467.64824776953628
12  52  96.025293332259537
14  74  126.27310709320696
16  40  295.00118348678507
18  86  70.541898487443262
20  67  51.858918736348791
2  16  116.0436167280909
4  45  67.325806829449263
6  60  89.348810829310978
8  82  119.19975886231055
10  55  227.44879419610695
12  54  172.30129197499909
14  62  312.77810404812976
16  72  153.79672720649944
18  77  207.80101290599171
20  50  51.806259657494913
2  10  125.55606155362368
4  40  143.59697194263202
6  51  140.20228051845825
8  50  173.54021964600975
10  54  382.82179655771455
12  40  27.861908702244925
14  43  255.48121575334713
16  47  94.243503206669374
18  80  26.436206783090775
20  33  303.00524061297676
2  6  164.21637534750849
4  28  200.16452932227517
6  36  256.5730624324222
8  43  235.38562632292471
10  24  344.50877793151597
12  47  184.25041412161485
14  76  76.510111156919862
16  55  273.09579493187687
18  53  491.77946721720144
20  65  147.74830867704699
2  0  98.859061357283807
4  69  110.73231038365427
6  31  106.33964169886387
8  14  372.48059326049844
10  33  87.45373768630806
12  51  471.4921254373649
14  18  448.07357566646147
16  63  301.55492853537038
18  53  456.43905165489724
20  74  147.99011239475169
2  17  59.998505531849027
4  5  90.870573091053529
6  56  186.01143866093312
8  21  120.82788765644462
10  62  105.54333841787222
12  46  96.433243287063874
14  29  418.39486231174527
16  51  332.69942894670316
18  75  82.59668837967547
20  62  155.09807425402224
2  12  87.410199999847293
4  0  81.83807047406718
6  38  244.48456880988559
8  72  70.422810617520355
10  70  168.71395341389189
12  65  120.33079929736503
14  70  168.85860208222016
16  61  204.25852569657118
18  67  162.27358703539204
20  93  1.7884380046764075
2  10  83.360985692433374
4  76  81.712706722007582
6  34  210.70778045164499
8  60  188.59212162499097
10  39  418.50038981030679
12  45  234.7767875882403
14  59  284.7252795501098
16  79  80.520986817154267
18  28  129.33556847349664
20  85  139.99567414543324
2  26  137.6853483057678
4  18  70.690453860738742
6  44  63.882203910405408
8  42  186.61199808480029
10  55  30.765047606431548
12  17  85.430766350833466
14  49  151.75181038411964
16  70  123.10247964552325
18  70  249.858351709468
20  57  104.09935141059344
2  22  52.010641324880126
4  35  174.8423206757094
6  32  185.71846597329571
8  54  90.352986554188689
10  21  254.67779366901243
12  69  122.4531883799405
14  36  456.71028926214592
16  47  166.74691791187678
18  52  28.73849641617926
20  25  597.42278671554163
2  26  38.278666049441121
4  23  259.99552971099973
6  12  106.42779866449636
8  58  126.47961417887845
10  51  106.98788901221457
12  41  12.384752536421818
14  58  26.106227273643146
16  81  176.27075120319915
18  57  179.26877581825997
20  72  176.40657708736813
2  31  63.207422554455505
4  41  132.81368103806304
6  38  167.1613815617614
8  19  442.93116010994322
10  32  216.77230528368881
12  33  102.54047581469311
14  68  100.89066675204744
16  78  151.40909792178439
18  49  365.7012058810202
20  46  106.11121226500789
2  21  121.01345257450893
4  7  281.62040697202008
6  13  177.50641568840695
8  38  218.56399924358644
10  13  279.16694314308558
12  26  325.6672920615722
14  60  123.57596005934596
16  50  160.38735424951287
18  71  153.10544697226175
20  63  271.340617185388
2  11  150.60744038289297
4  15  154.3670835063694
6  58  103.58465921291175
8  59  140.41321818588213
10  48  50.015290486840307
12  67  42.375778470253685
14  37  470.63531098511248
16  52  119.10084520926517
18  90  52.445843728074905
20  65  228.91631071318488
2  25  45.231936614905763
4  58  96.527720390795224
6  42  87.458362435119568
8  54  88.683972142244144
10  41  273.33772545124981
12  37  303.46427545328947
14  58  267.27230158707806
16  77  148.04030248332859
18  32  368.79424169446003
20  42  230.95142746409283
2  20  143.31272555478571
4  38  106.55399543913535
6  37  247.97251172009481
8  54  176.1885418067711
10  59  194.89426136929785
12  26  353.62797063851701
14  72  7.8612085322382033
16  46  18.512733828622434
18  69  114.21668127591248
20  37  295.2598687781848
2  0  0.0
4  11  216.29190514724115
6  31  266.38278986378413
8  29  107.25606083913942
10  67  226.39781427036226
12  39  91.254842322039266
14  55  229.52418821292625
16  51  225.5182319240682
18  63  252.24734024440966
20  77  189.79428735377439
2  9  140.34233220184748
4  60  92.773121134595925
6  35  146.32356110580631
8  43  388.22428412552966
10  23  310.17142551704592
12  54  81.681951984045952
14  81  112.04837958867482
16  58  61.8850366481484
18  75  140.47099764048147
20  58  45.667833640867556
2  1  137.81219541842589
4  23  158.79899010409181
6  35  140.0459331079644
8  38  363.54543234591864
10  49  106.56660029397337
12  33  190.41880022972933
14  47  256.92357141274408
16  69  269.33363563010755
18  66  98.749528662001936
20  78  111.95043375401404
2  17  52.627763275913004
4  44  181.0194085881198
6  52  107.8375096940526
8  15  94.614579449006897
10  22  186.29065362842897
12  31  204.06864336468286
14  11  458.82738557782693
16  61  256.60922428777832
18  58  299.56449976019195
20  40  612.47673670182701
2  0  78.058423181682485
4  29  65.092556783905465
6  13  238.91209990698943
8  63  195.45758368992585
10  62  165.57978374493109
12  33  113.57352558350385
14  69  95.190164354577561
16  71  134.94219018973351
18  28  861.16371710809824
20  79  110.14959180511549
2  13  105.26812108115384
4  36  154.98906383558955
6  26  262.16543064785134
8  54  297.99306321193183
10  77  108.50073184104988
12  80  96.346012359521211
14  36  387.10919614942924
16  38  202.73166329485522
18  79  148.1300523269262
20  72  245.2422225446262
2  27  56.508003821946879
4  39  91.857093667045504
6  15  113.28561446426664
8  46  253.81695912151088
10  38  262.22230414912923
12  65  150.2187950882232
14  39  325.46718545024686
16  40  427.45576420163667
18  83  84.116762121003063
20  36  272.99472749060612
2  15  60.578938844358852
4  24  113.35929999197114
6  58  144.00911221959205
8  53  272.01396380346819
10  35  407.86127298722283
12  33  421.95579599967903
14  87  59.653212272370666
16  31  541.90275930480107
18  83  105.90081753894199
20  63  362.61974540166887
2  14  113.0135524504779
4  26  190.96890620429036
6  57  118.08327507876776
8  38  53.482594344386492
10  35  402.66458785370901
12  32  67.752267971880272
14  64  221.63620477167805
16  67  144.23107633146148
18  91  77.992235679382034
20  63  148.67692068812525
2  15  46.050461495071261
4  26  141.79764347577859
6  30  234.77814275289774
8  16  291.38506171404759
10  53  277.51087388159056
12  63  88.25133702852284
14  54  324.81888724561429
16  55  418.96850144959825
18  59  266.7481411651687
20  77  130.18909836688684
2  0  61.600165609316861
4  22  159.0001326290417
6  35  170.91194687503736
8  66  60.628308657640041
10  26  424.69026797645745
12  36  369.55558176764873
14  10  342.31831139117929
16  54  118.44641620483392
18  65  370.03094695774575
20  78  136.44144226403915
2  18  135.30729985704491
4  1  134.82388459824875
6  48  109.84128578109251
8  46  227.13928623450508
10  40  369.09337387196433
12  45  155.21791321561537
14  47  311.11915072581786
16  67  88.051365522315734
18  5  1153.8526951865974
20  66  41.964012740198157
2  14  124.18559871582812
4  26  187.3988113294279
6  35  244.61655812383057
8  51  238.53739737040766
10  7  327.44473043446982
12  67  76.336424163739679
14  66  65.424870399096861
16  34  63.998335150298992
18  28  882.28983302836809
20  41  553.14304141460889
2  9  99.291733848142712
4  20  163.45395710360785
6  52  173.92059640420848
8  42  288.50983753833469
10  42  186.34907063901895
12  48  122.8571434577871
14  33  213.90985835811591
16  68  255.6410120068129
18  58  135.23979828144766
20  54  292.82821475791712
2  4  164.77419553897684
4  37  144.97422495467069
6  34  152.66492244753783
8  54  179.02208802840292
10  15  177.62184532627214
12  89  66.189018099953287
14  47  406.80145281856744
16  47  86.668568226683391
18  50  124.20250442934083
20  37  175.13001696368363
2  26  24.658563373358376
4  34  149.20283413761155
6  22  411.18573030052261
8  59  118.98413690475785
10  67  121.48177133093063
12  24  372.5180524605197
14  62  289.49943639535206
16  77  242.44382900922875
18  18  302.99356915684484
20  40  412.31833949894553
2  12  53.414705459533543
4  16  132.37195007157734
6  73  49.927148472907177
8  42  159.14990547384718
10  0  287.70158269589973
12  44  197.64838093550685
14  52  79.500838903628946
16  28  731.47477546729863
18  44  129.91973644069168
20  94  65.161145720486445
2  0  48.999999999999908
4  31  263.89575141768216
6  26  213.58058714703699
8  60  130.26504494533933
10  75  136.79640770577865
12  0  199.58957722545188
14  63  351.03248618510708
16  62  95.731997315236725
18  38  204.93722305824406
20  58  55.452281803146306
2  16  151.66064607124716
4  41  185.00183076764441
6  29  324.98141462567196
8  10  433.37863230039284
10  36  436.1911670049484
12  59  159.18650627903907
14  70  120.77158452936196
16  45  262.25969221367654
18  72  27.897633972068355
20  49  172.52610920562176
2  31  90.449220701600936
4  38  102.61255415423764
6  38  160.46726766800566
8  49  71.25809053209359
10  53  273.50017867624689
12  52  188.42771758373536
14  33  396.91180415858605
16  62  176.36278149251831
18  59  201.85687389669908
20  76  130.15804524626742
2  23  113.3175816860599
4  46  57.205519824472553
6  26  108.01645205010722
8  59  51.337860948120017
10  51  225.59053875308896
12  46  343.51598589199568
14  43  138.28775125573969
16  63  138.39585634689934
18  43  724.7880078294512
20  60  414.7690030656475
2  14  174.73189906041827
4  41  102.08790026122763
6  58  103.32200067375682
8  22  174.57280707749209
10  14  325.96512520171518
12  52  193.49269492762934
14  45  334.08966465006972
16  61  177.03430943110959
18  81  72.678619526367612
20  68  235.89839779418821
2  43  51.462400840375686
4  28  133.62087271880424
6  52  70.317196003073647
8  28  315.68523954114772
10  35  193.77305591405292
12  74  170.73785900423482
14  45  129.97147803650898
16  66  128.25407887239805
18  60  151.89174015248418
20  35  840.83458924029492
2  23  74.509837035481283
4  34  118.74647152440924
6  37  236.37876002791484
8  39  251.67281467852274
10  50  219.78804797631483
12  9  403.49773767041245
14  39  478.65514905949999
16  67  274.30987677007641
18  59  48.716756070829746
20  82  164.94951525723988
2  3  133.16123223411051
4  17  199.94722509571818
6  26  275.62959841754389
8  31  126.19453549221987
10  56  48.669870962592078
12  65  296.67625205390902
14  55  263.91611756495388
16  46  65.056125781654671
18  37  307.37250746148891
20  29  378.49495113746696
2  35  133.15870192189703
4  18  170.05119664675161
6  45  61.041223869364764
8  50  224.83575615623852
10  13  534.25862345424559
12  66  247.15700696446706
14  34  234.74569928553987
16  52  189.27390377349113
18  21  570.90906936245688
20  69  61.68671263732832
2  0  164.12534073874062
4  39  233.35972214586249
6  58  183.28137780427741
8  39  168.34736298242683
10  68  62.81157368729172
12  42  323.01318093601645
14  12  210.51932409526765
16  45  367.06347070537191
18  73  29.830424880402418
20  14  159.30181701623488
2  7  131.32444206784686
4  18  163.52653959000909
6  57  99.19180045973556
8  52  72.682851423636677
10  57  147.62194060064945
12  40  121.63578121975246
14  65  206.62603403602935
16  60  242.91519083148043
18  59  187.031522219696
20  24  548.79728041366366
2  23  125.21655768827046
4  34  93.669655478282976
6  10  248.1309577347586
8  36  180.63129570537612
10  72  156.18605128753433
12  73  151.90810151768264
14  52  213.67504847200598
16  65  170.95391747712503
18  68  237.87189095999443
20  83  156.07976676613356
2  28  76.793257058623382
4  19  208.59329984333357
6  44  111.78864600358506
8  39  282.17146073408924
10  70  87.881391316565228
12  48  243.15581799051196
14  83  88.803878026055912
16  69  193.19354372621663
18  66  93.855265552597672
20  74  105.44319622188767
2  1  186.0
4  17  222.1525221577277
6  43  149.92323821193361
8  31  301.15903221284606
10  36  289.76606042683187
12  47  370.95686384298369
14  66  123.32365408658173
16  76  70.983946766320031
18  88  57.514182352249954
20  80  36.535316533390798
2  12  104.8561639436992
4  10  106.21774271556413
6  6  362.65980973952179
8  31  413.741406181005
10  44  363.91200336010826
12  54  0.0
14  7  405.7133567198623
16  65  227.63626381040663
18  34  231.78585435986366
20  50  158.58960129183077
2  32  72.316924107711557
4  19  174.73090217212621
6  44  183.16075295084531
8  20  468.19242077996995
10  58  170.17833055878572
12  15  516.54738626246115
14  62  146.56845603081217
16  62  299.55894287611818
18  69  222.25085315469823
20  82  171.74252605037088
2  23  154.78154321687347
4  13  283.30693713366094
6  24  104.65718596085283
8  53  103.03279882422466
10  88  51.782881943263156
12  53  103.9388088507543
14  32  459.13808391819163
16  59  194.29973050241807
18  73  305.20650044943181
20  59  243.77732364722985
2  51  67.714634648052026
4  38  115.54919170487041
6  37  92.494858287101394
8  29  250.44231670351994
10  19  304.57972642860904
12  40  405.63872955893356
14  53  303.1137940072295
16  67  320.50212524281483
18  60  239.7930761663462
20  88  43.526549092649944
2  36  64.918642694216416
4  41  93.045617983240021
6  68  30.383807824962695
8  84  66.518973591901769
10  42  181.91880985600918
12  65  208.74524165760579
14  39  314.55338363210319
16  74  269.25837045843338
18  53  384.17034662709881
20  72  3.74789907525899
2  10  168.62090831408585
4  57  55.653204071502309
6  47  239.4259444747756
8  48  193.72161044387886
10  51  283.31322908577749
12  32  216.42277350382651
14  38  195.79928657877227
16  45  76.292858513845914
18  35  133.15922221951888
20  88  0.0
2  22  64.791592652473597
4  34  181.91345144706773
6  39  160.74977983020352
8  75  28.409497900591177
10  75  149.37233763690747
12  63  159.45701767631044
14  62  42.707811426320909
16  44  56.603947732252955
18  72  71.371549501284804
20  69  147.71303349972686
2  4  165.65143188259336
4  25  57.479394126280617
6  10  95.99353306757979
8  43  292.56407597160802
10  25  475.76246964034084
12  64  145.160026883151
14  59  203.2931936864297
16  58  271.6100762238903
18  94  71.932702726175023
20  82  29.068742400364886
2  32  99.070575511229208
4  33  81.03836898365185
6  28  205.35534969372688
8  33  197.0410475668802
10  28  392.68938564541025
12  47  323.64666235156682
14  78  147.69536945837859
16  54  184.69633189797949
18  20  300.08173755762454
20  33  240.68121874454454
2  15  16.93314816518653
4  25  207.54975160978276
6  32  241.23447123422687
8  48  99.85742100109519
10  57  315.10813300114006
12  44  131.63400240621314
14  36  386.12653558188407
16  50  129.09602031239461
18  21  974.46815392279245
20  60  83.980250071681752
2  8  44.855534902442017
4  20  73.773390540166474
6  32  78.92735469447949
8  39  236.95833286060284
10  45  254.40788560111608
12  56  274.9826714360027
14  86  100.10081057277618
16  65  44.973894276501305
18  28  276.40912817898112
20  87  19.336946338292485
2  0  0.0
4  19  71.654827009220028
6  35  153.77809441805056
8  49  110.17745437756767
10  10  246.93311380136154
12  57  36.449477033910938
14  58  56.774014310239899
16  30  308.1766032001575
18  56  292.54725983375755
20  82  166.37046837503269
2  18  77.894141302525128
4  49  195.18482759793
6  43  152.4923453772667
8  37  255.69275542317934
10  9  359.615548063571
12  16  270.94105708267142
14  68  254.05139845798982
16  60  173.36401032996818
18  78  199.24449790902696
20  73  20.111182239880087
2  7  19.519742204495419
4  23  230.89302570831171
6  26  249.14360903732234
8  46  214.66187888787925
10  50  114.62080276813317
12  67  96.358517233826447
14  63  229.07005566427682
16  80  86.652435848424446
18  75  79.784008274402296
20  14  569.22208268992938
2  0  0.0
4  14  187.68467039308501
6  10  169.73037279032542
8  56  56.347900181539607
10  23  163.30880729740116
12  67  151.15660576533384
14  48  365.61088715945988
16  52  60.31536710407066
18  48  251.11293950146279
20  57  287.1741375429956
2  13  112.03187703549936
4  18  150.60992382001166
6  33  225.03966852387796
8  69  118.83907087806547
10  41  300.41166710356651
12  49  193.71038462930747
14  71  150.49154811357823
16  62  70.056091646172405
18  36  536.38417538707984
20  53  569.86197023892294
2  13  93.468195994177194
4  78  66.304972776909153
6  28  265.29252214970131
8  32  95.563227924162689
10  58  155.08082629724618
12  38  136.69792709352581
14  33  124.9102545485531
16  54  63.406310251871545
18  42  140.62337140668311
20  97  30.016846507515524
2  21  130.08486838276431
4  31  166.87702348254794
6  12  171.69580275656065
8  34  311.05976981532598
10  40  400.21117386579033
12  24  567.13198768246048
14  73  147.94396709970329
16  68  198.74688042428966
18  51  57.764804091579315
20  85  93.125740366031181
2  0  24.00000000000005
4  14  116.49775154005088
6  34  183.39631516862124
8  38  145.66469562212581
10  67  67.588429186622804
12  3  590.16378183045435
14  61  163.25962759508761
16  70  239.51948992150321
18  75  137.18901075128366
20  64  24.286912934993207
2  0  0.0
4  33  166.49691984600136
6  7  210.42272058816877
8  23  414.96796458704802
10  40  281.91108180244396
12  26  253.96870824296684
14  18  334.77798300405777
16  36  325.90692105769256
18  70  58.225769891220807
20  59  179.53846758798718
2  31  75.4548425046613
4  43  174.52200286036944
6  49  208.74630597040996
8  43  201.13934296240936
10  44  269.149973373428
12  45  226.30795677974979
14  59  462.95367866683915
16  36  203.88350676288479
18  37  277.68674683985677
20  69  17.65750652688682
2  0  42.245009223949218
4  5  292.68632996838227
6  47  88.648444321397136
8  12  440.96053473259224
10  58  304.47039005787201
12  51  340.64436484853485
14  79  68.420403807224844
16  68  72.874153798476613
18  81  115.04605676367783
20  66  2.3694864712439423
2  28  57.439052519695935
4  39  96.82165597775078
6  29  288.05802027111451
8  24  107.88239415580175
10  49  175.02244787694798
12  34  295.95879131605909
14  71  81.178589180134622
16  76  23.796897755914991
18  25  43.735863618479279
20  57  606.45677616820592
2  0  0.0
4  0  8.0000000000000036
6  38  147.83556408692996
8  26  412.94469089827294
10  59  391.69216217561024
12  40  138.72699600337296
14  57  161.37825626625795
16  60  171.52386606203527
18  67  91.155301206074157
20  51  286.86371387601304
2  45  72.981753786988605
4  43  100.5205147665732
6  67  130.49374959005513
8  37  198.69619323114941
10  31  100.44239160595778
12  0  792.26315771992427
14  54  238.53724478288717
16  57  206.70118604049958
18  63  53.459780068377597
20  63  82.269303900067669
2  27  96.549339264920363
4  14  279.42028935426401
6  26  337.33943938723718
8  76  129.74945569563866
10  41  341.73469802692551
12  67  182.5801552258271
14  73  184.97682452438767
16  69  120.03821605786233
18  51  156.68914541606216
20  60  368.92770730295967
2  24  144.30912611482438
4  40  59.347801133854105
6  35  117.15176663337317
8  34  181.15995663141339
10  34  366.31277793054284
12  70  153.75662458093927
14  35  248.03631042896581
16  87  81.1031126278437
18  36  71.735913770250107
20  50  243.09809999761552
2  0  16.000000000000004
4  57  185.27367310926695
6  27  355.27723938998076
8  45  324.85363114704597
10  87  81.604504771708662
12  36  273.56312004820956
14  74  176.79940044602466
16  56  239.77583860480533
18  86  68.346272595996368
20  62  362.24261158778501
2  21  103.92562284156732
4  16  153.55011429379294
6  44  177.48320460650288
8  45  173.00971105948423
10  61  12.983364547666637
12  53  68.460443886801102
14  75  106.86270701663742
16  89  70.296770003944829
18  40  327.10037632314828
20  42  437.46998253865928
2  39  61.078339094044594
4  23  183.44559717471731
6  35  223.24946059348594
8  18  292.14351629082137
10  48  101.91332067806729
12  51  228.51447458986826
14  67  261.6345085482655
16  58  37.291045879700931
18  51  79.534196076758761
20  49  84.962123122641955
2  44  119.82915802929382
4  39  107.31268774747818
6  27  227.06345689967702
8  55  192.91507634074523
10  32  95.53201596535456
12  60  81.075574355750248
14  49  243.12971933397932
16  54  207.065750409668
18  85  57.220460759372699
20  58  142.16772846569077
2  34  62.88167760087088
4  34  164.46940353963504
6  52  126.62021808285371
8  30  294.52517789423092
10  37  319.90929016400457
12  66  134.24780769718637
14  56  243.34087355775009
16  69  183.36793864292301
18  80  56.817347342964162
20  61  81.060874765062437
2  21  117.25893529230494
4  4  269.32782405929288
6  49  131.89597417406139
8  39  290.42931688260308
10  44  218.76524666501115
12  39  120.2521128623559
14  73  212.56379428596509
16  77  88.047406003555921
18  38  265.61460944156607
20  66  248.16714040019295
2  6  178.44934293280886
4  30  136.11692475001553
6  28  141.92265175997773
8  54  244.25416655814496
10  65  247.59199720513433
12  70  167.69820612109635
14  64  279.49459046934652
16  69  114.5172808329088
18  22  491.44445108649649
20  50  172.27453460185455
2  0  0.0
4  47  50.34254700333868
6  10  222.8657412160546
8  36  244.85000597688492
10  66  180.54384603232032
12  42  249.78693371925831
14  64  142.90315491394588
16  28  362.97472378181141
18  74  145.70620887081009
20  64  113.82227111887977
2  4  124.29025806832054
4  27  135.81040624485448
6  44  123.56507055421851
8  19  444.52933998432422
10  64  367.20949398085264
12  59  237.52714645776055
14  44  184.60038482978467
16  42  428.4486036212694
18  27  246.73706746589298
20  63  490.52158193097387
2  0  99.549685706449409
4  34  98.115776453028673
6  46  164.04367235069191
8  62  49.155382355593915
10  62  21.233416848853402
12  57  124.73205957470077
14  46  405.96683277040864
16  72  100.75948725955439
18  54  160.6102338607671
20  73  118.80443933325168
2  13  94.992342032183046
4  41  109.98849174011393
6  33  205.10876851561531
8  28  89.11394152488711
10  38  95.707306462616231
12  67  98.114642184225133
14  38  554.18894982887116
16  31  45.251430090623586
18  33  529.52012317254162
20  60  150.10711263152876
2  32  53.480426996074719
4  33  102.15998722037027
6  40  41.493645985187705
8  7  56.393631260550499
10  64  81.226009410154717
12  46  225.78585334324384
14  42  215.69928787716293
16  72  85.47222133881705
18  76  82.413824362409898
20  75  40.383129255619579
2  31  76.318127343846825
4  36  133.00163846312194
6  19  221.75466988968415
8  50  327.10420496347382
10  31  178.85596327168125
12  38  522.1137542284348
14  67  195.29878872551529
16  61  237.68323009417804
18  54  256.55037472966148
20  78  139.01354331691428
2  0  81.458979203613154
4  35  195.17887810602147
6  26  77.432279934859338
8  26  415.51490802857904
10  62  136.30049570523155
12  58  215.44990065655651
14  58  357.1469588231368
16  59  129.81859823780729
18  38  170.10703231983896
20  55  112.64464662606808
2  47  89.987412467794385
4  21  276.99769968341991
6  12  88.881104634635705
8  27  226.11214659011193
10  44  281.51539158140275
12  43  396.29243965253301
14  41  338.81925007140973
16  60  15.440383159135331
18  53  164.99446530938275
20  69  126.7026104221264
2  4  161.60088976280704
4  31  249.23217030245357
6  43  148.9950010869203
8  48  245.36774419170371
10  76  78.306217198926333
12  36  427.94232297182316
14  68  159.68674085207624
16  58  209.43010357918834
18  97  20.019730646331691
20  60  335.38297812179843
