0.0  69.666666666666671  401.4378388432653
0.01  64.666666666666671  368.26290873200412
0.02  66.666666666666671  379.68617327567858
0.03  65.333333333333329  377.30320786906765
0.04  63.333333333333336  335.14268087204908
0.05  71.666666666666671  378.72783478385185
0.06  55.0  316.38067524874123
0.07  53.666666666666664  559.64329991126704
0.08  56.666666666666664  507.05640216114398
0.09  64.666666666666671  423.38332212218688
0.1  72.0  402.97824309844719
0.0  84.666666666666671  280.54557890957551
0.01  67.666666666666671  395.62656982658683
0.02  50.666666666666664  512.95558935403176
0.03  63.333333333333336  468.01625211831549
0.04  75.666666666666671  315.99087528261344
0.05  49.666666666666664  489.62101168602982
0.06  64.333333333333329  391.19764496970669
0.07  80.333333333333329  327.75056674327851
0.08  53.0  387.19847762213755
0.09  41.0  447.88382398539329
0.1  76.666666666666671  259.73845931687003
