2  13  161.17461357573208
4  29  158.37532214090911
6  5  404.77878280907157
8  58  177.77280783476888
10  29  256.13822360721343
12  71  236.06866529872428
14  58  137.08081652736786
16  29  438.79769380344965
18  61  145.51673673196461
20  48  87.877961675835962
2  13  94.962345485099732
4  35  187.18285113773635
6  41  138.30061441602447
8  31  225.02863371424377
10  63  332.76761471168157
12  84  37.112075510035474
14  24  77.382566393522467
16  44  52.651056347239752
18  48  245.34052982354439
20  73  81.660622952066589
2  29  141.54048842761625
4  20  173.97049241535524
6  37  138.90274785775884
8  8  565.30982584873743
10  70  173.5148421480489
12  66  149.40476655731146
14  58  173.14204248701762
16  62  32.314618616696173
18  35  480.33841578505138
20  53  366.03925343384805
2  0  87.845807307532283
4  20  218.13899859401377
6  16  305.14038740434415
8  58  117.09874085704844
10  13  290.04977470443504
12  56  169.56948885394024
14  54  84.30536984312657
16  71  29.644504809067065
18  70  212.79455294786442
20  63  580.91021802705109
2  15  152.64680165263377
4  19  234.73344941903738
6  68  75.662090423331819
8  41  238.4245948154495
10  51  174.03558085193669
12  86  88.153652494441189
14  40  80.696369815164417
16  50  369.08212289733086
18  67  115.37860559912198
20  86  18.620822179761131
2  9  63.969970227976702
4  32  124.75532351339564
6  55  144.86282431698029
8  69  102.6530541521028
10  17  342.71372466153025
12  39  226.84952730170858
14  43  192.21466678869589
16  62  124.12723569162468
18  52  40.614043860837924
20  65  117.55794424426584
2  17  131.45831183538201
4  10  242.36940290391723
6  32  210.34325765247189
8  14  395.50575546825297
10  16  289.57693100601523
12  21  111.3766911568738
14  73  67.825642224183468
16  47  332.99511875085778
18  48  300.03223428573978
20  43  118.54122968983997
2  6  106.05932556424465
4  74  62.481798165847223
6  32  48.705561146858365
8  52  114.86072769295053
10  87  82.998049894225275
12  32  524.25318223901581
14  45  81.317919355790551
16  33  526.53801459962949
18  52  318.64308409814475
20  69  229.93527583506966
2  26  67.617092307256016
4  34  256.66459211640984
6  51  95.16961482323093
8  65  104.81069280997764
10  64  86.744238028420838
12  63  243.32222137049413
14  79  85.096017122704751
16  64  83.707154760937669
18  80  131.43262151665692
20  66  123.63337572198628
2  12  130.66665532217664
4  18  165.72211529618309
6  53  119.42397110721531
8  34  212.17528947530764
10  62  83.065000187867767
12  39  396.86451613956359
14  65  184.43532378207746
16  62  296.11920477938708
18  41  107.43849855687816
20  38  109.74068699875986
2  0  0.0
4  44  117.23220826927616
6  20  196.37768062443962
8  66  92.550022409386415
10  38  357.05356931230551
12  61  115.87826228467269
14  55  45.946367130304296
16  30  172.79436656144429
18  59  334.93271006110211
20  88  52.741448075314075
2  22  52.22988181530053
4  26  106.79008145606005
6  62  36.165643321883948
8  20  598.60635906670234
10  68  89.319022816922384
12  52  129.81232925767205
14  51  247.37238587437113
16  94  43.415455425335495
18  7  589.87700131631652
20  48  287.67954909176456
2  29  102.85581856668588
4  56  128.46071583991298
6  42  56.593834645419754
8  40  201.75335813641365
10  35  208.21195792056704
12  55  307.57276636206274
14  60  101.42333775235103
16  73  60.909627338864709
18  64  114.60447843205681
20  39  956.93584029173735
2  35  52.505821064667956
4  20  173.02705163002432
6  10  253.68119526083612
8  89  30.500177437998715
10  44  206.50085981411189
12  57  95.461964512181467
14  67  80.679880505783572
16  16  640.03484728063643
18  70  243.29184066505499
20  71  64.290343587138736
2  9  161.34993865068407
4  55  144.74311836929172
6  57  43.899783787910678
8  32  134.42545499234222
10  62  132.11498200790973
12  62  124.29889013292663
14  79  169.51266957162332
16  67  24.428430662382741
18  78  49.243656044482222
20  27  261.64582193467407
2  11  117.61770195872062
4  0  367.65120547677418
6  20  261.77599896388358
8  40  77.997510939282407
10  14  292.26953136102537
12  34  214.89431955105064
14  25  556.80226718191568
16  41  358.8824380089095
18  76  41.999120834805673
20  76  97.233999318973432
2  16  157.86993243528499
4  37  126.004234405932
6  21  160.43958406799092
8  24  242.82987051929564
10  29  402.08714473349733
12  80  130.25565419983479
14  43  79.05726132333794
16  83  74.559468481959755
18  63  124.10089414048066
20  66  98.582596595482954
2  15  123.38442354293119
4  46  77.206745370456787
6  56  189.36400365885305
8  45  55.697343991236167
10  13  304.86027237956557
12  41  145.18375941246043
14  57  207.73733224385717
16  57  77.39564473551799
18  60  271.82146429968606
20  65  211.36198358196194
2  46  83.865304959807702
4  0  280.99576273039941
6  41  187.85926995095741
8  13  309.31626767221451
10  51  290.17881615106711
12  51  100.51385210772976
14  58  88.140897530920427
16  42  777.98898226443498
18  38  476.47796962870888
20  82  43.154875522333803
2  24  58.570437056743089
4  0  137.1783588589029
6  55  73.763643249548082
8  44  80.728734975481771
10  61  133.22225533599223
12  53  131.7810271726602
14  63  78.435089179658917
16  67  183.80224699111457
18  64  248.20267361041437
20  67  152.01460177643136
2  8  83.179561434252719
4  13  189.11995574075908
6  29  232.28478187299413
8  52  242.12275197996362
10  39  268.76610524974092
12  48  119.75209127436996
14  63  276.02901908592884
16  74  140.45153869863103
18  63  130.51130973765461
20  60  85.975395884224241
2  22  152.69082140740286
4  44  15.399283570976483
6  45  71.291634266375922
8  51  210.18495255947113
10  46  156.0934039957192
12  34  404.11421009956985
14  52  92.4323692589563
16  51  361.30987150676873
18  26  191.848348554431
20  53  475.63228288436636
2  20  99.443086648503083
4  18  190.80716820781097
6  54  61.750233202039766
8  13  426.0
10  15  678.81293108378577
12  30  154.22978957417496
14  46  166.36271224817133
16  69  136.97060263777206
18  51  66.503638976161582
20  62  498.01631270431994
2  37  62.548480650349795
4  0  138.67480972429252
6  9  245.37444041529599
8  54  162.04919869843474
10  69  52.983170604292837
12  37  192.44457709633735
14  36  316.00613964093594
16  57  310.76749396872441
18  75  128.62501082513441
20  53  203.51627500451912
2  9  82.250415312178745
4  11  153.33973851841878
6  35  166.06440383461498
8  0  422.26420280251375
10  40  129.51518636006205
12  35  259.84933257441338
14  23  259.75353722044412
16  61  170.60700024551767
18  55  137.18606114185957
20  49  221.4812884671114
2  46  79.600103721350536
4  42  80.29137895872347
6  15  218.69618987846218
8  30  460.98726860001955
10  45  188.80061804344348
12  62  127.51899335968383
14  79  80.061259757790879
16  12  638.05529641089015
18  42  403.2130332215184
20  49  280.54136786290212
2  28  84.109624528875671
4  24  173.27998948313163
6  49  209.52663257243566
8  27  205.94606141563301
10  40  160.94231060214335
12  58  128.18767591143043
14  27  317.66890272917516
16  66  165.7118152321091
18  67  83.769552840521669
20  64  43.616007280007942
2  0  0.0
4  24  60.473053401203572
6  64  49.389158312705959
8  41  198.01679779930828
10  32  133.522538013325
12  48  255.46707827676397
14  56  206.8278034994747
16  69  80.738347192884703
18  79  184.97161326783277
20  69  12.47955050663551
2  9  51.564090813272699
4  12  258.51396465875575
6  41  228.98914307075773
8  54  187.62895798685207
10  62  68.639881347557875
12  61  144.93415904682615
14  39  182.97318802940183
16  30  279.9552406138468
18  71  44.859783806421333
20  56  406.52725388743693
2  0  149.32146072405396
4  8  276.97925711094018
6  14  166.68981767955768
8  64  99.605510497404012
10  49  126.9135462031637
12  68  91.677811792356977
14  50  289.91664709499389
16  53  281.05951117405027
18  48  112.96443197431341
20  47  342.07224171048773
2  38  53.915743831917545
4  19  143.31833323460702
6  44  113.97902765376136
8  45  140.89630610714357
10  57  180.33773477962399
12  38  189.72119236475794
14  41  343.72957585575341
16  57  95.231672585155337
18  55  320.54353303679085
20  57  339.83569628133108
2  0  199.99999999999997
4  14  243.13058399339073
6  40  138.21969964484737
8  15  342.22454332350526
10  73  197.89474717151117
12  54  197.41333010147713
14  36  543.13712307542517
16  43  361.46418297958718
18  71  172.7812047062643
20  64  257.33575242877487
2  0  34.078174341410822
4  7  178.22986279863829
6  44  161.91301771916076
8  46  122.09366153690318
10  25  416.46556813728256
12  81  92.064079245553501
14  67  80.692537178877544
16  40  330.19576215702722
18  71  31.053478238709246
20  25  220.73571836525011
2  28  113.5487944763798
4  20  262.08781178715714
6  63  104.25023696397247
8  10  379.48473257815681
10  57  56.018419996994851
12  74  133.888314490917
14  61  51.049563009958717
16  45  138.84847446523005
18  79  48.095299362210795
20  53  209.28172555304309
2  0  59.006434898978398
4  32  78.055078192475776
6  0  299.76118608358524
8  24  269.28861300961262
10  76  121.90584805632697
12  15  317.75573378563706
14  63  337.11265093161603
16  36  354.92485546558851
18  56  284.81865694360903
20  69  139.52717430416129
2  5  117.80159417382303
4  5  264.71549496042843
6  45  147.6595354506351
8  61  229.81888226223532
10  48  385.67273654344325
12  88  58.803023434802959
14  56  278.44745052197135
16  70  54.412382277933325
18  20  200.38747257126394
20  67  267.02215670172239
2  42  102.855834484459
4  23  160.09608073637185
6  29  188.5320585988913
8  40  164.00894891555285
10  37  209.22046016062328
12  19  257.36953889804386
14  65  67.95825214450916
16  55  175.14289587952689
18  36  114.07606229865067
20  57  47.711093582361457
2  50  78.820822239150004
4  12  208.37934269859252
6  58  195.57247420937423
8  32  181.620648867977
10  40  163.21024059384152
12  38  504.51748472187859
14  32  357.15962678219876
16  72  67.282993965402895
18  93  46.834067777403654
20  84  183.59099298340294
2  49  92.462190040602934
4  35  77.510363417292226
6  52  179.46994246084847
8  60  199.860922110487
10  67  176.95920794584836
12  44  433.08637837441239
14  58  125.54003462356796
16  70  76.459863598097698
18  62  320.73278708266258
20  70  212.57409958556192
2  26  126.13174122038512
4  19  271.16353214466932
6  38  104.767252770414
8  48  186.45448159506046
10  42  263.39200075572091
12  66  121.97516239076437
14  50  245.28828360065077
16  62  359.34181173649927
18  63  214.01330389797377
20  68  95.805523525114623
2  12  124.90819209307695
4  23  155.61611429711098
6  23  328.83174451412589
8  37  222.1258162373212
10  59  68.072303521490227
12  65  105.95613073498367
14  67  64.899662537809405
16  29  617.12727499267214
18  66  126.43344003518737
20  57  87.329616587893312
2  6  75.29741270475283
4  43  61.808686480059571
6  16  183.98133019431612
8  49  271.99318724789447
10  54  252.67175228801761
12  53  103.40019590610495
14  62  168.96132136876406
16  19  242.13062818340933
18  64  93.673255431737033
20  96  29.013244749008617
2  19  58.998934688867536
4  28  118.71441232865925
6  38  198.7467827275994
8  44  169.04183383141614
10  38  70.209765739165192
12  32  249.33051517685757
14  50  309.19763888267596
16  67  24.83016877566477
18  64  49.631051022090446
20  52  316.74757033096205
2  9  106.48848542178584
4  0  111.77894405202642
6  31  201.38901204566864
8  21  159.24902470545857
10  42  335.85825196063439
12  75  15.335935541725567
14  42  418.71719713082473
16  63  2.1804663490208216
18  63  239.29045390109715
20  56  69.946473023511501
2  31  128.89403686364352
4  45  115.91151300887003
6  31  158.25988995226993
8  81  111.29606818679204
10  65  149.98794032032205
12  59  207.31790705055229
14  61  153.42466722591499
16  75  137.57080278171597
18  78  168.64922541990313
20  52  347.70136630093856
2  0  171.99999999999997
4  29  157.01681087983977
6  24  348.12436499041883
8  28  325.58329037788241
10  17  405.95775906919476
12  57  94.439567213367113
14  49  346.88611367621553
16  49  176.79526042641822
18  41  778.44319547960254
20  80  38.124664109401046
2  12  125.55252684495575
4  29  98.16035827659401
6  8  391.47163998465339
8  53  186.70781221406503
10  25  175.0298456270877
12  58  231.99170724253929
14  43  266.16433092657189
16  70  264.70431087122716
18  83  100.48863228777148
20  73  95.413819484462849
2  12  43.054531731605195
4  47  54.341955111700756
6  57  143.28720029414563
8  39  138.6143732328253
10  44  318.41654518765978
12  55  79.337530146022075
14  47  161.3820394856838
16  70  278.73925804116783
18  36  564.18071052971925
20  40  451.50892353251533
2  15  132.51221646502407
4  41  95.052352320449202
6  34  330.01613115067596
8  80  78.535639353855288
10  54  125.58703691460344
12  56  91.565358294284806
14  42  466.48188940686771
16  68  217.60866886662922
18  72  80.393358974708022
20  62  268.39940030150672
2  29  46.798125030231105
4  4  91.931679449709478
6  41  269.78985459694189
8  42  115.90845983466079
10  63  154.10994851013183
12  54  105.08453294475164
14  79  185.14920937999352
16  70  198.33137572801346
18  26  427.72924026653834
20  48  249.71778091234313
2  15  148.94544227300082
4  6  191.32768526397342
6  35  257.12125185644732
8  54  219.47464795075007
10  61  165.60394463678151
12  73  96.275095468277911
14  52  196.79689673973201
16  31  552.35796340959359
18  64  360.91235152771844
20  68  54.362573939529724
2  49  82.972239797933156
4  20  229.21644531716811
6  30  196.56193741466475
8  42  250.44201691748748
10  63  72.240310293818482
12  40  346.97174267912749
14  79  85.32578383261702
16  59  366.11416363072772
18  49  473.8475370105819
20  56  201.75143343464001
2  5  80.03484577237424
4  29  188.370468649109
6  20  175.39214549882249
8  39  133.74344447443562
10  38  130.826872153403
12  48  124.06320662876924
14  61  206.42889833242626
16  38  766.71324221922771
18  68  80.925947880090249
20  62  129.00615150975668
2  14  76.240325435340381
4  30  170.40940628448544
6  35  134.08457791657352
8  52  118.71699876920113
10  76  176.24973348336846
12  60  140.44643201760798
14  51  55.999999999999979
16  89  84.063028440000977
18  48  567.17324182737741
20  59  322.28170135089539
2  13  46.886871622518548
4  45  114.68251208147669
6  39  230.52684305179002
8  42  309.9425738627794
10  50  406.41094148126803
12  54  304.54837689551022
14  93  64.375378840703519
16  46  402.32115714896111
18  55  117.71710091437335
20  69  41.97161523110087
2  2  122.99999999999997
4  35  87.347138792895578
6  28  100.59007169628026
8  49  113.32333692444693
10  60  70.38348926863776
12  26  479.1489058546008
14  34  317.08213844241664
16  50  509.22743922866044
18  69  43.142982021623766
20  57  18.820142744191443
2  16  132.85865147734748
4  31  236.80970394462025
6  6  295.08181799779697
8  8  350.77821091952137
10  51  166.51479557996589
12  53  187.57164017775213
14  63  274.70513308113794
16  64  110.17924184464404
18  57  291.38421177892997
20  53  105.62011107530772
2  44  104.18804961957305
4  22  81.379133913206417
6  32  139.65656380132555
8  16  305.0179785650601
10  67  175.05183742561337
12  45  288.98850064767885
14  62  62.168285317106445
16  60  333.15878069453851
18  67  200.62333363790887
20  47  155.72387312223765
2  49  55.361767153775169
4  6  158.88330068895826
6  22  293.90800464054337
8  50  324.30646376772194
10  46  146.87540156036349
12  44  103.1605768593449
14  53  248.32044637144747
16  46  447.38737849360012
18  84  164.38338495768173
20  43  535.14217030723944
2  9  174.00627413151224
4  31  20.961429018587513
6  12  153.55315096727449
8  24  304.84572195499953
10  43  162.27246620265993
12  51  295.51379293202166
14  63  93.264346677961171
16  63  536.23892423665529
18  45  285.10596896143147
20  59  182.58843478338275
2  20  87.045555047902951
4  17  136.27342525507385
6  61  181.65789768400981
8  32  174.05503669940626
10  54  292.75540558532782
12  45  85.972753921996727
14  49  226.52886047440916
16  68  197.17820970896005
18  39  94.413529254005439
20  76  29.09034833732645
2  0  93.363854104974521
4  47  76.84567960569747
6  35  132.55309354052844
8  56  161.57447736056895
10  40  294.51810496642594
12  63  167.15134835305588
14  36  472.53561832487134
16  40  124.47947923738238
18  60  642.1590359084031
20  88  113.47409010609496
2  0  126.45732136773955
4  15  198.15426329373639
6  20  171.64498218453184
8  56  134.12591005098858
10  30  66.478999797752223
12  53  81.625529359219342
14  48  242.46633182837468
16  88  83.812553882369414
18  59  177.42612118855035
20  54  377.51217547166812
2  11  83.297124980155729
4  37  48.957897477224513
6  12  281.90451889588064
8  26  543.87360058258196
10  55  79.925502961062364
12  63  57.95429799507955
14  54  170.42423777489927
16  44  429.97720895250353
18  62  14.001528718559705
20  36  526.33636854334725
2  14  87.869711227800678
4  29  134.87421834723739
6  34  198.12110116846574
8  32  52.884817258471102
10  64  228.25439612091057
12  58  156.4969509444455
14  20  261.6628853053237
16  21  265.17427351875773
18  66  297.87147918078233
20  72  208.93058679800248
2  32  89.871678361291146
4  57  81.732584900893514
6  31  193.45192812618163
8  80  126.0278523449217
10  70  126.35404784018039
12  49  94.235111539948008
14  50  317.9308717002873
16  56  268.690530949535
18  37  347.14583426835696
20  58  419.9731519642815
2  13  88.75908601130557
4  27  183.83791306817574
6  33  96.234965748854776
8  34  202.05968517977055
10  70  98.833977718922554
12  67  91.440587064238059
14  37  86.840950243672864
16  62  309.75157153166271
18  36  602.18977891399629
20  75  101.13481966909765
2  21  54.647233777670934
4  17  151.68467453093052
6  39  127.50982844021171
8  53  97.928970799744633
10  45  199.6042137913735
12  79  53.153502508431131
14  70  372.41581775622649
16  56  369.3970624761584
18  61  133.46610252212074
20  68  75.258668268934244
2  0  0.0
4  16  112.2731649859231
6  34  134.20486643233133
8  48  195.23228903689821
10  70  75.274573722606661
12  24  185.68147770618026
14  50  223.8463709067349
16  36  88.574247007032383
18  65  145.25136409971617
20  84  104.94804440943949
2  7  122.83050902360317
4  70  102.97272335712631
6  24  189.70350770962685
8  29  349.35091205652145
10  65  165.47395081596977
12  54  313.07918652030401
14  37  243.19726925859374
16  47  321.63089844075034
18  77  256.21501299721155
20  69  63.720460450695654
2  28  75.788524154524666
4  4  243.79915610404638
6  64  127.66229940358387
8  51  123.71386127327715
10  61  263.04870167758583
12  58  63.293330304846783
14  43  403.14565646080723
16  56  220.27372661571553
18  71  26.534931302607358
20  79  45.486126221016974
2  33  116.84054425887129
4  16  73.811200828206992
6  49  121.5281108960674
8  46  127.32739271276229
10  69  109.72262383548419
12  60  270.98489510035091
14  53  95.070749994161417
16  62  214.60199673708058
18  58  73.619334273451557
20  48  275.47257094389596
2  34  68.389257200852114
4  26  150.42326510541699
6  37  204.46110536817091
8  41  262.9987561963685
10  45  223.82106470017095
12  32  432.2835662532882
14  57  279.15876275628688
16  68  218.81758342759474
18  51  240.27182679002465
20  66  23.91907680015569
2  15  104.31158960463362
4  30  172.65156380756227
6  47  108.19097868017711
8  40  201.84708289654699
10  55  252.22620561364991
12  24  331.78875457047565
14  53  165.30066266261545
16  58  218.47823206735063
18  35  388.98983454430498
20  84  65.122327184213006
2  0  93.999999999999943
4  32  174.80751921268018
6  63  126.5505927213445
8  41  299.33183292593191
10  30  250.66348576161391
12  45  394.50916617545573
14  70  153.41545053768715
16  65  112.69269749351432
18  58  107.29413683581123
20  46  423.83522499010689
2  40  130.6591844853524
4  7  111.48183181337676
6  46  157.76204628261388
8  52  71.87477402884771
10  37  271.88908228495194
12  37  155.8488191487765
14  51  117.93893700397177
16  49  376.30774213586204
18  49  410.23736699190863
20  44  73.079488803747495
2  12  140.75053035691056
4  21  86.9809965832697
6  24  215.95142673559209
8  49  174.98861511006317
10  61  126.44800570021221
12  60  263.09205637517272
14  46  137.3420427665105
16  42  218.470975294195
18  45  561.88074253434957
20  29  278.85446192179649
2  9  130.14187135717816
4  31  167.83971333292735
6  12  246.04961405715233
8  22  365.00409976716298
10  92  45.790276197672881
12  57  210.32837487391177
14  76  231.01819754119069
16  59  66.671263520715357
18  72  60.315265968196663
20  78  193.78737853587975
2  0  0.0
4  41  157.88247963194942
6  12  369.01953373636792
8  32  302.34844557746425
10  87  54.31436660752334
12  36  464.44726623404489
14  63  44.906193821515146
16  58  112.92259713724995
18  81  80.273663730965566
20  62  237.02570014604368
2  10  157.22992016215485
4  55  123.70987240764369
6  57  135.57389979150182
8  68  108.0141613284647
10  62  85.106050517540993
12  50  197.19462017983093
14  44  76.728561623901797
16  69  68.832250899614166
18  63  89.13729134950907
20  45  134.69886544433706
2  23  47.633239597073249
4  0  228.79509518183582
6  59  182.70519434617725
8  40  210.30432973485674
10  35  349.61509101379835
12  60  20.959273408996804
14  56  334.54571849106662
16  36  79.385445012735403
18  87  88.484487826424285
20  49  195.8675529662018
2  29  32.335026297311671
4  7  156.7691639085871
6  19  397.36585370057799
8  38  380.7492694676443
10  57  209.01858979478737
12  43  109.45704448473697
14  50  231.76724931522008
16  33  634.83496396263786
18  66  132.06422051559849
20  42  470.04782106321653
2  13  100.62925200330216
4  66  83.654770649512571
6  58  59.366438204532571
8  73  112.82237552378787
10  69  102.2819324055592
12  73  165.58239785552948
14  63  69.450553168867927
16  75  11.960839717030209
18  60  19.784123794786083
20  57  91.167750129581222
2  13  112.94762322758068
4  30  95.900706701643429
6  22  162.23269909035687
8  57  110.63168287677217
10  28  314.31419646492043
12  67  64.558926006846377
14  32  474.13437901645182
16  51  303.78002827379288
18  66  141.80166888290205
20  59  117.9850666285234
2  24  72.452638335728949
4  0  75.185715152626685
6  24  111.14358725342652
8  20  267.08723515841592
10  47  88.295622302547443
12  50  219.33568559483425
14  65  65.75308186468834
16  47  49.856460637614937
18  81  45.041203507331751
20  68  326.39923578274147
2  33  69.37173806872876
4  0  254.44158971815435
6  56  125.03267122179872
8  21  435.15050386922888
10  38  147.43949565926854
12  49  220.72125156046496
14  62  222.31996362033848
16  42  249.50230501384578
18  62  164.79214477267718
20  59  14.55704964013742
2  11  138.12316416082697
4  29  141.08584747998827
6  44  208.54916535675568
8  58  203.21848054636567
10  46  191.8748609013131
12  50  324.90144540088198
14  48  112.32055076017349
16  58  165.11473052132087
18  84  75.60571594201619
20  64  162.46191553053706
2  40  91.220882919695143
4  27  160.31161132882062
6  28  264.93340152683732
8  52  144.57229240034013
10  59  239.32635372862208
12  52  122.32506257530108
14  31  465.42870172633559
16  19  450.76570621985832
18  16  331.32463170386239
20  85  79.299919798905279
2  0  93.03189307865992
4  20  207.2130721779275
6  30  124.6258141855776
8  45  105.00460112285541
10  70  176.95160026450071
12  39  403.01986447405886
14  38  324.63929000683822
16  75  130.35446540909305
18  59  203.91491145845077
20  65  267.8146073632571
2  43  74.652741160481327
4  33  167.05333873125721
6  10  316.82030234409893
8  16  503.29806824273027
10  70  131.95965881875733
12  37  362.21280284651283
14  75  171.34689925672055
16  81  102.91187777467063
18  18  1095.0834925031597
20  66  78.525409456838631
2  54  93.249266099818641
4  16  157.51763644998653
6  26  221.15299083941261
8  40  142.87171225559263
10  49  130.9488900986112
12  49  345.63144388250629
14  83  135.67376962904316
16  49  162.0976494149246
18  68  323.59018676851417
20  74  136.50672593927194
2  35  61.524596514332991
4  34  244.25923572280189
6  39  280.6767966736162
8  29  25.942663371895812
10  36  167.0
12  29  514.11599627392866
14  55  160.73130734704156
16  41  522.98915901098928
18  68  141.11501225806384
20  71  85.561718905947572
2  15  129.23272605698136
4  46  106.29326523216184
6  0  153.33573313950382
8  31  99.376957964826261
10  72  199.55162159140735
12  82  73.375435847778135
14  41  375.57288174598352
16  61  236.40567188994618
18  73  196.68981711548838
20  60  115.22777732466697
2  2  47.0
4  29  186.17397241948856
6  57  121.91163926375869
8  41  36.0612198698566
10  51  215.97468090998245
12  57  148.03013297811981
14  53  115.06941421722075
16  70  146.4757519808112
18  71  244.04331279059684
20  83  179.48602669944518
2  15  162.2089845318269
4  31  112.11906793319149
6  0  248.90468619036889
8  37  106.68832796327632
10  43  400.49768321718068
12  57  215.81674039811426
14  64  130.91261710071075
16  63  118.83688140248991
18  59  168.37228001400763
20  48  336.43151831217472
2  42  76.89126556279362
4  40  124.35838223557515
6  45  137.76830813126952
8  16  472.26490661299727
10  86  4.2991168042878583
12  60  53.583241899009117
14  66  133.81092436539555
16  80  50.743016204623181
18  85  105.30770182507668
20  60  101.84631199590333
2  32  130.05766976534019
4  33  137.77734849864589
6  49  183.00671461110474
8  40  187.08863372276068
10  68  180.55834198542223
12  57  264.19410807761028
14  63  139.88263009573848
16  40  146.6737078682097
18  70  68.764515279161984
20  91  88.92973021148218
2  33  7.8432895605029769
4  0  254.31461331249713
6  14  192.00000000000006
8  45  232.96941486416327
10  26  434.92133442712435
12  57  215.33558497485589
14  38  207.1932289306886
16  75  27.517747850837612
18  54  55.428749174905619
20  76  91.933776797157805
2  27  93.825969666234855
4  0  112.33717447096974
6  41  198.59357290536357
8  30  236.63911007565946
10  67  176.99239851344254
12  32  327.04990019743133
14  63  206.51225013157787
16  37  349.68857761949397
18  42  104.40010930597133
20  68  327.32386245002954
2  19  132.74035185475287
4  46  81.059934955702602
6  31  181.9990432188371
8  72  103.86451983100865
10  41  271.01660121556426
12  54  9.8331165122347013
14  54  231.1030981936288
16  49  447.7312909192201
18  71  1.9862307914733293
20  65  86.041090818661019
