0.1  71.333333333333329  420.67504614967419
0.2  59.0  520.56000003335157
0.3  60.0  387.7683792865671
0.4  57.666666666666664  451.79601735152488
0.5  65.0  428.15421085774176
0.6  65.666666666666671  385.38683036077731
0.7  82.333333333333329  360.81297333653913
0.8  57.0  395.94977613695397
0.9  66.666666666666671  411.11772426350393
1.0  64.0  433.54118142884533
1.1  79.666666666666671  341.41811432377585
1.2  63.333333333333336  435.20945243297734
1.3  69.0  403.83106723041067
1.4  66.333333333333329  411.11233826545418
1.5  63.666666666666664  409.35297988666446
0.1  65.0  360.86581080159061
0.2  71.666666666666671  379.83973007603169
0.3  84.333333333333329  338.99345362748181
0.4  65.333333333333329  402.68050102743422
0.5  70.333333333333329  369.8124582450215
0.6  66.0  455.0551063529208
0.7  55.666666666666664  452.78648210292261
0.8  60.666666666666664  405.84423290349258
0.9  72.666666666666671  384.65199019150162
1.0  76.333333333333329  342.30403787922103
1.1  67.666666666666671  398.46499809205511
1.2  65.0  416.233747127122
1.3  69.0  388.01124088955669
1.4  72.666666666666671  334.21475928136721
1.5  70.333333333333329  423.55953174382859
0.1  66.666666666666671  413.97659283714296
0.2  66.333333333333329  417.93211315577628
0.3  63.0  363.34331138615914
0.4  59.0  387.32396986592613
0.5  64.666666666666671  344.79637992124344
0.6  69.666666666666671  377.60456761170553
0.7  75.333333333333329  377.83530946912612
0.8  72.333333333333329  361.80053668050829
0.9  41.0  513.78556918105346
1.0  75.333333333333329  361.29198765186948
1.1  51.666666666666664  518.36889126660651
1.2  59.333333333333336  457.91762094586755
1.3  66.0  377.84037277608132
1.4  82.666666666666671  321.29883514943094
1.5  74.666666666666671  376.36493476523015
0.1  79.0  295.43082303307369
0.2  74.0  348.91545442822223
0.3  61.333333333333336  361.9122074104888
0.4  60.666666666666664  388.24584280338809
0.5  67.0  395.47128975730743
0.6  84.0  322.56291230996754
0.7  86.0  293.52201068531565
0.8  66.0  461.97860568518735
0.9  69.666666666666671  397.54577841240911
1.0  51.333333333333336  316.95207283773891
1.1  58.333333333333336  434.89882053480267
1.2  61.333333333333336  512.86839824457184
1.3  51.333333333333336  525.71217720106745
1.4  78.333333333333329  362.11125967239894
1.5  83.333333333333329  319.84298599875007
0.1  56.333333333333336  366.51826224718332
0.2  65.666666666666671  423.40820309208414
0.3  78.666666666666671  324.00211474280826
0.4  80.666666666666671  382.8119794096649
0.5  64.666666666666671  499.06914413692687
0.6  60.333333333333336  457.03682662064142
0.7  73.666666666666671  324.63622740589733
0.8  77.0  394.77047662509489
0.9  78.666666666666671  343.71044704140235
1.0  54.333333333333336  386.72967227421162
1.1  67.0  410.26933045465222
1.2  79.333333333333329  320.93140058274275
1.3  63.0  447.20593315965186
1.4  64.0  481.96672241261319
1.5  50.333333333333336  507.29563462592438
0.1  73.0  350.8900343866419
0.2  56.333333333333336  354.11090768169845
0.3  67.0  391.9754896867907
0.4  63.333333333333336  287.38974879284399
0.5  65.333333333333329  411.37685031079366
0.6  76.0  317.36567679750186
0.7  71.0  398.29058716656067
0.8  67.666666666666671  400.93457362831765
0.9  59.0  511.84029419792506
1.0  71.333333333333329  377.90034216376023
1.1  72.0  366.51945977873009
1.2  48.333333333333336  528.92564187725532
1.3  79.666666666666671  320.07954358276305
1.4  57.0  472.041075889495
1.5  80.333333333333329  328.5392721968513
0.1  56.333333333333336  430.9758280734265
0.2  77.666666666666671  321.80136104770969
0.3  72.666666666666671  382.45593123332145
0.4  74.0  334.82198601704778
0.5  74.666666666666671  408.71773347809852
0.6  84.0  321.30870818485357
0.7  60.666666666666664  440.95496323063043
0.8  67.666666666666671  435.07202291361813
0.9  61.0  450.85142039389683
1.0  80.666666666666671  303.53080746899269
1.1  75.333333333333329  373.54371657305802
1.2  54.666666666666664  405.45737268547401
1.3  68.333333333333329  407.4780418458858
1.4  77.0  315.15489088278571
1.5  69.333333333333329  385.28966277008459
0.1  79.666666666666671  330.29279623721544
0.2  59.666666666666664  411.6075105863103
0.3  73.333333333333329  375.85630739778287
0.4  65.0  382.40543676490154
0.5  81.0  336.84880499623193
0.6  62.0  425.87625381022798
0.7  71.333333333333329  378.77646194615068
0.8  77.0  374.7727478248255
0.9  61.333333333333336  385.90331853982042
1.0  79.666666666666671  321.08376834415003
1.1  45.666666666666664  485.06036559701249
1.2  70.333333333333329  348.69342635436533
1.3  72.333333333333329  341.15841457034719
1.4  71.333333333333329  371.70194319061574
1.5  64.666666666666671  429.47077593088432
0.1  67.666666666666671  343.99638717247899
0.2  70.0  335.96422181368212
0.3  57.0  393.53795851236009
0.4  68.0  362.7537493246694
0.5  56.666666666666664  499.49799594783582
0.6  64.666666666666671  336.37734573701437
0.7  63.666666666666664  427.68116255262106
0.8  60.666666666666664  451.88634117388949
0.9  66.0  379.65055715217812
1.0  86.666666666666671  281.04675644529993
1.1  62.333333333333336  459.02718651328894
1.2  64.0  487.64095240850332
1.3  91.0  237.61732564064806
1.4  84.0  311.10935122597959
1.5  80.666666666666671  326.47369140679882
0.1  60.333333333333336  413.70686157955885
0.2  51.0  403.88048666942461
0.3  69.333333333333329  377.64528455543842
0.4  62.333333333333336  512.52896073712589
0.5  58.333333333333336  522.97502215140867
0.6  61.333333333333336  435.99941086701739
0.7  69.333333333333329  411.65701472901503
0.8  62.0  402.24904193938141
0.9  72.333333333333329  431.02251168840371
1.0  69.333333333333329  414.03070951778676
1.1  69.666666666666671  389.40431090842662
1.2  79.666666666666671  311.41099304074066
1.3  69.666666666666671  401.44598484875684
1.4  65.0  385.55798808588759
1.5  58.0  410.73724702528443
0.1  58.0  366.18789882533878
0.2  75.333333333333329  368.78825744714572
0.3  67.333333333333329  428.0501123685703
0.4  72.333333333333329  372.18187567379692
0.5  82.333333333333329  310.10416924791298
0.6  64.0  466.42136423095565
0.7  81.666666666666671  304.21725105846542
0.8  70.666666666666671  389.9470072214865
0.9  75.666666666666671  368.97278667676801
1.0  64.333333333333329  417.88921042034571
1.1  79.333333333333329  394.7026660261472
1.2  76.0  353.01250311291545
1.3  59.666666666666664  407.25632743045867
1.4  69.0  353.9410795911503
1.5  80.333333333333329  297.51666477162991
0.1  71.0  337.63641541015011
0.2  68.333333333333329  410.38972694078473
0.3  58.666666666666664  347.20929149119883
0.4  77.0  363.93744447175595
0.5  70.0  350.89879782467648
0.6  51.333333333333336  523.75449361887615
0.7  81.333333333333329  317.89525010016047
0.8  63.333333333333336  405.20612343454337
0.9  77.666666666666671  322.20347350720942
1.0  62.333333333333336  339.50450824626313
1.1  84.333333333333329  327.33865859697607
1.2  63.333333333333336  424.17713299758833
1.3  50.0  541.00036777055311
1.4  68.666666666666671  396.99583739354358
1.5  68.333333333333329  327.83504975010828
0.1  66.666666666666671  384.89983927673302
0.2  71.0  376.34070153723076
0.3  56.333333333333336  328.3893146030444
0.4  56.333333333333336  485.12705959551147
0.5  50.0  478.33414011134266
0.6  77.333333333333329  347.95828787329157
0.7  70.666666666666671  379.50040527849615
0.8  62.333333333333336  440.09244829692358
0.9  62.333333333333336  420.5264836721621
1.0  63.666666666666664  444.3456668762604
1.1  60.666666666666664  473.59578947129955
1.2  65.0  335.16090866419717
1.3  75.333333333333329  365.28527338452125
1.4  63.333333333333336  446.2607697565175
1.5  74.0  374.91958299354258
0.1  68.666666666666671  413.2398993265532
0.2  62.333333333333336  494.20212043698467
0.3  50.666666666666664  484.67564057755595
0.4  63.666666666666664  363.88166531229399
0.5  65.0  452.64226434576375
0.6  59.333333333333336  419.70921810569428
0.7  75.0  311.97898958153519
0.8  63.333333333333336  352.79905750073942
0.9  65.666666666666671  410.44188800349065
1.0  80.666666666666671  325.82818571979027
1.1  55.333333333333336  567.08003570364872
1.2  75.333333333333329  345.6852912557207
1.3  62.666666666666664  506.20432904684503
1.4  65.333333333333329  400.07283849264689
1.5  88.0  326.13734590271184
0.1  56.333333333333336  427.78538726589244
0.2  67.0  384.49973855895189
0.3  78.333333333333329  327.08209240494051
0.4  85.333333333333329  324.35228003087281
0.5  70.666666666666671  361.12730703625681
0.6  69.0  427.93538380617986
0.7  64.333333333333329  404.84486855893067
0.8  54.0  380.11675961884015
0.9  59.0  444.13663223330758
1.0  80.666666666666671  324.79540257688876
1.1  57.0  447.52315977978623
1.2  83.666666666666671  300.97041183747717
1.3  62.333333333333336  426.67561427851734
1.4  81.0  299.97384652085117
1.5  55.333333333333336  427.21977702256186
0.1  71.333333333333329  383.44757034244378
0.2  67.0  316.64195191606927
0.3  61.666666666666664  431.22589614874897
0.4  61.0  443.75101268572803
0.5  66.0  425.88071231052919
0.6  73.333333333333329  319.60400761500404
0.7  60.666666666666664  423.66227034200421
0.8  75.333333333333329  333.52107441937329
0.9  62.333333333333336  425.76451806389196
1.0  58.333333333333336  406.04745073551123
1.1  79.333333333333329  382.60286084264237
1.2  75.333333333333329  348.57458624927563
1.3  68.333333333333329  388.69258355018616
1.4  65.333333333333329  490.11669598516841
1.5  55.666666666666664  411.90449196392962
0.1  64.0  388.60459772747174
0.2  69.0  405.41335806398666
0.3  68.0  438.18400694941789
0.4  54.666666666666664  478.2089497750527
0.5  71.0  391.20141451756535
0.6  58.333333333333336  384.02148510802891
0.7  74.333333333333329  379.64883149554254
0.8  75.0  332.92814246176022
0.9  69.666666666666671  310.70403247610699
1.0  60.333333333333336  378.65680036674183
1.1  58.0  457.91120624581089
1.2  69.0  288.5868652686226
1.3  66.0  403.72215924707388
1.4  67.666666666666671  399.06629607382132
1.5  74.333333333333329  364.72084938749532
0.1  72.0  364.31942943991163
0.2  68.0  418.86770544053951
0.3  73.333333333333329  289.19089396032689
0.4  68.333333333333329  370.35910095484655
0.5  66.333333333333329  361.0431302438318
0.6  63.333333333333336  421.89470930406708
0.7  79.666666666666671  311.59820743818852
0.8  61.333333333333336  450.63942373914063
0.9  65.333333333333329  400.28413348532371
1.0  79.333333333333329  362.45826295483675
1.1  79.333333333333329  338.07044228586557
1.2  57.666666666666664  484.06522691440023
1.3  63.333333333333336  395.34629098217482
1.4  92.666666666666671  274.63223973580705
1.5  48.0  452.04736342500928
0.1  79.333333333333329  297.13905387130734
0.2  75.333333333333329  400.3938763562212
0.3  79.333333333333329  305.07632678737974
0.4  74.0  342.03626169594503
0.5  68.0  398.66261776034031
0.6  47.333333333333336  511.81662769970671
0.7  68.333333333333329  547.45017140714629
0.8  64.0  328.46985579473295
0.9  76.666666666666671  357.87144625267462
1.0  63.333333333333336  431.95134135718564
1.1  54.0  351.65968933783006
1.2  67.333333333333329  430.3006454381067
1.3  83.0  258.38203057549276
1.4  59.666666666666664  385.31024359964152
1.5  62.666666666666664  455.14267504460457
0.1  68.666666666666671  408.82252515717312
0.2  75.0  390.19178899904341
0.3  75.666666666666671  350.8192713276124
0.4  61.666666666666664  409.85381968484188
0.5  69.0  387.92493389360533
0.6  70.333333333333329  307.33416073417345
0.7  78.333333333333329  363.5179636915023
0.8  62.0  442.66716270389907
0.9  65.333333333333329  422.11331927346458
1.0  59.0  429.64024103032665
1.1  79.0  335.95726220436967
1.2  75.0  429.16964347432838
1.3  47.666666666666664  379.43291640920188
1.4  83.0  339.97262426752525
1.5  62.0  413.24154729842627
