10  70.666666666666671  403.46489332948346
15  57.0  573.56548964425144
20  77.666666666666671  456.89696391508903
25  92.0  262.76106755354624
30  79.666666666666671  492.7881493673201
35  79.333333333333329  533.19892748846939
40  86.666666666666671  434.48728809296733
45  85.333333333333329  620.82855191152953
50  88.666666666666671  432.81820562571278
10  66.0  426.64137513115486
15  68.333333333333329  431.65050818211256
20  69.333333333333329  494.87553615700347
25  73.666666666666671  315.23904864954392
30  89.333333333333329  330.28295644145857
35  89.0  337.94780479359264
40  82.666666666666671  476.38664017274425
45  88.0  414.64203997676992
50  87.333333333333329  506.93716433368684
