6  19  308.58992882179541
7  29  327.04802747718833
8  47  247.77622507146609
9  59  225.40770509212325
10  45  213.22476658095147
11  33  315.55102627048927
12  67  146.99747907558634
13  85  176.13828514033523
14  77  166.19482609577074
15  90  81.884381226659571
6  30  290.61408819394723
7  37  314.9319527536116
8  40  242.64838707406653
9  56  227.23095068322692
10  53  403.37143569183223
11  51  265.32637480897534
12  81  146.75454716890002
13  65  256.8050608439865
14  75  212.04015083069126
15  59  352.99297994123151
6  35  254.33444581796422
7  64  139.76527244285393
8  26  350.69726226341021
9  54  199.38001823285626
10  76  142.26497739606123
11  53  303.13479364985017
12  80  139.77850853601328
13  72  180.78307670861571
14  78  175.72350394846995
15  96  36.236515029359538
6  36  195.85489923385688
7  43  197.56963181718348
8  35  194.14862006702634
9  53  200.58793565299098
10  40  323.73978050563022
11  69  190.20986730949483
12  53  452.105289755363
13  65  258.89727433115206
14  58  182.32769830481854
15  72  213.99162640981299
6  40  184.72039341052354
7  9  315.01422179905705
8  30  238.08915006201445
9  47  289.96919099999127
10  65  238.56624348149509
11  71  149.29313222990643
12  71  199.27412702214318
13  56  334.89354267726134
14  86  119.45103036444944
15  79  193.53474906681464
6  45  198.86245624935572
7  37  317.92813736286723
8  42  167.99677758651029
9  57  300.05227524466125
10  55  220.26938245523823
11  77  126.36828339965649
12  77  161.91130573396504
13  63  302.43729821994822
14  37  547.87093611259445
15  78  171.012449282006
6  4  161.43433018838761
7  40  130.50640095463896
8  64  133.25434298252665
9  44  255.14546939518667
10  61  268.56348439440393
11  44  241.13549078296518
12  41  355.04579590217281
13  76  147.74295461133929
14  52  429.43836627370877
15  91  73.65352966161818
6  27  306.18415523394714
7  33  319.26091954001714
8  41  174.57291292581627
9  47  225.97903301623825
10  69  274.15424600205426
11  55  256.68676962363668
12  78  158.35310041377576
13  72  264.35308871650051
14  72  223.71954347385031
15  83  114.47549916528332
6  23  185.97158608760392
7  63  115.80376232480701
8  27  275.0183393684535
9  55  208.57818256647298
10  73  189.33958352559426
11  41  494.59863161661389
12  57  301.45089238199398
13  79  117.7397056798503
14  86  97.375843804244454
15  79  167.35638793084587
6  36  258.63736168316132
7  48  334.02665530079986
8  37  193.5268878879784
9  28  321.96965386812002
10  55  224.98509759762214
11  61  220.92665750979313
12  79  151.53817328943214
13  84  125.85365918224552
14  76  198.03504188853645
15  79  124.95485352118402
6  51  83.446216423471085
7  28  403.79668112964737
8  51  308.14142056288824
9  58  242.20677311657607
10  77  228.00604807667253
11  50  276.79777330319405
12  75  217.68006125201345
13  52  287.42338752116638
14  86  101.22983398995164
15  63  350.60026009092797
6  68  126.43006237225848
7  24  234.3422541944949
8  63  209.91571268988611
9  53  228.54366262448409
10  50  248.65166971825784
11  60  274.1703540733576
12  85  99.226256812093737
13  83  71.673552293206384
14  88  93.412505964360321
15  82  159.74656225500283
6  50  134.39377474085202
7  52  176.5416443601043
8  60  188.61196165034031
9  26  171.8761902580396
10  58  202.02735207226686
11  65  146.32280377133949
12  69  221.62183636394172
13  68  197.76901237588623
14  87  112.65377748910414
15  88  102.49322974561515
6  43  166.37681942238979
7  46  110.11814139365744
8  46  345.37216611398298
9  38  369.43551751112295
10  33  261.31620565924953
11  27  581.84510660436808
12  71  195.90489780672459
13  78  180.0842473666867
14  69  224.98377117360297
15  65  253.88829694066195
6  35  159.15660891763926
7  57  147.06017581942427
8  52  242.74487632045344
9  49  216.80762969468626
10  39  454.45664455942631
11  75  139.00188800338219
12  76  118.54938487752953
13  85  105.14202050899658
14  67  221.46612669412278
15  63  283.70872595488942
6  12  95.36746300851739
7  31  313.66969617599108
8  48  241.68599350401942
9  47  301.5422339787176
10  40  341.8386348789636
11  62  292.45468797173214
12  55  396.94588047801682
13  86  110.56359491975424
14  82  132.19271942775922
15  93  69.231987942662499
6  51  147.82726897037762
7  53  261.14766571990987
8  79  70.391553713824521
9  51  212.47888680569878
10  70  162.55657587943321
11  44  322.71753010237813
12  71  137.26966983454753
13  78  144.49592901310393
14  83  154.0424917994209
15  81  207.13172430862556
6  23  259.81983043019983
7  50  141.72601381705707
8  47  101.5985990842977
9  60  240.20842636547943
10  55  306.37436599581656
11  80  147.79739931296714
12  53  289.18248449209904
13  52  188.90885836803534
14  79  234.44729006625829
15  64  200.52316957179281
6  25  253.45281133433187
7  56  143.75467646611943
8  44  186.48924166937346
9  48  290.24207487393932
10  52  335.63288667256404
11  28  220.41099984775727
12  65  322.98745871388138
13  79  224.46875223977349
14  86  103.67455446779961
15  61  305.22760606841672
6  23  296.92947110851577
7  25  354.32494353694176
8  15  423.99568479494832
9  48  358.69663189299922
10  42  384.70471378895411
11  68  236.20083053935741
12  64  250.8303457013298
13  67  298.24100605712147
14  82  184.12771271196931
15  68  278.40552612638839
6  26  251.49578705165743
7  24  339.5113522482107
8  54  175.94822276855629
9  76  112.20326282807366
10  55  134.23994875502763
11  60  179.33630597903206
12  69  281.88386163834627
13  82  118.37802781634879
14  83  116.00370056468381
15  71  213.35714146658532
6  63  142.81244421089312
7  37  321.86993337469477
8  52  276.42571336821231
9  72  120.95553334989005
10  62  274.05302178032497
11  59  295.316704907717
12  82  123.93768763998183
13  66  262.96220196536387
14  85  104.66735767441043
15  56  371.97727151883805
6  45  102.18655745474517
7  30  205.34628485094814
8  56  294.20212607607954
9  86  83.09994325191694
10  34  219.88840943251591
11  71  185.86988112533967
12  69  221.27657555814488
13  62  217.88121466070655
14  93  54.822555603709283
15  83  191.34241633402053
6  38  238.90136378762278
7  46  345.40647799063305
8  28  197.73361668268493
9  57  201.56257535293577
10  33  405.12713690952376
11  72  252.58899239180801
12  74  212.37545677172591
13  75  147.70720669511496
14  60  293.27248377044867
15  84  146.52462366097845
6  10  160.0092985818132
7  28  207.97932934870934
8  45  209.82474917980366
9  66  169.21459199737291
10  84  84.45918877283475
11  61  302.11136419699284
12  79  220.94321760503959
13  77  215.66076835845018
14  60  351.76916735745425
15  72  249.9065230259209
6  24  143.75332019449735
7  46  265.25397520434529
8  60  122.1156809584694
9  38  303.71630155927829
10  37  143.59522555462664
11  88  93.089874955340335
12  57  288.78846544534622
13  59  314.40826386687223
14  94  32.69652027889736
15  77  180.73137325795486
6  22  436.2800882979347
7  28  175.97553946418273
8  58  207.45025019422837
9  41  335.10586003479017
10  74  163.77744477394452
11  71  176.75863662133779
12  52  378.18841364072563
13  28  574.66680850232115
14  81  166.9390160093445
15  97  19.593348571167127
6  36  87.960735274371345
7  39  143.88214373019093
8  54  245.35778234786903
9  52  186.6662316368882
10  32  433.96062062486465
11  69  171.8543835901678
12  79  141.00501284222761
13  85  105.42715387168769
14  74  199.58062611159517
15  84  155.1843587799242
6  25  209.89751474639689
7  36  188.60359687003182
8  53  183.77638527305555
9  38  514.20181467292912
10  62  229.95175386945601
11  20  570.70431583833215
12  77  296.38521233071026
13  77  166.48525866877441
14  89  80.416918815460349
15  58  282.63596110335527
6  46  212.01619039299896
7  49  262.56403423110021
8  41  154.21427560863967
9  69  141.62309457378967
10  63  285.44451760886449
11  52  347.99967099559251
12  69  171.27284977633698
13  47  530.6816658072803
14  59  349.16248940677912
15  86  134.41075848904245
6  50  152.11510612636698
7  42  198.31476906379407
8  25  250.00859020981679
9  61  222.19574947227147
10  68  302.79434390906675
11  80  163.05004846970201
12  69  181.66083050183812
13  53  402.48875813822815
14  87  97.430360969524415
15  80  139.80633417977495
6  24  211.60475128202521
7  34  203.18258336213435
8  66  208.5215570179609
9  66  194.8654103549635
10  49  235.56222503226405
11  45  201.65891289389631
12  55  364.61907906614027
13  71  183.47378225284186
14  75  166.32371029547124
15  75  200.47818257195379
6  56  56.100071569115997
7  27  403.89357856834539
8  38  255.58510393946437
9  33  365.38343970959806
10  61  210.65564446662836
11  73  124.3422207061371
12  55  401.98099496286193
13  45  443.58434235296255
14  68  266.64962062574426
15  73  121.31773927861528
6  49  311.79366163875846
7  47  260.27404366683351
8  44  278.02683170964445
9  62  314.15847309295594
10  63  187.95147733674327
11  63  137.69598254447857
12  68  175.81723474995459
13  76  162.9687742132617
14  97  19.182224774281536
15  71  283.04898518481957
6  8  135.04054694877982
7  29  341.22908504651878
8  40  227.80683932254254
9  16  461.4282170230544
10  59  308.98561225417996
11  53  275.49293199235865
12  85  108.28501290169444
13  78  120.97549754609716
14  82  163.7496429918167
15  75  165.78210192192904
6  48  205.78080353012351
7  44  200.81101562590953
8  42  226.97213353986805
9  46  314.23461540776032
10  71  137.21951909095159
11  51  265.61945260238434
12  59  344.5316075513781
13  75  210.56546348986933
14  55  382.09525849495122
15  59  332.16328357001743
6  23  259.09009889021559
7  23  199.46518844313309
8  60  149.85761037080567
9  65  229.68545018855676
10  43  356.69143712082735
11  32  319.99430180448434
12  50  264.71722275888612
13  55  298.54034197839786
14  86  68.261052230304955
15  78  199.94439797328047
6  43  304.91821898883165
7  51  197.35791691828339
8  42  423.31245363933363
9  52  210.92902576902296
10  57  190.31841304742855
11  76  139.53858164617097
12  54  279.38562214519817
13  62  274.13464306904376
14  78  175.32334554203322
15  61  321.12987878081174
6  34  216.20537063160495
7  59  110.26623571649026
8  53  308.11222663362884
9  55  349.75209725818695
10  77  135.37983990351145
11  55  302.30793401701726
12  72  241.46537275214899
13  82  133.32847520696805
14  90  55.333199946310984
15  76  194.00548225239496
6  18  300.9039579949166
7  36  239.56666236597775
8  59  173.45375246649567
9  62  143.41762902336146
10  45  293.31767479085585
11  77  181.76779735846961
12  67  231.71710466388092
13  71  235.52985468080774
14  71  271.99021337730477
15  63  312.49303495379081
6  24  143.41101282611592
7  55  171.46926658537822
8  34  236.40329881026832
9  68  250.8066272550401
10  63  102.15511460309833
11  78  130.70080406875601
12  18  135.18900377953679
13  82  126.83905828000394
14  56  361.16317717783932
15  84  140.4317280228849
6  18  397.64700466235325
7  44  125.70555209989898
8  58  258.02433627553609
9  48  240.83411189264234
10  51  219.3646929900965
11  57  206.04012788731694
12  74  270.20545367273502
13  63  265.30820969297855
14  69  146.46907395336254
15  56  388.2701357121295
6  51  196.1885829683396
7  41  200.04088061415584
8  51  248.78031707901823
9  74  90.010642765363912
10  50  283.80679647065864
11  85  93.689419348611878
12  68  223.370476873879
13  54  292.86009317864773
14  48  433.99668511753276
15  76  199.60951183739428
6  62  224.03894755983168
7  35  223.15277335974992
8  48  217.45141439631331
9  65  251.42699625325514
10  57  331.7055759804951
11  71  241.20478451508484
12  83  92.665302082290879
13  47  404.36640654915686
14  93  51.882639324760341
15  77  179.67424613958656
6  3  18.51062814449012
7  39  124.45241113220352
8  41  256.92210265268835
9  45  117.66385865636603
10  60  242.03382801109439
11  56  340.20746982902091
12  72  248.87670359304443
13  65  340.33868457069781
14  76  149.24875750610528
15  75  226.27616823354919
6  45  204.65501956092299
7  51  297.77848878312551
8  40  262.95201605118609
9  60  171.92516127770452
10  47  187.53789463376538
11  81  105.45872311329673
12  72  122.6080228825699
13  75  195.28378618300576
14  79  187.63209621415123
15  60  372.61787980747357
6  25  291.83104828069094
7  21  256.62382055354061
8  50  227.58091280526682
9  46  357.6219242939826
10  56  250.56144108219036
11  44  364.65430388285296
12  81  165.17733109796328
13  65  209.35953787015748
14  60  255.31488274022092
15  82  141.4908088391752
6  42  101.06358044585723
7  55  143.11596156146402
8  48  320.94319415524672
9  54  311.15158337017334
10  72  189.10006132377293
11  77  143.09087550606961
12  65  173.69324571616531
13  69  199.52629566857388
14  68  268.63992496072575
15  84  135.96298777372618
6  40  347.29469251587761
7  28  293.51399372639463
8  72  142.08246269060328
9  47  360.39708387544431
10  44  545.79776994249914
11  77  143.28481826813731
12  61  307.24786733771896
13  71  161.16086488268013
14  76  166.58607876128477
15  96  30.368601496569507
6  33  187.93739311298481
7  27  254.51617380465495
8  65  226.43547578537485
9  57  275.12389721329981
10  61  193.90736334606669
11  64  177.06939964199762
12  64  271.83532514113267
13  72  217.27110305303714
14  87  104.33798340002353
15  58  317.59021605477909
6  35  177.62096765096624
7  43  242.69323099773339
8  45  237.31852955175745
9  57  235.60990848730083
10  57  281.69643679852936
11  79  147.51029145650242
12  34  517.34082718564707
13  88  73.450541649255413
14  84  158.41786056257385
15  72  245.2817845430111
6  12  139.69649045177886
7  5  47.779878002522111
8  73  124.63196325945714
9  57  315.04756619120241
10  50  232.96685431965267
11  80  140.5543369454893
12  40  394.07556660100539
13  35  531.4791095368339
14  55  400.1324906999676
15  81  150.67190417468314
6  30  217.41322621440037
7  20  127.42678453825698
8  40  298.30912316229791
9  25  483.70587861044601
10  79  174.62048112851315
11  81  132.44652108382357
12  73  204.55294156436807
13  69  218.50140553076713
14  72  145.97163983123471
15  86  137.09285889761122
6  47  202.60034397922661
7  63  104.52094821857136
8  18  500.61920563833917
9  38  344.6565709124535
10  55  197.07715987191892
11  84  69.846067898234551
12  60  237.22861878284525
13  78  120.48650277885332
14  60  380.82690433756522
15  91  54.354514986220074
6  16  197.19410815257788
7  32  249.13167738231039
8  43  264.60652699212324
9  39  350.84684568690818
10  66  151.32765210339298
11  45  323.72030933762613
12  57  301.67443651613434
13  74  150.99249897066278
14  68  292.8188082655501
15  76  197.54549479973679
6  29  226.30244639720397
7  69  263.30822023826676
8  38  188.52374662163939
9  63  223.48017382610516
10  51  203.55618744163093
11  62  235.79427831859473
12  52  333.12747791553051
13  66  99.774626454561201
14  58  240.53934945780955
15  82  167.76202670228824
6  55  142.73896633489846
7  23  383.56933043730004
8  55  161.46754582103023
9  48  358.1697272777871
10  46  206.61307363644775
11  64  291.65925474161418
12  79  126.83431901972735
13  73  137.86962628284255
14  80  177.70487269239186
15  66  282.25652953331729
6  46  205.91468458171275
7  31  299.32754158410842
8  56  183.48434362401755
9  33  318.37627436637132
10  32  392.23187655420031
11  77  124.54045978023719
12  87  115.90214753593661
13  71  131.01549671134097
14  82  186.54249994646204
15  73  196.39110341354885
6  31  100.28808360376568
7  43  282.61707812148632
8  27  470.80079419664395
9  25  314.94338946255874
10  56  278.14939289116944
11  61  199.71500929498029
12  70  259.18461655639385
13  87  85.617145899860589
14  63  317.44568162342421
15  68  267.28199975000808
6  45  159.92071761348052
7  22  232.9531281805927
8  19  250.68444687173104
9  50  196.23030520148868
10  80  98.295847524569339
11  37  349.97437735292596
12  47  360.27099975252685
13  78  184.58668963404563
14  59  370.4365348131326
15  87  207.81040269288172
6  51  198.71761322381752
7  51  219.97825374008639
8  83  79.772994183943709
9  65  255.07289456182963
10  74  158.77432667138038
11  77  213.04262818527613
12  27  527.48225553534496
13  71  172.73309656751715
14  70  194.39489093588094
15  64  292.90409103432637
6  34  315.04986627760661
7  55  125.93167727880521
8  61  81.720066595636226
9  49  288.01168400489587
10  50  341.10729490377707
11  58  228.43912032393709
12  60  224.73942594530899
13  71  203.87652585044009
14  68  245.28773695978339
15  69  218.25985900497804
6  45  142.33570606631
7  56  170.67211236272578
8  57  173.46546842985876
9  50  210.44481581177862
10  81  85.809935962093959
11  59  231.80446651915099
12  75  210.30502783534465
13  59  323.64824240472245
14  89  88.258922914244494
15  86  106.23210436050904
6  24  312.02534119534658
7  68  140.15875970335867
8  54  179.10502776033414
9  36  343.14935831344116
10  65  141.38810390695659
11  80  113.6657392039872
12  68  244.17005389292183
13  75  214.21657943217841
14  82  101.69763248581943
15  85  109.36259906961033
6  41  129.11215604426866
7  52  268.15075711087945
8  43  321.75947917496541
9  68  199.28205723912887
10  74  118.13743654331363
11  38  394.02237093248868
12  70  184.55525138681622
13  80  192.50330838412432
14  86  132.68553238536848
15  79  181.57619888063087
6  24  307.98190592866575
7  35  154.94222232937935
8  42  362.92315542550881
9  49  317.51990091592256
10  36  341.1124849951417
11  54  260.89708569869134
12  93  34.269569506065302
13  78  132.14571924959563
14  86  116.11131428784863
15  74  194.06436452133062
6  17  227.6311135995762
7  47  262.23028197113024
8  68  175.89944134730132
9  34  437.00000000000006
10  50  190.26686956597456
11  54  299.96505914023845
12  49  393.45503930025473
13  74  182.1337986355318
14  68  255.29555233462634
15  81  162.9194552042521
6  28  174.42380971428662
7  38  253.15581227327397
8  62  157.87297881776513
9  11  409.35299424811546
10  64  197.98321450517417
11  61  167.30567852363646
12  68  228.19530176956258
13  57  334.05969902610411
14  77  139.17535567226804
15  81  151.84326970769391
6  9  67.354610363862392
7  49  157.28873399180742
8  44  286.10832064622269
9  39  310.36482666748071
10  54  178.26166473701426
11  79  139.61320208102981
12  58  267.904154903912
13  75  226.68401086088909
14  75  206.27544682071766
15  70  226.37546737399251
6  51  141.9976741930474
7  55  155.00308294778705
8  23  591.41354349994572
9  29  250.73323997463518
10  61  131.9416180224151
11  75  137.65553417792646
12  71  134.99559747837293
13  85  147.69769355879916
14  78  212.64539504055909
15  91  89.992345671445378
6  47  189.24871422262666
7  51  180.12390665972032
8  50  287.40335084246215
9  63  220.27705169818881
10  44  279.31070839374786
11  64  249.35689061986807
12  66  226.12480496683446
13  49  447.57949578133315
14  93  63.268031882362472
15  81  160.8093878216076
6  16  389.65755150112943
7  27  179.34363008178656
8  65  141.17495883570018
9  39  172.33769833383695
10  41  443.25435525004309
11  53  286.83874316802098
12  77  170.98660244285259
13  89  74.946577832690352
14  53  477.70636050892381
15  88  78.110934849938417
6  28  191.88477917215869
7  19  281.65533761315754
8  49  264.3774300425701
9  60  181.73985446462942
10  59  195.09207277732713
11  71  174.02225354604667
12  78  161.96144659193826
13  67  264.87001262243257
14  43  351.95095078778002
15  92  70.618308888628064
6  37  112.71073714793914
7  75  88.814984051148457
8  46  179.09335872287656
9  39  414.06534335841854
10  56  227.72784127884103
11  76  143.80824067478812
12  56  274.63648489556329
13  65  266.63094872362825
14  87  83.231016129343246
15  72  159.52100889709939
6  14  288.09292353424769
7  48  205.32058039191588
8  31  359.6704354785561
9  43  302.2246085227107
10  23  506.44732868518531
11  81  90.795598130006141
12  52  239.56718676549286
13  68  266.20171872913829
14  91  67.597888982208673
15  66  314.02571743158387
6  31  298.8590379011697
7  34  309.2823044944044
8  73  108.86208368006339
9  54  219.87179279208979
10  64  158.46058785425572
11  69  210.78903893874198
12  69  175.82713114910752
13  63  253.82023956416637
14  69  224.04316606711296
15  80  164.35414803245624
6  30  216.79122530042031
7  34  395.55534517599239
8  41  350.88858603242852
9  47  241.43404409314797
10  58  200.73475951963638
11  48  337.00182990548649
12  57  358.55928361037633
13  72  214.4275206037259
14  66  249.02372584158496
15  86  120.67253563912655
6  26  340.15682017168979
7  14  269.41186855735282
8  42  195.16348953001662
9  47  190.27617111462575
10  74  156.08491113391821
11  46  267.55860665414474
12  59  290.04148052128528
13  74  176.38439202835741
14  90  90.360889762266339
15  78  157.67810954945566
6  27  369.64453233132406
7  62  196.64001487993764
8  60  217.99767689050424
9  63  183.9205647274853
10  77  147.62086792861805
11  80  90.312300846949583
12  68  202.74208774527648
13  83  128.17196884215969
14  84  103.49576955421085
15  93  50.859697771538379
6  26  296.28014383251855
7  32  321.38169177897612
8  51  137.7320031150621
9  67  160.56856814988387
10  48  158.01449455938337
11  66  208.65230655706054
12  69  237.49205218160654
13  54  377.78298433928961
14  76  181.57257851891822
15  74  187.0999530579511
6  18  371.60161793864427
7  42  196.59848870812476
8  35  358.9618881929365
9  47  278.40206686118597
10  59  185.02177363713224
11  74  188.20073366829027
12  70  284.71990843807248
13  37  572.61673930074744
14  82  135.06690740367435
15  89  80.595987583619291
6  33  151.57783425959371
7  45  167.15588773655944
8  47  331.54169036090241
9  69  108.07690104699842
10  45  388.54072180323357
11  50  296.08381967695618
12  58  242.82468376953773
13  67  234.64666773223473
14  79  118.28741310947672
15  60  349.89104699699243
6  50  206.73909862763082
7  51  152.28005608038566
8  35  280.21421143315632
9  24  349.6603873438126
10  60  229.89708896038857
11  75  102.71768569214584
12  69  162.64420721683317
13  79  161.37504938733215
14  64  302.28225716862886
15  84  135.65067283610935
6  25  208.51472441468698
7  56  204.57064258285041
8  59  148.21258095204618
9  25  372.1104942996925
10  40  348.57889170564522
11  61  256.76990564498726
12  81  98.587210284159298
13  63  288.8024791036587
14  69  232.96106588442115
15  69  277.49270158871292
6  44  205.92520485200052
7  38  302.96535547909633
8  40  195.61477778136668
9  29  397.66106894454509
10  50  391.27672559770184
11  52  209.02613993194751
12  72  221.51552690541499
13  70  204.30637136733793
14  69  244.58413732960508
15  74  187.96415005298186
6  38  233.84354983520868
7  45  229.71402194508437
8  56  214.1615170240552
9  49  218.07137114135327
10  60  117.14953984592672
11  73  255.25096131200462
12  58  192.57169405680182
13  55  214.98918324495341
14  50  318.99921018337244
15  84  102.66727025954185
6  11  290.97122808943118
7  55  162.34913577425655
8  58  201.69147894946448
9  54  287.03553740222867
10  79  147.33337750873693
11  80  107.23014668216572
12  84  203.00531644798079
13  72  175.79592959431807
14  67  278.89964418150385
15  88  165.28623094771683
6  38  100.75677262736068
7  48  274.22396624445952
8  59  124.93056173804263
9  37  384.09894925660319
10  46  315.62441675582875
11  78  135.20538144477175
12  54  330.74999477051631
13  77  176.9876809595215
14  81  157.20112155334726
15  72  224.20769467844073
6  48  209.53115876861625
7  17  378.93287736719486
8  70  187.1083216711182
9  33  297.40512341339752
10  69  147.48993288907832
11  74  154.80433957248204
12  80  157.53457193752314
13  79  147.12537103986884
14  85  118.11861326736864
15  71  203.51996721458792
6  43  222.72575509902671
7  47  129.67176022084888
8  67  119.53300222349684
9  70  175.2046665960188
10  24  522.78369795501681
11  65  224.74439026819945
12  69  213.52718137533989
13  80  111.69254632611161
14  85  104.0
15  93  61.000000000000028
6  50  160.5564745435361
7  43  206.43177350380452
8  52  217.68097761909394
9  72  146.52142559916285
10  36  380.71053781514564
11  68  147.34361361587423
12  92  58.777021946545837
13  79  116.68481449313964
14  80  165.57672575792731
15  98  20.368355727100628
6  17  281.33777939138906
7  32  237.79547226086788
8  59  196.28550633707394
9  45  292.73963675949568
10  48  337.32032135951323
11  47  351.98517212840147
12  74  190.08950397828929
13  67  260.66319937647586
14  79  156.92062490843222
15  56  436.32611055338731
6  36  184.00993741412003
7  38  336.36492970393522
8  48  249.60078214196298
9  29  227.19528403624435
10  68  119.80819774727567
11  64  222.87933041438018
12  43  626.29203559272958
13  62  224.95941019285311
14  72  252.22204750784127
15  82  159.47364015619604
6  33  319.56417831690374
7  69  107.96322222293018
8  44  339.6532832257177
9  73  191.7409731143554
10  60  260.84179001256564
11  51  307.55427508168088
12  37  268.87349734124257
13  62  266.14840489829862
14  54  245.25899038926801
15  72  230.63127155025538
6  28  243.94019898298853
7  32  200.484660947186
8  50  219.71371760303842
9  63  128.76110491200083
10  72  136.37120177089378
11  55  297.78712462313734
12  69  185.27190698427623
13  56  271.94078324450265
14  57  339.22138901423233
15  93  76.679761408618035
6  36  185.69147443151016
7  23  195.80633736065116
8  72  170.11498289942546
9  40  222.1240814238862
10  23  289.46231683144407
11  79  122.39472081173196
12  50  302.92777200243262
13  80  149.6327701311728
14  98  18.356713485758121
15  81  149.6464772998072
6  17  295.03925372687615
7  53  141.05734354513004
8  61  171.87106678785239
9  64  252.89493985680969
10  80  109.00705832637344
11  78  127.77724242665353
12  39  219.46783171318896
13  55  362.4756533048224
14  86  110.23749022968856
15  81  245.74287095255403
6  53  124.3731693377056
7  18  387.61938105662233
8  45  199.57803257624849
9  51  165.81703628743341
10  59  221.45043397232763
11  46  310.50508945263425
12  69  202.71484999246655
13  78  131.790437855471
14  64  192.53793394057624
15  39  478.07858975187332
6  40  193.16944905102216
7  41  236.03111536185244
8  34  376.99561842256452
9  68  194.60096564794489
10  50  355.39464625454332
11  81  169.52351554438846
12  51  371.15144905738174
13  79  118.43146513945028
14  75  176.22352912619681
15  64  243.02268244273998
6  21  244.06406924326035
7  43  217.24018265901844
8  29  351.47808210074595
9  46  203.32856280685536
10  36  517.60212467049132
11  69  125.48205517902507
12  71  163.76499779235559
13  65  260.21262569363194
14  88  100.22371249045942
15  93  55.911907743382493
