2  26  150.71477345606979
4  30  134.30587020336921
6  38  200.06745004432281
8  41  358.7502613334762
10  88  466.43331461153036
12  69  493.80701755387713
14  56  709.0779646435625
16  97  305.96418416707053
18  88  859.32456208114627
20  98  648.51203528378983
2  11  99.999999999999986
4  83  249.73541493429548
6  77  431.10908760173675
8  44  387.76925980651254
10  93  545.87779142194586
12  72  758.78524398407751
14  88  680.18980622561673
16  80  750.45992201376816
18  88  718.51281188975281
20  91  723.63714481661498
