6  24  198.00208493420371
7  57  130.44939431979714
8  73  97.50716138041625
9  92  91.119315164444032
10  62  152.98347562525271
11  76  116.03620634856267
12  100  35.146524421140384
13  68  205.22730440510799
14  100  66.133422974353024
15  79  204.30092621350201
6  63  83.947501388078194
7  60  207.89636516033073
8  61  161.74383324348372
9  55  196.10632536394908
10  74  164.70968426554259
11  78  138.02859053956968
12  100  67.963200061844873
13  86  143.82710045722948
14  73  234.32361237485804
15  100  79.768760424882245
6  57  133.82111912451688
7  50  185.47089503573417
8  81  109.81344061945566
9  59  252.02964862901197
10  75  142.41316145133104
11  99  66.887627852797138
12  83  132.24378445777253
13  78  155.95838562965338
14  95  83.281624366976345
15  80  165.79128863341197
6  52  151.03908802380943
7  64  173.98761979587979
8  83  125.29803077230737
9  47  244.39805238645027
10  65  157.33521492857415
11  68  243.70613348420392
12  78  128.63476715294058
13  93  93.796473191592156
14  93  97.584356234764655
15  96  67.410796267646006
6  68  154.98346612252527
7  85  86.734633310472233
8  89  106.17664954379865
9  87  91.433959267813037
10  41  363.74944105220709
11  67  242.44382267819259
12  81  179.56913319178946
13  80  167.52697206777131
14  78  207.82139998084119
15  87  146.53723368877579
6  90  100.01424822895189
7  40  189.75900197556555
8  40  140.37560353981073
9  88  82.773816198757544
10  100  62.549354644527497
11  100  76.282073461020502
12  74  195.16573562531107
13  88  136.67326183574141
14  59  269.23331441118074
15  84  148.41737464808347
6  78  113.4316169710211
7  63  123.28139509228373
8  55  159.31490336693355
9  78  131.53430200510104
10  64  154.77294349756897
11  76  185.23247570029571
12  87  84.231508319410736
13  83  159.84173030899754
14  88  137.8095457766523
15  87  136.87875227036423
6  17  156.51234568724064
7  42  252.58705626800318
8  53  111.558246628123
9  89  89.443878380270831
10  81  157.48078615573075
11  84  118.8557528967775
12  75  179.35414027932001
13  96  83.635912429025637
14  75  240.35043297930824
15  93  102.72841028539209
6  68  88.715189656087873
7  100  73.46598343346227
8  88  113.0917064983492
9  75  112.47022437174434
10  59  182.80195934627309
11  71  191.80449995522176
12  81  184.97067667899901
13  85  123.90657889144811
14  84  183.49165936022814
15  85  138.00557170280635
6  43  146.77959604519543
7  55  93.799881989283605
8  87  54.195041883218913
9  59  142.62819555237462
10  92  102.95758066886422
11  92  77.979266526976716
12  49  234.34673141883189
13  71  243.67416312663599
14  86  172.66322513064225
15  70  272.40600307209593
6  32  197.40000161047973
7  32  171.04802989616678
8  49  233.61415479985141
9  32  311.78784488150535
10  66  221.87996587712658
11  96  69.85012608518214
12  71  229.08879393247992
13  76  180.55817864376701
14  90  126.49208373653492
15  89  137.63613808347461
6  42  98.776199735699706
7  30  167.01254625198385
8  52  214.46367599589971
9  69  94.626323600332881
10  93  82.627792209886195
11  91  78.435936907467735
12  75  225.54122294123155
13  95  93.492840835827948
14  82  184.96869794980702
15  78  201.58606389155011
6  41  185.36685972042076
7  72  112.53974290785273
8  67  202.84625570633327
9  66  220.31169090199606
10  58  214.05387883058981
11  100  65.924282262077426
12  82  152.70324274110749
13  78  161.90936226407871
14  82  188.50286110770148
15  87  154.70384858854175
6  63  150.57286162110714
7  3  83.999999999999986
8  71  168.47153982856702
9  55  188.62282242900847
10  92  87.814730398454685
11  82  107.73527630073882
12  97  78.568599241707091
13  100  27.084645992726266
14  100  63.651971302853774
15  81  193.87085566596008
6  61  135.74337292543015
7  58  124.32226013822203
8  51  53.57096734112443
9  66  191.6965871576563
10  92  75.295126753311621
11  64  194.21604191789217
12  84  126.2532134559596
13  55  298.00111291362361
14  86  148.77817183500289
15  95  88.378439747311575
6  87  69.105047380140817
7  73  143.90263346588645
8  96  66.467287980086539
9  70  151.81418805392482
10  68  225.41059797797297
11  67  291.13794675252251
12  95  71.488510776839959
13  90  95.485382984248687
14  81  168.49318297383385
15  88  136.36587715114834
6  100  56.898094525043454
7  39  183.762800094049
8  43  235.85447604844907
9  36  254.40870285849334
10  50  200.74915623090769
11  68  198.49916232907145
12  95  79.9893373435835
13  67  257.81495778602101
14  90  100.57872490458924
15  93  107.97627816508508
6  43  149.52545141780175
7  45  146.45079945166972
8  73  118.9632968337074
9  45  306.60687867648659
10  63  183.37566412799586
11  95  78.796984608327435
12  85  116.66424014485226
13  81  167.28337769654047
14  90  132.17581494366988
15  96  96.921176292305077
6  30  143.69500008181899
7  79  112.16798912915392
8  64  129.23822824922757
9  92  88.260043772629629
10  77  156.08018316498502
11  82  144.33348569513356
12  70  223.87937184331179
13  87  106.74782510358106
14  82  95.709689335763471
15  83  192.29729234661303
6  57  152.42714739542137
7  53  50.983226328076853
8  48  261.8749395258846
9  73  198.35747943965549
10  82  117.99564204662563
11  72  199.23818375446564
12  85  143.32741313362743
13  85  149.92396508521074
14  98  84.123793700685752
15  79  151.49609048824615
6  93  69.145457714989206
7  35  203.76774240735168
8  64  167.55451212536747
9  35  223.71512830145721
10  72  153.89285313805163
11  75  183.36197117211623
12  70  185.91145830882263
13  84  153.71240640218548
14  87  119.83612483781789
15  83  184.49041799147818
6  56  132.19142386866406
7  65  144.70624728507443
8  69  171.097996219225
9  80  157.35978319811923
10  55  204.08884513244797
11  67  224.85850824479505
12  85  155.14665482173186
13  57  319.52981486879349
14  81  171.13811203009959
15  87  157.69797021947608
6  53  187.11388906631868
7  59  188.76722540604629
8  75  192.03017999133712
9  76  124.35701549664091
10  95  69.395839020458567
11  84  98.209891385078819
12  72  194.26776328676107
13  84  137.11698162560967
14  76  192.29356048409252
15  94  105.35289093015054
6  12  132.4033693304925
7  48  183.65681694354552
8  76  136.3965539281688
9  73  148.24183412637302
10  54  206.98683968666884
11  47  385.63343268073095
12  83  94.110232096142624
13  86  138.91690478264204
14  81  152.82647388557459
15  75  210.13275186545599
6  61  158.57700902907521
7  41  167.5789223515643
8  34  265.07762534085714
9  78  176.03644891272478
10  79  171.09822993924803
11  76  170.22261919516242
12  84  144.52588769187932
13  79  208.85840932187526
14  79  172.7763873928769
15  72  276.35131066451544
6  74  108.07485465789738
7  93  94.64532494015981
8  61  202.64828071969933
9  92  83.413517530023015
10  42  171.6661096585417
11  91  112.35077033138533
12  100  53.46110858296062
13  91  106.61350590779881
14  99  67.937231530123299
15  100  55.801765612864941
6  70  113.12041000267807
7  30  285.97102125156738
8  79  136.52445786598904
9  53  198.12467087961517
10  76  157.90951371381252
11  77  204.01893429616371
12  83  96.954036224991029
13  65  304.57696064609314
14  91  119.16056544641825
15  91  128.74141924868192
6  69  43.961015529343918
7  64  137.46991688260442
8  64  149.09715664310067
9  59  168.47859046620607
10  73  160.2682094649231
11  89  120.94052271089596
12  87  105.98667416705831
13  98  63.398577704504397
14  73  237.3838917784195
15  95  94.639097028644997
6  0  61.000000000000107
7  54  135.6197368200028
8  75  169.64582772744302
9  79  111.75932088717556
10  61  205.07750101917986
11  76  259.8608396826009
12  58  279.68051765737863
13  44  170.97579558606
14  86  144.41307676958226
15  92  105.55153091141865
6  87  83.532324135998962
7  63  151.27581291697422
8  86  103.99411395208665
9  47  218.54590515836787
10  63  136.4424429998885
11  63  180.42373242949537
12  62  293.39548139856777
13  95  92.701834343337509
14  71  199.29098509864454
15  97  97.783639457166871
6  44  133.36997471081386
7  47  225.77939029997924
8  68  138.43267203253367
9  72  83.649331139490769
10  100  59.983019267647556
11  81  110.16539321464631
12  49  355.84717615636868
13  58  266.36591608444041
14  73  208.44427761953247
15  100  59.008320836728927
6  4  318.09915821051561
7  95  91.017287101367842
8  81  106.77048157079504
9  44  195.61815015912302
10  68  199.33468301757605
11  80  132.98681310903496
12  58  213.53768580741232
13  74  217.23982297893573
14  56  305.02580647909599
15  72  280.06058428480367
6  74  103.43239564194265
7  74  86.345737461322784
8  53  95.866683248860255
9  90  73.26591825777291
10  78  161.48704903781729
11  62  142.79433997179842
12  85  86.603159608565932
13  88  133.8501202830893
14  88  138.51209349420961
15  92  100.08469251789302
6  65  172.58084325004475
7  57  193.08011791342844
8  80  121.44941129359445
9  81  122.07935854089685
10  78  134.51864931264544
11  63  212.08069941757694
12  78  143.72624991562327
13  100  70.839237485818117
14  97  69.414473034171422
15  86  162.36139948562916
6  13  132.48916137433611
7  42  105.98702075484675
8  23  260.03717810556844
9  51  168.93323053141583
10  84  121.38740757855044
11  73  136.54647978702192
12  84  124.77859066285498
13  88  119.70830969637757
14  73  115.62597629126381
15  94  91.41151700239017
6  21  104.9439192452768
7  51  155.21451303745835
8  74  131.92446829649393
9  37  162.9170055752123
10  58  254.14073876758511
11  76  185.34676161249325
12  87  147.24141659399169
13  91  93.174748655248422
14  86  123.75101082294302
15  93  119.6816731190996
6  24  146.63009299010989
7  22  177.38711718822842
8  68  180.41258220737961
9  71  191.713467940839
10  78  129.84295869017808
11  95  83.664922907011686
12  87  110.17428554567022
13  69  239.01002187246706
14  84  145.97825108045012
15  95  73.2170977359619
6  39  137.43676858420241
7  97  95.742130372952957
8  68  81.293401442060457
9  97  72.844199968334038
10  72  124.61528913076123
11  100  76.414155659430406
12  93  106.22309171087751
13  87  139.20937874682679
14  84  175.05947622062072
15  77  194.19246178582526
6  40  195.75901565448808
7  58  137.25032437365431
8  47  183.22841089484956
9  55  268.02797703605546
10  68  228.59253773597004
11  72  155.3794656444891
12  62  256.47765645372209
13  100  47.339542596146892
14  96  52.522622699687233
15  94  99.052099121492645
6  55  148.33444686590883
7  87  78.399990802782327
8  48  181.34294057851466
9  40  160.42922846189879
10  72  165.37167813639635
11  93  100.88365097686371
12  53  172.34944699166536
13  90  115.18243077200979
14  84  132.78847219824419
15  82  151.21614956346397
6  49  146.39868469645475
7  32  218.92347062721765
8  84  100.88381871084837
9  79  146.29459062772125
10  75  144.55474233983841
11  91  112.84792243548181
12  97  70.77153822506807
13  97  84.465852069906788
14  57  316.99042770720041
15  76  250.19580353596703
6  36  143.88560595969855
7  27  176.18484193022195
8  20  208.19013089037054
9  73  165.73327567955315
10  74  171.27667225136315
11  92  99.768639277624274
12  68  191.68862351313493
13  87  100.05249847396449
14  90  107.72842113393371
15  90  121.93860905531791
6  70  152.39308870759385
7  36  253.4942111285807
8  54  239.21631811619008
9  94  73.857111379223227
10  74  162.30030313951977
11  72  145.70715477717837
12  80  136.74013646466511
13  89  133.17393267286451
14  93  130.13288822908041
15  91  106.70875661544251
6  33  209.60793883448522
7  42  150.53927678400328
8  45  214.41762507303471
9  100  57.129313631631419
10  89  102.53519181592209
11  56  200.39021176593582
12  89  120.98794251076312
13  94  72.649758320092118
14  100  49.074452805180805
15  94  90.766338569124244
6  61  110.9593712157677
7  62  239.1619803102885
8  92  71.102488298698958
9  47  187.06035923275931
10  58  167.31466782025385
11  88  111.3102967316249
12  79  195.61663991457897
13  85  134.65133321951677
14  77  204.47297147263285
15  91  87.027530865937493
6  50  84.3454636568122
7  36  227.60397242036319
8  54  177.46715956436213
9  59  245.37062384541994
10  65  193.80295202463063
11  70  208.62143457544505
12  78  124.17788667177282
13  72  248.67541769865565
14  91  106.01662222863794
15  86  155.67390037832357
6  44  57.962200803198193
7  60  186.08370835185787
8  50  167.11150696529447
9  57  252.84874682100866
10  84  110.17497110256116
11  65  251.90614317993683
12  99  54.150424940639162
13  89  115.72952922368738
14  90  126.68313239659331
15  99  68.714359852848617
6  74  86.958965287925437
7  79  98.433886373525979
8  51  188.60287547752259
9  44  216.43988474198628
10  63  266.10710224464867
11  89  125.46568871142654
12  92  115.90363941150069
13  67  241.89334720153823
14  96  91.894542131093004
15  81  208.36158563906105
6  56  169.54336670284081
7  35  143.92021507304409
8  93  83.6276936335871
9  57  81.786833943180028
10  92  109.46006296541243
11  89  132.22145852175257
12  92  124.12981133004892
13  74  218.45064204744463
14  79  160.86360780321303
15  85  152.16521472500304
6  24  156.27362572246611
7  43  153.73792039165454
8  83  133.33838311139809
9  60  234.96077753164374
10  85  120.78493877973317
11  62  265.25770084702168
12  73  167.0608933773882
13  77  174.07794111947109
14  96  90.743161228372685
15  85  127.54957466797894
6  87  108.69596557168205
7  60  138.06888104573991
8  46  159.78532670666442
9  32  235.31205316165975
10  99  57.819264796828094
11  78  173.43141611504549
12  94  69.554854747690214
13  58  213.08069885171122
14  94  103.42469048912962
15  92  111.03976474817215
6  46  175.63607178137386
7  31  97.007311990027574
8  78  114.46873682109927
9  82  85.545044845693539
10  84  152.10059062575192
11  96  67.641791570848241
12  44  349.93482182220038
13  81  190.66076563425605
14  88  97.797490113801075
15  95  93.175427500211029
6  46  212.458654999533
7  74  168.76542321395593
8  52  175.43055096316598
9  65  221.12690121192313
10  65  228.91356962868167
11  100  71.428815476733988
12  87  138.99772368020575
13  94  106.76323840049905
14  83  182.64291124942591
15  77  202.34059423800358
6  55  171.04361908802855
7  93  69.81926370071362
8  73  137.96580742533959
9  48  212.39660192357329
10  51  250.5546951155153
11  100  44.100360753530246
12  86  141.53188031379247
13  87  118.37821634093545
14  73  208.03206945491866
15  85  154.57176306440763
6  38  124.11609173356636
7  82  141.94029586229712
8  85  138.76237024858031
9  58  218.69925758397443
10  62  197.65127279941527
11  91  99.551398640827585
12  100  64.105688981234223
13  95  82.274625530706302
14  95  89.419816511990092
15  97  74.41858310453479
6  57  112.43374445578118
7  84  98.390210356246826
8  58  180.03085550438823
9  74  174.07667702084274
10  83  148.80161625520435
11  83  171.32636991253483
12  90  119.47846412218753
13  71  207.80180291850684
14  61  353.05274843340561
15  82  186.32064527643638
6  44  169.73498716270689
7  45  245.87712102629729
8  52  166.83591634334368
9  64  52.59536669853042
10  79  96.578087332854025
11  56  272.42850802317025
12  77  145.24366049953863
13  85  129.77895099680364
14  92  113.693574403176
15  83  171.82756222025827
6  52  97.075236410615105
7  61  168.64390350879367
8  58  225.47315781216432
9  69  163.24937548667612
10  79  132.9579774960614
11  84  119.89374010193043
12  68  193.40179117714641
13  93  96.026844427930072
14  96  83.711989240313287
15  87  112.74941575988882
6  62  125.49409054239723
7  90  86.784842422072643
8  73  170.35147053961802
9  80  131.69492433579723
10  79  91.455048460322374
11  62  234.77090437053931
12  95  72.705656026607912
13  80  195.94432484142595
14  83  204.06326047468315
15  93  103.2513239320827
6  39  139.31974074876288
7  82  94.223801558791678
8  21  254.85190029504446
9  100  78.207449093194128
10  71  201.44659673521267
11  62  173.22180077749559
12  56  328.73482073651223
13  84  178.97686968136549
14  85  179.10700354270833
15  89  123.16298615176893
6  59  141.43101818952948
7  87  78.933140282408715
8  82  99.84516332651188
9  87  109.09858042837973
10  89  113.24110168162576
11  84  159.62702033885506
12  86  100.69919047686577
13  89  117.56575742338171
14  100  78.609974311597398
15  77  188.55942019348998
6  79  96.318783037257091
7  26  185.96887767692746
8  50  166.63025315504291
9  92  80.695429339634089
10  96  61.469382188661335
11  97  66.648799931330799
12  87  107.81389719526653
13  73  236.04458845968969
14  72  231.79535884257987
15  92  144.41710411248204
6  51  169.34348567807277
7  28  194.07372908385628
8  100  68.950200651175876
9  62  179.51828538991722
10  87  109.76975400587257
11  82  87.252098499573918
12  100  50.097858320723425
13  65  251.17228352687607
14  87  136.81523288894454
15  85  176.08192213377328
6  40  132.1415372733297
7  63  138.16657472253527
8  48  192.17412045268486
9  53  126.2271769119109
10  46  155.8092855642883
11  58  210.97203314384004
12  64  327.03287551676107
13  83  173.02306321064071
14  94  89.385053592520208
15  80  170.80665803743764
6  27  65.584768653470604
7  67  185.46983406060698
8  53  198.89293194642349
9  63  179.60862761285969
10  54  243.92738891012664
11  83  153.58179926871679
12  63  294.80658765082507
13  79  164.76471376534258
14  91  133.93262051370326
15  86  164.25619956659909
6  27  128.74647759818939
7  77  97.573184003517554
8  88  117.81474525066564
9  65  132.31072652135379
10  100  62.724380034892818
11  84  154.95721820044469
12  59  280.26077899900912
13  85  131.00602274650635
14  58  322.94176072298188
15  74  203.64666946291709
6  20  156.8478557269685
7  53  234.65657730733594
8  81  119.35459711899325
9  33  391.86715345119211
10  68  180.56710718889292
11  92  92.846052157187728
12  51  315.52764748800541
13  73  214.68606085995862
14  82  153.64965001164805
15  83  110.03191878342798
6  55  141.79483811793989
7  73  131.35624110430356
8  93  95.593125841262022
9  77  166.23582241054075
10  92  111.0930767971258
11  71  209.01512734029177
12  88  135.36926523393154
13  92  108.14436739665605
14  91  116.0497430189462
15  87  161.72709686959456
6  33  113.03082273864703
7  34  123.29821294076234
8  46  221.19572738636677
9  79  119.09853511024002
10  63  223.53337270966156
11  94  72.485070056469766
12  100  70.510123815359677
13  94  80.475930298005508
14  88  133.10132118823452
15  78  157.3089546235303
6  67  115.9904162983164
7  63  130.77075753981742
8  68  158.73940851750172
9  50  147.34125097581679
10  61  200.90654175608168
11  68  179.43032354260498
12  97  63.20525115668719
13  64  220.39224395345465
14  90  126.27014675769557
15  91  115.71704507953301
6  59  96.289974000648613
7  7  18.349790802413683
8  75  154.31861476874755
9  89  110.89369972967519
10  87  116.81466832941885
11  71  185.56008811807777
12  73  223.90184442270345
13  87  161.54795316149088
14  73  177.56767696853439
15  87  122.1199049384164
6  38  196.12821383428641
7  42  112.66423545246658
8  45  238.03581818243501
9  87  91.24716867283945
10  27  237.78438794358624
11  56  243.17814096862574
12  69  175.70544561189499
13  88  141.25921149942488
14  86  155.64684604699198
15  98  64.691143995760456
6  28  195.80035681303013
7  71  180.77996287145345
8  75  155.63052572848724
9  68  143.54467690826397
10  65  222.16566608628821
11  74  194.89075701309528
12  86  138.3720375308057
13  100  62.78167474083579
14  85  117.55833058736657
15  91  92.491632908187569
6  83  104.9232959918648
7  58  170.30061518305834
8  58  178.01704870848948
9  76  144.18170983408467
10  73  157.46248566936848
11  66  264.37011360943899
12  81  164.6082404740574
13  100  54.751179217212417
14  85  135.26443048850078
15  62  267.65153856909501
6  78  70.20872604789659
7  77  102.75504751019874
8  79  120.90417284834689
9  66  135.87610565041197
10  49  117.68026851067027
11  78  165.50630425973338
12  72  57.487559906784277
13  73  183.24695001219598
14  88  138.21753437541895
15  78  222.65440440757939
6  32  158.60095060741298
7  84  100.17924684499732
8  80  143.89697671836748
9  91  85.688351919571843
10  84  125.75802416788093
11  88  134.20262064947619
12  95  69.066927083332502
13  78  156.00483424004688
14  78  193.07387306504117
15  82  203.57124044014017
6  26  250.87128749035332
7  52  186.27935019681621
8  67  222.07055962822741
9  91  76.687865551937506
10  64  215.29635845758386
11  59  265.31057730764297
12  60  264.23602386083832
13  98  62.782622794607889
14  62  283.29199737837507
15  88  115.32193746566801
6  82  126.91551248095175
7  54  129.1406642825049
8  55  218.52266378986198
9  77  137.83224787164991
10  41  275.35090937401401
11  81  177.02640217809721
12  80  152.74295728666297
13  75  215.41522498039626
14  71  230.06621280486871
15  84  167.67324368671973
6  22  171.4625363334666
7  75  140.09728413838144
8  88  125.43362734320719
9  70  151.52654294840755
10  100  63.62389747521916
11  92  103.0908564013901
12  91  80.38001353427228
13  100  54.110805627469865
14  100  58.620729017393607
15  85  141.38824518322241
6  41  102.01851729542707
7  40  180.35220134968668
8  62  188.44598671883668
9  95  81.795069458648186
10  96  97.624711243838391
11  74  178.60174144230618
12  98  80.482364870508732
13  89  135.19841991464676
14  64  270.72152766774434
15  100  39.961483289088982
6  55  239.3537007284591
7  31  152.78977273195795
8  100  74.990974237287432
9  75  129.92883427313529
10  59  136.64387274469973
11  78  201.79481884705154
12  50  240.45119552773374
13  91  109.72005812562213
14  73  238.13967650739357
15  93  121.48333904051442
6  22  117.68627616971295
7  42  199.7311528605097
8  71  133.52197526616786
9  94  102.2209916600365
10  74  182.13628340343891
11  73  201.11507555951718
12  93  91.604998158512473
13  77  212.17604405046649
14  84  132.73276742606464
15  93  97.50836701414876
6  38  117.31311372066001
7  43  222.69975060738679
8  47  206.4637270403432
9  79  110.02089134713287
10  77  141.19521857578258
11  83  136.28117284058814
12  97  92.510964638475585
13  80  198.74639177766574
14  92  112.99006128669079
15  87  152.87257592454924
6  71  98.877570153947886
7  91  77.343942308613094
8  84  103.25779858057555
9  34  173.54514191477929
10  87  105.32779946342062
11  76  155.08114803742538
12  73  209.79896043750082
13  84  132.69287110754993
14  79  171.60203832257849
15  100  59.69888968070525
6  51  149.87335538075106
7  14  210.6748306957503
8  56  190.24697147504043
9  79  148.70467347582809
10  70  198.66630154445895
11  66  251.67947386085723
12  95  101.67415277183311
13  57  213.29994114426248
14  88  129.2837543949247
15  98  53.859926456274543
6  30  106.58911754365569
7  82  91.004379055941129
8  46  203.0638850803486
9  62  200.92928405946716
10  77  213.26038369377187
11  76  155.29922915509496
12  88  133.01457642899879
13  85  167.07178804046146
14  100  78.4399115596527
15  100  65.83216842199495
6  94  70.565240063027474
7  53  149.32064133544142
8  81  111.81820105868803
9  78  155.29602882318716
10  73  184.53858072952798
11  70  257.4760218765939
12  87  126.01254634399989
13  82  186.13229766602524
14  81  146.61493212336859
15  68  210.81759421201468
6  46  71.63297012731077
7  72  137.02762297759412
8  72  86.547637300756747
9  72  121.64449328289625
10  70  184.70809630981674
11  49  269.07222785924995
12  100  53.212709694368172
13  82  136.12190175706297
14  100  66.303888861706156
15  96  64.628000847484955
6  53  124.60440124977411
7  4  77.000000000000043
8  72  130.84775291400433
9  94  62.17446778534989
10  89  105.48362226066337
11  86  113.80129054635223
12  99  59.074583448296167
13  89  100.75576255293055
14  82  152.3180175682927
15  82  189.85742219666608
6  61  155.47541301034849
7  53  202.06309032119731
8  68  130.58551460821229
9  64  217.79699962097769
10  62  195.84902051172827
11  66  209.95975814196177
12  96  91.873560669748912
13  100  63.227408729907246
14  81  123.56703223156593
15  85  175.93250862215299
6  69  94.776421334936487
7  46  120.35524042576505
8  42  251.09376634914094
9  85  127.74674107149092
10  85  102.48903939322886
11  84  135.65062870339756
12  64  277.98220461212264
13  79  193.08811564872425
14  100  71.272574629393617
15  81  172.6959230670688
6  39  43.14418974552656
7  52  196.8866233297793
8  61  196.09161426494387
9  100  59.678828929238122
10  62  215.36801699822448
11  87  94.30260502421325
12  78  196.41334547374419
13  72  201.65802283129702
14  91  124.1243517502471
15  78  194.55090123036021
6  56  164.91068294671587
7  72  58.502871369973406
8  82  94.942675513883373
9  47  222.56999438850238
10  45  265.20423557662059
11  77  193.6587385376771
12  65  258.88299431949559
13  67  200.84573819147357
14  78  230.55042343624365
15  91  128.8346204098869
6  61  134.83941962905121
7  67  179.01853219087727
8  86  139.06564027808477
9  61  199.56092140982162
10  83  152.09092363596346
11  95  63.532750621415694
12  69  173.91849661266181
13  73  165.97961222114893
14  89  130.37886826077488
15  71  244.59276606235946
6  49  162.50840247358764
7  88  79.269364074552456
8  41  282.4939027940585
9  67  159.4522721732576
10  73  143.05326521587176
11  73  181.93022743984818
12  98  64.98401912757322
13  81  146.97448341414668
14  95  91.71363101300733
15  93  129.18612751398362
6  42  111.0629526208171
7  67  102.6852659848108
8  88  116.33948269661771
9  61  78.171472744243673
10  68  133.79338720537734
11  65  299.69148080530198
12  73  220.7255107527514
13  78  216.51358697431573
14  64  287.9077720146791
15  86  158.08900420755407
6  93  91.691675675849254
7  44  129.07942897325589
8  61  173.99542157638845
9  76  123.5378591706972
10  87  70.06719908222523
11  94  106.25961668569892
12  99  89.467889410208812
13  92  113.49601063638497
14  72  166.06137011726287
15  78  134.44711025181843
6  47  156.97926430720207
7  71  134.86791921116674
8  36  287.73979744169742
9  49  253.43106209892022
10  94  101.2773382643857
11  100  57.524072408735819
12  78  124.19993317094212
13  68  281.34352031691981
14  99  74.596469023403458
15  99  66.389070960215633
6  69  142.35129780212071
7  68  106.26170008499093
8  64  172.52467836717713
9  77  154.88725498098441
10  100  41.070221431597218
11  59  215.54431762425011
12  98  72.662974094646927
13  83  161.60937692340002
14  88  130.01701950208542
15  74  226.46200755794686
6  32  111.43847348706232
7  55  147.00615792294136
8  73  140.81763812843289
9  64  200.7747559647201
10  57  138.68171127668901
11  61  209.17777119113359
12  100  68.411673033368473
13  94  116.20594803603871
14  82  153.04396320258257
15  93  108.71515649707878
