6  25  140.92961319045619
7  29  360.62941801432203
8  41  364.47883092229176
9  46  258.6774396693603
10  67  227.26362153290236
11  65  211.6409926165957
12  58  402.18692442885555
13  79  128.18810530533835
14  88  83.647487619621316
15  92  110.8241572527818
6  40  198.96364721196665
7  43  170.42227250648071
8  61  184.65921831646645
9  47  239.07060760896383
10  35  270.09346193912017
11  69  180.98266723564899
12  68  139.6817366416625
13  68  303.13516699814659
14  66  328.97658666411576
15  64  278.16190746143559
6  53  79.839218101594966
7  34  346.42392722873188
8  31  317.09551360826754
9  67  159.81557194529492
10  64  241.39355393188518
11  31  370.60654087193882
12  59  326.82529949083022
13  50  193.57665216931937
14  65  296.9188569897475
15  76  192.41631285445047
6  28  260.70571784520251
7  46  213.83675114591438
8  18  384.54479506953987
9  42  251.63167649997649
10  56  174.96847077301058
11  42  349.72895141728418
12  44  354.9886114521002
13  58  237.08218480593365
14  87  82.679805926389662
15  75  206.76915295776317
6  49  194.19859504740856
7  69  130.50513580522258
8  37  225.86124136751556
9  68  200.19121449985272
10  56  185.4041067898772
11  71  133.15779790700265
12  50  296.36343640800811
13  71  210.26546989655807
14  78  191.13773685638805
15  88  109.189925106793
6  26  175.58993957954794
7  32  319.13758583630715
8  52  134.64403597581787
9  32  507.15382042662878
10  54  296.51745466458704
11  71  136.69764415982331
12  80  131.25402617100465
13  72  174.50094306521132
14  86  135.37455703399513
15  76  174.41797076273502
6  54  185.8971911758851
7  26  281.95477087832995
8  49  291.83465370048015
9  46  290.37965045112668
10  49  362.75234246867012
11  47  316.23887057900242
12  65  260.27107967837753
13  44  390.62641659523496
14  63  283.06900321251015
15  78  197.96222805605342
6  34  120.83035763331304
7  40  177.03669324144184
8  24  389.04010315526216
9  63  245.70429631402931
10  63  250.88704938639245
11  57  233.86543181638976
12  80  103.46574456442721
13  72  178.79885687472495
14  77  130.74886903175926
15  74  177.62723333860211
6  21  209.29872025833831
7  38  318.78560178947362
8  62  178.82563900533779
9  63  200.01822728031871
10  51  332.13899651314574
11  77  125.92351758333983
12  81  124.57949976635105
13  72  207.25746708378568
14  60  399.94098053236013
15  64  313.17269488402962
6  16  281.75482959598287
7  40  320.48600332323059
8  45  270.69294173098632
9  73  120.0017079762832
10  59  290.63598639385998
11  67  183.83402990602977
12  79  169.05894530406138
13  23  516.46845796613957
14  68  209.03380990092771
15  70  238.02706995351934
6  32  234.73645886812906
7  17  202.84572855011862
8  24  478.12210288422057
9  65  258.26722824702756
10  41  259.95505231341104
11  45  319.2765024374674
12  63  162.82927870384248
13  72  176.29825515520929
14  68  298.99927756894181
15  91  53.187648047496182
6  47  185.53001491965821
7  41  189.84500225783682
8  72  142.67590880387402
9  49  201.99892324388446
10  62  142.83670479507595
11  64  253.54165900511205
12  75  220.4554716065459
13  82  88.32121308386543
14  56  389.35575024474707
15  84  141.40774568313023
6  67  87.623884720788695
7  25  431.32404154398984
8  62  196.02689108468152
9  50  237.34265104056749
10  35  395.53063467324387
11  48  224.83769439715451
12  53  254.0531199296706
13  46  244.94194085311062
14  76  128.43755519883109
15  73  246.29032605643073
6  35  161.44618462670451
7  57  143.3814313556808
8  58  164.11249009572225
9  49  295.12627332344306
10  46  226.45470809865313
11  82  108.68858226412151
12  53  286.60152210276999
13  74  137.3074648924221
14  78  176.07290499124747
15  95  46.086983183924026
6  38  183.00470881062739
7  37  296.332506660756
8  53  197.95668165414565
9  59  209.95568552900008
10  73  191.60379050523187
11  58  357.21299255961219
12  64  327.5837450397442
13  63  287.2880478214513
14  81  142.96442577076277
15  79  187.43116397049562
6  23  161.15431848505429
7  32  203.8682898741819
8  56  187.6160357633606
9  51  151.22432178875707
10  81  126.37675599044007
11  66  182.26593269715099
12  45  491.51207359067308
13  66  302.86735507359833
14  77  201.62007349655315
15  83  118.17744403952301
6  46  130.1120720421824
7  43  273.69903666141306
8  41  227.80554993121336
9  41  327.60093648988584
10  52  247.94308495829208
11  72  140.93748180552311
12  72  212.99438525600098
13  69  234.6341003685192
14  67  311.34892595769747
15  89  85.843937707054266
6  39  171.53409497789528
7  49  167.34600871434776
8  45  155.12657095183476
9  53  278.43968992663912
10  67  129.79653363785314
11  57  319.94563716752162
12  68  170.54400557115429
13  67  244.21950986937262
14  75  226.43280747195041
15  80  181.41063704519496
6  37  282.16899843545701
7  39  275.69935522725842
8  57  189.37814833204956
9  54  114.21134287434002
10  73  158.28665515763078
11  50  305.54178278552314
12  65  232.09611275812409
13  62  315.83128968033191
14  63  323.8034910078344
15  70  205.15606310724911
6  24  268.04402263802461
7  45  305.76184884435054
8  23  241.3929903959999
9  45  315.52072608995246
10  53  286.62608468312982
11  58  211.48960003694793
12  71  204.40747113027155
13  74  330.51607277718944
14  78  192.48763742973611
15  80  169.28663734146272
6  40  145.35834002176733
7  35  266.80335743049415
8  35  291.84070379389971
9  53  169.98057860632755
10  78  88.162121547163622
11  45  182.72708708752313
12  38  230.41980330757966
13  65  237.26450152616491
14  53  360.89821410565855
15  87  108.77470127879066
6  35  212.2011232048097
7  9  118.68394074263855
8  72  99.603740980111155
9  29  374.48184597301793
10  55  268.02526457487659
11  46  475.89445404190769
12  46  226.52379018371445
13  68  266.49800871329325
14  73  167.20522573217164
15  79  185.4584993166655
6  20  204.58927877092592
7  37  395.42108285757308
8  55  290.05570116949127
9  42  310.34437892346955
10  62  289.03392126301048
11  51  317.49429933625584
12  65  180.86762155635293
13  71  220.60758716138901
14  73  183.79624795929408
15  57  353.53212874289335
6  29  98.655615414335841
7  55  104.00936641432881
8  52  286.64979417987581
9  62  197.66748405160362
10  69  116.53087074460836
11  45  416.47402107599646
12  67  228.37312521427754
13  65  169.12283042280191
14  57  176.75599908116405
15  72  262.58751396026167
6  46  140.95647070558149
7  19  344.33721608830149
8  45  247.30828179010675
9  56  224.60178691850948
10  25  225.33124720767677
11  66  218.77574053105994
12  66  190.94674922779805
13  67  213.11110998213022
14  75  189.26894688757312
15  83  129.9556882097537
6  18  639.49510458669852
7  38  203.15759482050001
8  28  214.99449406019494
9  41  410.72931195843313
10  30  518.65336873960371
11  54  261.37134883183199
12  75  175.14343828560305
13  58  335.29183474957415
14  68  197.99049982267439
15  69  295.29695405523165
6  41  166.30341586557751
7  41  317.0254231801531
8  61  241.2314658101723
9  64  188.23696074709679
10  66  143.43570717563804
11  30  407.77722253751233
12  56  341.4534732033726
13  65  293.9257994659846
14  93  58.903244339098933
15  78  182.06784808145366
6  37  167.1240189794207
7  42  292.23950437256411
8  34  430.84147484416701
9  36  407.52643715179681
10  44  373.7954901039588
11  77  176.14021472664294
12  81  141.93741457026346
13  55  234.21316194842211
14  73  161.91117367197643
15  69  160.88400147740663
6  23  371.12796204583492
7  28  356.74631161031982
8  46  183.13887892811161
9  39  274.98923752230701
10  64  220.98050554044613
11  70  175.07824185237146
12  64  246.30797033326718
13  62  288.94291915952306
14  92  67.639964906563705
15  92  69.234004728613328
6  42  189.98105108383035
7  23  207.93438686321497
8  63  178.01749271811423
9  65  235.00643558087779
10  47  532.2232175711049
11  59  327.07771622561398
12  59  142.0078901154493
13  58  370.56831864059313
14  66  227.00233447481261
15  86  111.49771162312317
6  22  337.50006238803718
7  47  119.81482818359191
8  60  155.49734381895396
9  46  296.93538276770659
10  50  380.64726591101504
11  67  193.86382463875537
12  79  169.26253132619252
13  72  128.28886573761972
14  67  201.69320282256544
15  68  273.52383701615361
6  60  217.04399870702142
7  24  304.71306688938512
8  47  266.44663003369664
9  66  143.52481738877452
10  52  312.32897538312534
11  54  288.12118643157868
12  73  251.59957992741539
13  67  277.8823509144375
14  70  247.40389787567725
15  73  225.28067897629052
6  29  129.63647422886092
7  37  243.73891787909054
8  57  189.05884887162773
9  55  250.63891197228682
10  61  201.94268660084245
11  62  265.591280538582
12  90  58.2541357701678
13  72  159.79667729784367
14  51  340.43747843364775
15  57  341.16267311416277
6  61  152.29220963154407
7  41  209.802307774193
8  26  269.5632763158892
9  30  221.94723187164283
10  56  297.22270507538758
11  62  177.25478410801608
12  75  158.06028560834662
13  86  89.922839476272785
14  66  259.76625658515326
15  84  121.67705816294618
6  18  353.59280193734031
7  9  277.92654247255723
8  35  272.30278690328919
9  45  184.80919067098611
10  38  250.00577122815511
11  60  131.78012403239759
12  56  289.13465005040268
13  70  237.77868785894077
14  98  24.314645214023063
15  75  229.9941072532344
6  25  181.84575171022107
7  21  338.69086593765843
8  40  295.20901253964604
9  45  343.24135240695409
10  67  208.89237131562993
11  53  363.87503992292341
12  64  340.32910568880754
13  70  231.82864338951461
14  79  220.45064033942066
15  77  165.70278338330303
6  31  200.527674921239
7  44  188.70772916243305
8  41  205.51374159067532
9  55  273.21920671032728
10  39  460.53175619183594
11  45  437.74322645617536
12  50  424.7761386501669
13  72  196.04001941053045
14  68  191.2481555417084
15  89  98.583923614773596
6  46  238.93954041677267
7  59  134.65555556248646
8  57  197.78946087211449
9  50  175.20555662468087
10  62  213.18821853874314
11  75  123.09149252381926
12  61  331.58088189047533
13  83  112.95350717007325
14  91  69.999450825756441
15  80  135.18322111683122
6  53  191.22699108046595
7  54  167.05056955637895
8  16  436.89658648748349
9  45  244.78854050114472
10  60  149.27538057142647
11  33  230.16732425341871
12  73  178.57454486844762
13  71  191.07259447626117
14  73  169.06047782919924
15  80  194.56349173669798
6  32  153.05690687070583
7  36  267.16522961889103
8  63  197.7926416083306
9  62  157.72263262500769
10  65  220.40825003640407
11  39  385.07807035121544
12  63  293.05681852239337
13  83  114.33064999312269
14  47  323.94820328907792
15  79  122.95998168924991
6  35  228.40363297263548
7  76  104.61710516330069
8  52  320.87798580891547
9  26  233.44360891225267
10  70  179.17464519039356
11  80  82.437875335942451
12  41  431.62217024889208
13  83  101.95617074057927
14  79  125.87960726645687
15  93  56.170487042213786
6  33  186.86579754105523
7  25  367.54405856973648
8  77  97.33162138219717
9  58  229.38917105616383
10  44  382.02645924948052
11  76  196.94432413237774
12  81  145.15835992145003
13  60  292.5717777436613
14  76  195.27480097156945
15  87  89.614126929003973
6  66  90.596396936452408
7  49  60.349787905739525
8  35  486.92807816142886
9  47  275.20237962579154
10  52  296.80613800480728
11  67  237.71434010631327
12  62  313.96617208535889
13  60  284.61096775272176
14  50  339.58059694906314
15  80  162.11295758364173
6  24  399.42911525224451
7  39  143.50740911045773
8  40  264.06738932261436
9  47  351.96166097471053
10  61  156.74454273217856
11  62  215.01045377501822
12  49  403.10550022737948
13  66  119.67668269089037
14  54  341.1164665168323
15  73  174.98485967859
6  55  214.49324131636436
7  56  256.8931885255169
8  52  145.99171736577296
9  46  224.20805388096056
10  31  462.71973735074857
11  44  310.25445909710305
12  56  341.39560086737021
13  88  70.588470740564972
14  77  167.61607362277707
15  60  282.50935913162255
6  41  268.74410283344355
7  16  126.84972497333118
8  45  229.34330542847175
9  41  228.60321673917255
10  63  171.51724797873467
11  49  463.71190327380771
12  71  255.41648984585262
13  64  320.30856119200922
14  84  116.6187800417861
15  74  206.96876108112514
6  25  143.57382089722009
7  33  249.86527676106164
8  52  300.07599227906718
9  81  109.83516707478118
10  59  268.87342607624839
11  58  204.8822274214906
12  53  325.98059641694226
13  77  115.99819801626994
14  84  117.66748690959699
15  71  189.19303068743426
6  16  161.53607941994235
7  29  131.5618090936963
8  58  197.58021524314447
9  44  216.9094744673022
10  47  310.52315394545724
11  72  159.25499569216117
12  57  351.04910635424653
13  63  221.04085506721995
14  72  203.34378659841161
15  60  341.20671590206751
6  33  264.71443746848229
7  48  157.93473980726495
8  31  390.08731926213028
9  80  114.08681640022924
10  48  381.89484080389815
11  73  175.06400756712651
12  40  257.67652620727665
13  89  79.442992073090394
14  54  310.25498800619687
15  66  266.02341930175146
6  30  195.5597057945709
7  36  205.96893699212043
8  30  178.48819909779291
9  42  298.58751868259918
10  70  158.57234855230465
11  71  158.93689444490801
12  71  161.35747257266681
13  58  297.90357346765256
14  77  159.86726285796118
15  61  387.23932787227176
6  20  471.35808036496877
7  47  182.31926299618272
8  63  187.27690651358196
9  61  112.65778292847567
10  62  236.38856908610026
11  83  140.96290642819932
12  81  117.20838620480907
13  51  355.71017210359463
14  78  206.6718481357654
15  93  53.724933270765057
6  35  288.82129361270609
7  54  168.79783706679763
8  47  283.22145122755973
9  45  453.93883966943719
10  65  136.67936903451209
11  47  450.21102736702255
12  40  417.74304159679411
13  85  94.733181346147973
14  59  91.131787129704378
15  70  196.30578083473361
6  49  264.55114000696472
7  39  229.22970234629972
8  38  317.75722297518951
9  51  152.76671119371727
10  55  203.24821708286902
11  63  299.85289353153422
12  61  226.03607438693322
13  84  128.07300192111882
14  73  121.53389640300914
15  86  103.4097804329628
6  18  232.26119485660371
7  50  168.76044340931688
8  32  319.08880325345888
9  46  281.50451879437412
10  12  126.03194201675014
11  59  247.03407829364326
12  94  44.57669633697391
13  64  304.75135672584292
14  75  160.75067322692391
15  96  29.910368027542219
6  17  256.02982947989886
7  28  300.0403390856369
8  42  280.15522748127847
9  31  301.2033922569907
10  41  407.72236225423632
11  80  130.90166335624656
12  43  378.85630957445545
13  43  262.272641294832
14  73  178.07415182485238
15  69  253.59375406648317
6  34  233.23703183208889
7  43  165.21704655069772
8  28  418.86990846787199
9  23  211.1664330607658
10  34  368.10070562145131
11  79  136.51569626671053
12  57  367.07473048625474
13  44  325.32585541420389
14  83  134.19083266484017
15  81  147.07050050168257
6  50  172.12873198441045
7  24  510.95752758859743
8  47  241.14067353264673
9  64  275.39330260607193
10  65  144.0664458446947
11  57  240.23407579405512
12  78  138.88642436165503
13  78  138.19701951586981
14  69  198.38356618849875
15  74  174.9187470434527
6  1  93.50267041560052
7  53  200.14571606698348
8  32  329.93513441575715
9  50  235.34866728721153
10  64  176.58359438029498
11  72  153.88727670446309
12  69  206.50336321550336
13  73  216.66220813453455
14  65  183.11923584248501
15  89  103.28083813384976
6  17  139.01353065024861
7  34  202.93457295967553
8  39  212.25508617913241
9  47  261.74830623942825
10  47  355.89531068331979
11  46  387.1220017227198
12  68  223.59018356585923
13  47  396.94136238149741
14  82  118.52427421441512
15  66  259.06860612800097
6  47  196.12528355253758
7  34  87.27223054656848
8  43  317.64320612453554
9  43  279.90501031547007
10  56  197.59705817905277
11  60  168.70400414314199
12  68  244.18894710471838
13  70  185.48561235535641
14  61  301.84360524082086
15  75  189.14344021686799
6  24  193.90821956391059
7  12  442.82125005809803
8  74  122.01566224722004
9  31  351.17577302550848
10  46  117.56107709153693
11  49  261.08181222669054
12  56  304.28259794944819
13  65  194.57008434909264
14  85  97.114911686117011
15  89  96.535229271096426
6  17  415.40429822027795
7  48  71.051163577253078
8  71  175.33658679272557
9  35  634.62162165760674
10  60  288.73284672023647
11  71  227.55694993519995
12  69  156.06040039195793
13  80  122.63968997768559
14  57  229.45230852984042
15  58  265.62878294384905
6  44  167.93266161312835
7  33  242.83775444091236
8  65  149.19190189653742
9  42  278.55853784018126
10  47  331.27850520757744
11  47  445.16451221471345
12  56  336.39363247358261
13  83  117.93145346961647
14  57  299.71625255664611
15  91  79.342248295364683
6  45  252.16371596698448
7  30  328.64944680012508
8  50  180.51403875362635
9  60  235.58593028469554
10  62  224.80003767015285
11  54  338.49308206109521
12  68  211.13946214727795
13  81  141.93943690132267
14  57  329.4725689994267
15  52  430.68795410664478
6  68  146.1384022080035
7  49  115.15490669338206
8  58  215.78213088273318
9  34  265.43254880201459
10  43  294.72409293456059
11  58  295.2704720607814
12  83  158.32511856878395
13  80  143.05015807356642
14  83  117.8363411269705
15  79  127.20220833172603
6  37  148.59947933185552
7  52  228.14566711563677
8  47  209.77569063304657
9  54  181.12300660427991
10  74  129.91449771611011
11  79  139.01629908415399
12  45  405.68230630099521
13  80  135.21415157339294
14  60  324.56933642651705
15  87  172.03569371340083
6  34  252.63645365830783
7  45  212.25916380726119
8  59  224.52364366990827
9  58  324.8991702469566
10  45  234.86302937089238
11  77  195.82388078418418
12  66  170.20745580297904
13  84  119.92473723689943
14  75  161.48486093863559
15  83  109.89150126521568
6  42  212.13072567467651
7  61  147.5495843423102
8  69  151.46900457126077
9  53  334.64343730660676
10  66  237.66233624999535
11  77  128.71709147281561
12  71  183.43026157483155
13  36  302.98208192934987
14  70  215.57644811835084
15  69  186.12767971686387
6  34  176.42518873091331
7  18  174.14982550345619
8  63  135.43926230072185
9  59  287.51947283128965
10  71  191.56678457790898
11  51  359.41245109735598
12  69  181.84786720672415
13  71  178.83797320558099
14  53  143.1224185107784
15  51  506.41204008117631
6  2  221.1098827173156
7  34  180.21847327809814
8  19  294.57796948884544
9  45  316.92674798971018
10  45  338.24078685366732
11  57  316.62101270256687
12  71  178.87404274599567
13  72  237.174233132231
14  70  198.76980285741507
15  46  424.10076927996482
6  24  400.67273776911122
7  21  222.35331704703188
8  50  263.38711982779881
9  49  346.5551075953976
10  59  313.61160504163394
11  29  482.85971121369442
12  55  301.47343445634334
13  76  171.46336570228544
14  51  348.839393926762
15  92  49.936306859083153
6  35  345.37952901935955
7  36  256.72826735111789
8  59  255.05058228908641
9  16  428.92896393610465
10  49  194.89751819449955
11  73  151.59166882599123
12  59  282.42108762906491
13  90  81.656433896148926
14  89  89.775549306984544
15  98  17.465699523419559
6  33  249.20864168283362
7  58  154.14512855304142
8  40  142.32501262818994
9  59  170.8874425901287
10  30  435.37303392318114
11  73  115.77959150662011
12  66  152.86051559682238
13  59  330.70268100086025
14  48  425.61235675972159
15  90  69.599797074201788
6  49  169.16816561312658
7  55  188.0543382561201
8  52  199.5342627553286
9  49  413.52017208736595
10  31  268.75739544264201
11  47  371.80006531528426
12  63  289.53172263006343
13  70  262.231019761222
14  54  315.18886138077164
15  67  276.69461729281494
6  16  341.99653585308658
7  46  261.47503610698942
8  60  164.53102202262122
9  38  459.42619049960439
10  51  259.60389542878977
11  48  250.61330621034284
12  62  196.07455848632782
13  60  323.7666826716216
14  78  100.99169031479548
15  62  330.11874871409941
6  48  200.94602925881699
7  34  293.21277123748422
8  57  183.44915426159395
9  58  215.21949421148562
10  49  293.43524992242578
11  59  315.97251272016854
12  44  382.84968846504461
13  81  130.23713651171036
14  68  151.69101040009875
15  80  107.59998072012316
6  13  143.00228299058642
7  38  219.0461369309852
8  54  216.59000856489936
9  59  223.66564535099701
10  88  74.382736658096576
11  50  396.65090107968894
12  65  190.6367585935314
13  87  99.320345874644573
14  78  189.47717110013983
15  88  96.765638606123119
6  38  204.43524126898791
7  43  229.56346009778531
8  26  344.74070690801892
9  33  519.08880644742521
10  74  140.81190822689737
11  80  128.97271611275491
12  81  143.84756215992371
13  82  114.79978971639031
14  85  115.86017733152623
15  70  254.73142718043874
6  15  297.20241554507271
7  23  278.44126958623696
8  46  244.89541819714805
9  46  257.82289122795373
10  61  228.03463644426728
11  70  123.09950086161423
12  76  143.76594748212472
13  70  190.21689541367854
14  78  119.68717515281482
15  92  63.851514343840428
6  42  198.74741875023142
7  66  135.73427599929488
8  54  268.82543432184895
9  71  136.99658330733061
10  58  283.26678546702783
11  60  223.55758282111614
12  57  250.4079119290445
13  83  181.57374375871515
14  86  102.70624985285178
15  56  433.74369665215323
6  26  287.84101283764767
7  54  192.43847992273118
8  59  218.7853619320081
9  56  285.15764939181628
10  73  120.70444128437153
11  59  312.27027604934841
12  75  167.64552370455166
13  69  230.15643591454838
14  64  174.65600628469588
15  76  237.43644401071742
6  43  287.57913465050876
7  63  158.18311830957975
8  59  247.6763049165892
9  60  217.55622223533172
10  67  207.47701312250237
11  64  271.63891393692273
12  68  193.60872527227417
13  62  275.12001429906644
14  88  78.946712155505779
15  91  63.154140241665701
6  0  0.0
7  24  327.41797157292376
8  19  457.09798905119709
9  38  312.87853067567039
10  67  116.83465245770746
11  53  341.72248188027476
12  67  158.62882552273709
13  55  371.98571629412521
14  70  197.97377232966917
15  84  155.92846066469855
6  28  174.17992038903114
7  43  234.90719463801508
8  34  204.13926591054312
9  71  213.92146513423131
10  42  220.26213586391356
11  47  267.69743373673299
12  78  135.18966076678106
13  94  50.563654897793207
14  75  206.04071713810993
15  92  63.277473805673225
6  67  111.06173985029454
7  45  223.37789491597078
8  41  283.78155397542207
9  69  139.55058752462404
10  55  232.33505718501246
11  67  255.78109313496861
12  61  281.68164418378416
13  83  129.41127101190477
14  82  121.58975188828451
15  80  117.20936082301478
6  29  232.33669044216131
7  47  204.42490670999067
8  23  253.57221660009202
9  38  295.4321982844948
10  39  262.28112761986858
11  53  272.45480043400306
12  67  230.61546155158243
13  73  200.48395973711862
14  62  328.03595199241437
15  78  194.86610706215336
6  50  150.34759723028515
7  36  240.99085136694328
8  41  304.46164090855808
9  74  118.39723446195758
10  60  307.93171823722901
11  77  143.16910694989284
12  33  377.7891954381584
13  51  353.97130441731451
14  68  221.40402658247092
15  57  347.82500958996121
6  42  146.79552359594061
7  26  233.8634464809324
8  57  244.69864416060295
9  48  296.79644659614257
10  62  201.04550926918276
11  47  420.56992825471889
12  51  346.45042869898339
13  70  243.91080157122411
14  75  202.72111433837108
15  63  236.72829844951912
6  33  135.17045709824592
7  60  183.17083076235494
8  57  244.06603438808395
9  57  142.04366378664099
10  77  134.67404201800352
11  39  320.06542160078322
12  73  232.00580974731034
13  79  152.94598990076597
14  73  201.22892570978854
15  82  149.92518146375343
6  21  291.56671065788282
7  48  211.41972470449755
8  44  145.87926355296233
9  54  164.22832320840018
10  65  134.55774962600194
11  32  188.36430409855532
12  43  349.60172430220206
13  62  273.86069112237095
14  71  285.74029692161673
15  83  154.89343140063477
6  42  158.91274756691888
7  33  175.83084605691738
8  48  267.53827173905398
9  49  375.65066605605915
10  67  165.03517893124493
11  59  221.0924644768337
12  79  140.88762151263569
13  67  243.01249298065605
14  77  235.53725979062
15  79  192.92475736726448
6  41  91.646562394974993
7  50  193.35245246598953
8  49  251.52931440016613
9  40  261.34320188612304
10  13  326.59338128677558
11  76  122.63374579078231
12  88  73.295992447232535
13  71  207.48190689416523
14  54  334.46148985083983
15  87  93.024057300047019
6  47  242.05448420095391
7  34  214.5279501518184
8  26  308.0
9  63  168.40578354605981
10  77  116.41169397631994
11  63  263.04896382797989
12  79  126.47590087894311
13  68  301.52527326289163
14  83  134.39159253344468
15  57  337.52987613472266
6  42  163.86696784946449
7  32  119.28353245097802
8  52  219.27353798610804
9  67  245.54399159642884
10  53  258.79790249524649
11  51  369.01279106206334
12  70  158.56083193010548
13  66  235.66847116153812
14  71  173.83002933334902
15  81  134.89665400283585
6  39  189.42507135194376
7  42  162.14937869941474
8  66  71.667999096477146
9  64  242.00030988265041
10  48  285.205979634009
11  72  238.57081894669352
12  61  267.41652107866656
13  73  193.37152660233428
14  68  159.41017187445038
15  91  65.066013945811449
6  37  247.54357231838947
7  28  346.46726981988337
8  58  290.08678435893609
9  66  205.95262323423833
10  58  303.68343507337215
11  39  282.09253897631942
12  64  215.65550013878141
13  53  225.02180761925734
14  79  136.06162891893734
15  80  204.77634272053965
6  47  239.11795921039931
7  54  152.27797245305425
8  56  226.61998798485129
9  35  235.56517350892381
10  64  133.67382296349442
11  77  162.29351331919392
12  53  405.63166881500052
13  84  87.440336013285204
14  58  355.97067123268215
15  95  51.920064329889264
6  35  228.92578222430785
7  32  239.72572856147792
8  37  191.07138466978222
9  27  214.59219123763702
10  52  247.98823182755228
11  79  164.167998134866
12  66  194.417593097734
13  62  282.15247409078188
14  56  317.72269061992034
15  76  233.08917833483645
6  42  175.55558832524068
7  58  210.17225761665622
8  34  326.81372444277741
9  68  154.57408027760661
10  44  360.42710693799637
11  75  142.99533226635151
12  54  318.16219425694214
13  81  91.982854710634754
14  62  268.77876843700056
15  76  224.63944502440893
6  41  243.6374573607024
7  40  240.24698582335267
8  39  175.32335479312391
9  58  191.93610658686032
10  51  343.8570001764611
11  81  69.117041135791595
12  60  238.3300714535556
13  57  420.77499507819789
14  85  92.352703243306522
15  74  228.79726419197601
