1  99.0  78.656326879827645
2  99.0  142.33141959124234
3  79.0  596.82644916859567
4  91.0  522.49067253226065
5  85.799999999999997  651.78280526109097
6  90.333333333333329  674.87804813108016
7  89.0  746.03276542845867
8  85.375  968.17724077392268
9  81.222222222222229  987.865539299273
10  82.900000000000006  1068.5531363651144
1  94.0  99.375440668535902
2  72.5  554.43541503147674
3  92.666666666666671  389.00860280789107
4  83.75  594.58609184627016
5  95.200000000000003  438.96522792407359
6  91.166666666666671  627.13083348961288
7  83.142857142857139  903.12270759647288
8  88.75  813.79556080225746
9  80.444444444444443  1067.9415869523004
10  83.5  1021.0647214375376
1  83.0  181.23557132002921
2  85.0  299.97479822546597
3  91.666666666666671  371.82745528394412
4  92.0  479.5299956088362
5  79.0  864.43407758619583
6  90.5  628.02590211338179
7  84.571428571428569  826.02030568154555
8  87.125  851.32792790909377
9  77.0  1068.6496582723198
10  86.900000000000006  932.73979834426586
1  98.0  78.076793484997921
2  88.5  283.77838060915349
3  91.0  408.67393365950016
4  91.25  452.60868824313718
5  90.599999999999994  571.68150698580564
6  88.5  617.94251769521202
7  89.714285714285708  736.34211564534564
8  84.375  909.9037377920223
9  86.444444444444443  975.1843228734482
10  87.0  1007.890613481583
1  97.0  71.970917415408081
2  97.0  175.36849807911824
3  86.666666666666671  469.37163573586042
4  84.0  580.550523720353
5  92.200000000000003  517.00039364903319
6  87.166666666666671  709.04354233299966
7  91.571428571428569  632.82429548937534
8  90.0  787.11220904435925
9  88.777777777777771  907.74403260636495
10  72.0  1202.4541267014722
1  67.0  321.78447795123395
2  95.0  197.77533377258692
3  87.333333333333329  453.288023158496
4  85.75  611.71874611929513
5  93.0  497.47483982000409
6  91.5  655.91981633534715
7  86.428571428571431  779.2801352025333
8  84.5  884.54122834580289
9  86.888888888888886  922.31932787677624
10  87.799999999999997  960.1298036991351
1  82.0  178.4064572715333
2  93.0  276.1921056653145
3  91.333333333333329  356.85607672494439
4  95.75  351.10154854783895
5  89.400000000000006  624.86107651371867
6  91.833333333333329  617.50683709818009
7  87.571428571428569  732.87711285405101
8  89.75  814.81017515249971
9  82.222222222222229  992.47635364973883
10  88.400000000000006  931.31027497335015
1  98.0  63.526351818968429
2  91.0  291.27370818857395
3  86.333333333333329  401.73545664923012
4  90.75  483.40553102899065
5  89.799999999999997  609.16468855876974
6  86.666666666666671  711.13028025168876
7  85.428571428571431  815.87562093194674
8  90.0  775.68131470819446
9  84.333333333333329  951.28707537814785
10  83.299999999999997  1077.1740537496305
1  94.0  66.444804055200038
2  96.0  172.59514268003315
3  85.0  534.54786775923014
4  89.75  474.73133548326126
5  89.200000000000003  643.34666481271415
6  88.333333333333329  686.35384982440189
7  80.714285714285708  832.85480351845706
8  83.5  908.2179572352486
9  87.222222222222229  917.72867173390239
10  82.599999999999994  1121.4563598409497
1  81.0  196.80184920051775
2  81.0  386.29026049084644
3  83.0  508.23225845363277
4  94.25  448.2501425533008
5  91.599999999999994  556.95686369437431
6  90.833333333333329  656.21805585615948
7  90.0  786.38012621523717
8  89.375  889.25499787458102
9  87.444444444444443  912.22856016563037
10  85.700000000000003  937.92587481867815
