6  26  47.532569760213626
7  69  139.06348758745813
8  30  195.11737996692079
9  82  133.88452728040903
10  56  212.03121474009691
11  87  98.357308110170948
12  94  73.937626039711347
13  89  138.41147474699127
14  87  124.28533559365125
15  100  65.521959517926007
6  58  226.10291870309621
7  74  128.2031014289268
8  30  200.01884199397875
9  48  98.798503246742598
10  67  190.04325038322608
11  86  160.55702308859733
12  79  114.84491605864176
13  81  156.07516697475745
14  78  168.57785975643577
15  99  59.637065578776053
6  62  95.110670986227092
7  69  126.46659358849195
8  92  86.96622300941722
9  71  191.50963813503594
10  88  106.32445554243294
11  100  61.205766001282896
12  91  125.35613219377481
13  90  115.53431087251543
14  92  106.83206453586297
15  100  56.502345931777839
6  60  98.269687118451372
7  37  84.884281569189056
8  86  100.8951232338767
9  43  197.74777041810341
10  73  240.10009694510484
11  64  269.80446103860254
12  60  206.30001237262016
13  87  135.31624014434837
14  94  82.760093675155304
15  92  112.41939166494643
6  30  124.87114495039555
7  64  116.69772161702878
8  85  70.945528125867085
9  57  179.19484655739666
10  64  221.84755031834621
11  84  124.13193467281552
12  88  167.57655737161699
13  62  272.17300685646069
14  88  126.87265407070629
15  94  103.48253175255991
6  94  93.843854515878093
7  48  204.49865359850818
8  58  166.00939776038547
9  74  194.78294144022286
10  44  271.44984185384209
11  88  129.78057417275062
12  81  116.35750928263204
13  91  95.341387905197962
14  68  260.14471165996218
15  73  238.50653723492496
6  91  96.654621581835954
7  49  162.41148944804812
8  38  201.69951974516789
9  53  240.29045889003586
10  72  168.8662420707951
11  90  92.020455407480426
12  85  156.92516346515418
13  77  211.60364685663779
14  88  91.451455743079464
15  70  206.6898341110259
6  62  136.00432824537981
7  89  121.14887289636067
8  56  237.00270439896036
9  60  217.68460999282985
10  72  133.12773045890052
11  76  200.85578504938323
12  93  77.304366173659801
13  85  131.76566386052485
14  100  59.012453673476386
15  91  93.801479712359495
6  60  122.98283659559098
7  44  146.2174660099017
8  77  130.29678608192296
9  97  72.096734388074935
10  96  93.793574603560813
11  73  191.08709732238179
12  85  136.62268787420729
13  100  63.170288331373037
14  82  187.90613727880447
15  77  246.85408679908568
6  35  218.46173751218166
7  63  114.99966380989598
8  42  199.83421430423397
9  81  107.1018431615977
10  56  320.46368532149813
11  71  147.98141682780769
12  100  71.136173457003693
13  100  98.648808104692407
14  81  205.86176619407388
15  92  119.68135470600387
6  27  103.07010136713393
7  50  176.46121807826316
8  60  177.77105609608651
9  48  293.18033365816683
10  91  90.790791838908817
11  82  137.02096969289684
12  72  125.80228757757452
13  71  207.6058220677545
14  79  213.96254998106957
15  79  187.40188203293044
6  85  99.957023319302209
7  65  138.5049021009805
8  26  229.28018005226232
9  68  156.31524605850339
10  66  157.44575162358092
11  78  137.01357613577932
12  77  130.04977932238197
13  75  185.73105404012261
14  88  127.87065770484739
15  89  116.10403398522772
6  54  176.18982726638538
7  60  218.25504258066167
8  28  317.25289331272108
9  41  193.80828350102277
10  55  203.39002706617103
11  71  204.0285953623823
12  58  337.2231963376168
13  88  137.10731978073417
14  98  67.828299326456104
15  86  152.46391839456621
6  98  74.514744768814282
7  46  250.3759546628491
8  89  114.77490352488796
9  71  151.61920024291587
10  97  72.936106437333322
11  76  197.66249332757801
12  96  71.652695738248383
13  72  257.35948531859975
14  81  164.93136366819238
15  96  84.917044888940836
6  64  80.491683160888755
7  71  54.57501406117764
8  61  171.54179846185789
9  78  131.04312706847338
10  86  127.47039263155978
11  84  176.66435262784549
12  82  137.43982717322251
13  71  259.51318688895356
14  89  123.59694373230565
15  100  73.204081824924955
6  69  156.97919321571476
7  68  146.48576173894631
8  71  147.26555182916667
9  51  193.03975117160411
10  79  161.58682964118077
11  80  146.1880451533406
12  82  145.94523742049111
13  62  289.96502216509879
14  84  151.57201933645615
15  91  105.90413380279534
6  55  207.54578083505311
7  54  157.49417671116836
8  90  85.411548554199001
9  47  197.33441195097595
10  87  97.779660924442268
11  55  257.95772233226938
12  81  174.78910315989378
13  88  141.51614400851818
14  99  86.836309224949474
15  78  216.80477033272643
6  25  116.96504811082036
7  36  248.60522424318677
8  94  82.992718255256875
9  89  102.86156998086163
10  66  231.58754951380064
11  73  177.28522992964858
12  71  232.38519818593198
13  73  150.25097706914687
14  97  82.427545184720259
15  83  166.91112354620506
6  54  120.88864395895681
7  56  163.00216905338488
8  99  71.470788494562441
9  41  253.818524778762
10  49  206.75402791784765
11  70  186.53596582502607
12  91  120.12373287036399
13  89  126.16067810693998
14  93  119.25331787509637
15  85  159.76152054110136
6  52  125.54183753709633
7  52  123.19888011062228
8  71  151.98600657838216
9  61  184.62687350019442
10  63  194.1597332112315
11  63  194.56505702765043
12  85  129.69519422201319
13  91  120.70107401011086
14  72  192.10606032548145
15  69  253.23600556381254
6  78  101.76476292466319
7  67  142.21126554554053
8  73  128.04321487733407
9  41  225.79095994310623
10  58  333.00542292356863
11  86  82.108579537876608
12  69  288.28933338022529
13  98  83.430329450699048
14  74  237.6439284508003
15  95  92.441689766276582
6  57  122.04949823893155
7  37  209.80988918256983
8  87  52.167144497073387
9  88  118.95005878464906
10  67  261.32179728063011
11  82  81.146113064062092
12  65  199.19580144248718
13  82  198.71199994228772
14  84  140.723043244434
15  95  91.87881064466383
6  71  141.36727130761491
7  59  168.56810910020681
8  86  95.118543674679415
9  81  112.06053384706151
10  100  41.049350310569928
11  97  75.192165092787576
12  75  214.32495089054845
13  81  206.71377521282395
14  92  98.395019370147239
15  98  71.943062145004063
6  52  125.48317890726338
7  29  117.37283708263315
8  49  181.6112170977336
9  63  138.44285037206731
10  83  116.45578786792142
11  99  65.148588924760958
12  54  322.14760128717779
13  51  288.72204131913134
14  54  219.01287890114955
15  81  156.61058229538511
6  72  124.07595924749455
7  63  199.4969716370058
8  54  215.22796428678387
9  46  287.08016565831997
10  95  63.857541519921114
11  90  76.897829002925576
12  81  187.57714130798641
13  86  140.62442615435498
14  59  284.84269867287315
15  85  183.18552876496216
6  18  178.72603648144457
7  58  197.2278386362691
8  51  114.04289541287611
9  100  71.15739598626665
10  72  145.7364783060556
11  79  125.91112236460373
12  76  173.35112232608529
13  82  187.65022612872471
14  47  343.62750125201711
15  64  314.10960985698756
6  58  116.77042791827138
7  60  90.067633977050292
8  62  138.18224723867587
9  76  95.024468239054471
10  89  111.78472198032657
11  92  81.059737590469751
12  81  180.02138135973152
13  85  130.46438742406619
14  81  117.20218378458335
15  78  171.69613811992318
6  91  86.255303367668233
7  83  117.63838490715676
8  61  184.421639721628
9  52  302.02910124120922
10  74  179.19785589474154
11  88  103.84448457668908
12  63  251.60002568168377
13  83  182.694083170753
14  92  93.301552047058394
15  76  244.54449233745012
6  60  127.68933304398551
7  82  106.64238409929975
8  66  136.98004961754296
9  73  191.08421859868102
10  68  157.48019990902509
11  95  61.337544891504301
12  53  349.35075224586456
13  98  72.587881129940925
14  100  43.742951077141932
15  91  123.71853344166165
6  56  120.68464089663215
7  54  174.54613965744394
8  35  208.40033343571631
9  58  214.19069766510086
10  58  222.91279119341124
11  59  285.72647509653854
12  91  107.54312805368771
13  83  180.94160543685237
14  80  212.21883485969516
15  84  176.18190016989624
6  89  88.539844182785131
7  38  198.44575216887682
8  59  150.33791871402818
9  76  139.16778244574158
10  72  152.0573213897149
11  91  93.069550695699576
12  90  121.73884491081859
13  77  199.67123043791494
14  61  233.40352126637958
15  82  151.08685208335436
6  41  113.01789115333618
7  31  140.50740130808464
8  70  162.67816302421096
9  64  148.43130939057872
10  88  77.40096139576454
11  89  90.330589185587215
12  79  141.75835456687784
13  70  112.98932816455665
14  95  73.171093483974445
15  89  125.75398882863362
6  64  145.50439035251378
7  56  119.0657700463594
8  67  188.37050661623053
9  59  219.31245602890729
10  81  131.67604773225031
11  96  65.527633496964711
12  81  187.51406856615495
13  83  159.84188278906748
14  72  211.62751254389724
15  77  247.71424765088435
6  88  76.572762853853945
7  51  213.16296122292655
8  70  152.91606650376613
9  56  234.67220817856034
10  71  165.70266721925316
11  83  147.12909302090117
12  69  202.14961924928497
13  100  63.151501672606059
14  51  218.596413973463
15  59  296.6610357942476
6  79  90.605394358669315
7  55  154.30831931118098
8  52  250.44403382328579
9  86  111.4491447062362
10  64  185.64536016252578
11  78  144.04764568806576
12  97  68.900871588398488
13  92  120.20610953900083
14  76  217.73332705196117
15  95  91.401695493482578
6  30  153.69021558986694
7  54  218.92550307940849
8  67  192.1622524123255
9  23  161.63532092104887
10  40  260.74595240887908
11  94  75.787769260203163
12  88  123.6578746876089
13  81  169.04865658667586
14  96  82.983703633655821
15  96  96.575767513256224
6  48  215.57356678105805
7  62  96.848939840548283
8  100  74.868148567026196
9  81  138.11426104639992
10  58  254.66548328936796
11  75  175.83370365242718
12  46  248.49555007131266
13  72  206.15477704821464
14  68  155.32338956957773
15  88  150.21413398320266
6  55  178.45716700676411
7  32  224.40310048526518
8  78  132.65658574188799
9  85  107.61571355266824
10  88  102.06295426804365
11  71  188.25261759249642
12  90  108.79132326919975
13  97  68.367418037984422
14  100  69.361247225822169
15  95  102.75164509206463
6  37  107.22343908899123
7  92  98.049117162631021
8  48  268.51460120409831
9  88  109.2130615785463
10  86  124.46181132598512
11  66  137.03945633493913
12  84  146.53498501285375
13  59  207.01524780144814
14  100  50.18452488170513
15  100  76.093058716088237
6  17  146.48722744060504
7  68  107.49308527537245
8  85  116.88588159150717
9  73  154.14506015475561
10  79  154.66033807969049
11  80  146.64422619405221
12  63  333.73660451209219
13  59  280.89158634884336
14  63  256.62869412531228
15  75  173.26420231565442
6  81  107.26230763547528
7  27  243.23014691558086
8  95  63.2517618974369
9  64  59.715770864228034
10  90  127.36220088379881
11  74  171.73930984117447
12  77  147.31708083032447
13  78  180.98833581618359
14  85  135.35140961538991
15  95  77.446254677425117
6  49  64.388892375688982
7  75  100.76945375828518
8  69  142.96130822484025
9  74  192.37882096763516
10  61  232.76689494396487
11  100  83.811975823919298
12  74  244.82204291018755
13  82  147.29959873376905
14  81  108.26305518886913
15  78  158.88571898840408
6  15  73.07051144932646
7  58  203.76087758427218
8  30  331.14401007832316
9  86  100.22658079024066
10  58  163.78141555892796
11  72  214.3914076292447
12  93  89.301681441862456
13  96  75.125864632162745
14  100  41.33840105237384
15  89  128.5696227054724
6  57  160.32321114112889
7  39  223.36463610732102
8  91  92.13972822000818
9  79  132.60381278452809
10  91  99.687122336201384
11  78  197.41130717963136
12  96  72.029986562154278
13  92  116.72492758758607
14  96  78.487722922644906
15  87  148.11669023781039
6  52  133.67223107778483
7  88  97.686168570642522
8  55  202.33691177684068
9  90  92.026147778257183
10  55  283.42133095108596
11  61  220.89842403289936
12  96  78.600309134590589
13  47  262.24891513128989
14  100  67.218527990799913
15  76  247.67577759726805
6  64  122.77012261521699
7  91  83.647333779206136
8  79  82.457595760999254
9  95  82.217509713491864
10  78  156.47440780671388
11  80  151.70109355135597
12  77  183.56411315567038
13  63  285.28498174439721
14  97  91.230312210133263
15  94  96.299680143300748
6  38  159.72325392641872
7  60  102.64457685556489
8  55  180.94729574089277
9  99  77.601094605764075
10  41  341.23563051033562
11  64  225.01473532631471
12  44  348.39972905055185
13  82  155.27116130865056
14  92  63.709645647065429
15  90  128.33971789120687
6  47  167.89186377565542
7  50  188.97024795848887
8  28  276.65099629037638
9  74  186.80435664874068
10  65  169.85400140055989
11  66  219.78155013677124
12  79  191.45342438801802
13  77  186.26204796395803
14  74  152.03998718496734
15  95  91.956064927944141
6  56  222.7780858665121
7  80  123.02894336905202
8  41  178.4883582972607
9  64  219.86420843977282
10  61  231.04766262714264
11  99  69.545930359994514
12  73  116.81712773255248
13  75  222.96064945836531
14  68  214.21692492284032
15  90  114.1941977014594
6  99  65.072754470475047
7  94  79.599875713089745
8  61  138.09606543988417
9  60  162.73826032904879
10  70  177.147091839236
11  78  136.63535248647381
12  44  343.05703355897248
13  100  64.167754605130014
14  87  180.93327854275444
15  76  237.55317157416033
6  86  95.755172908177911
7  47  143.72518639883776
8  81  100.89624346093561
9  86  103.48139211957833
10  80  158.39856130321482
11  68  100.72808387733164
12  96  90.833722828516343
13  87  111.62860113881393
14  100  73.827129978254362
15  96  83.964558844594038
6  14  111.75994161307587
7  68  89.414428771146049
8  55  221.79090562284404
9  85  126.49324110223793
10  87  92.715934061969932
11  92  103.00255958685156
12  80  129.58145857020293
13  100  64.375956827495898
14  98  68.908411525406393
15  59  267.6895472272065
6  25  73.26988334846159
7  66  165.84419881103412
8  66  98.195415942892282
9  87  124.52296185477682
10  58  163.60736677068988
11  39  329.13212840878793
12  50  366.16560950222652
13  93  74.12006813247865
14  70  265.56072922237973
15  90  137.0979553550556
6  33  149.08834113731305
7  62  130.38249180785496
8  53  257.42416594284799
9  37  283.72516567565276
10  67  301.47858055091757
11  21  309.88333608089255
12  62  223.69923070906404
13  91  105.60149748147079
14  100  45.071567781037437
15  86  158.91010830677925
6  38  94.585426878382023
7  60  197.59458912242488
8  71  191.18725449769761
9  59  175.65259774656403
10  76  158.3622327388463
11  76  210.0981857231717
12  95  79.987886888276194
13  62  271.1715224833892
14  87  163.35388327963813
15  67  274.7205985781365
6  47  164.76134469067316
7  66  154.5970204673834
8  89  88.018920836747114
9  68  225.22438533529606
10  79  139.78851143425027
11  88  139.16837391073247
12  81  126.91857180442544
13  76  224.62366854072511
14  64  330.64901604933567
15  87  108.24805083215421
6  28  106.20644303767168
7  76  145.66405008482852
8  24  259.46186879233443
9  42  178.60465302165665
10  88  109.26445052703416
11  56  214.65277851309122
12  64  251.23433450814647
13  91  109.38486357000761
14  76  252.43733436446325
15  94  86.873020581554826
6  49  103.26863164286472
7  69  140.25664593062496
8  47  247.59317672510193
9  84  112.7921075355637
10  82  161.1784699199213
11  62  231.91424193879251
12  86  165.65845298379887
13  93  111.930829359222
14  90  140.58552048576544
15  73  261.22236145031553
6  21  248.98565705412724
7  24  116.7916266319379
8  92  84.509871369579542
9  77  164.23602486927686
10  96  63.564425427825256
11  74  156.04097222636673
12  88  127.10219104071339
13  97  67.429480657670823
14  94  110.78316064785541
15  88  154.28881366794886
6  35  196.34771841025398
7  71  124.67545688444598
8  30  144.92400691891166
9  93  83.04163503025967
10  71  164.98699829891973
11  100  64.489035038291718
12  100  71.183635724679448
13  82  166.25976632716359
14  59  315.65843846420313
15  85  132.55139084241364
6  52  157.88607474858134
7  76  131.38972141624464
8  61  135.65130718428179
9  95  82.727530029860404
10  86  161.29081550328596
11  66  227.63868961670912
12  77  142.83997776325185
13  80  223.28491621432659
14  91  97.45970145986162
15  91  140.6218498212391
6  32  162.65023688181054
7  71  118.13787859199603
8  75  111.49637966768556
9  88  90.537715178665707
10  67  213.06764462016926
11  72  231.46650636361056
12  79  151.36098390378285
13  90  127.08879060322441
14  100  71.076727201218418
15  100  53.661878819061208
6  33  75.852438793078306
7  84  80.910784777620933
8  50  253.5677574264393
9  91  83.425936597339614
10  61  274.68233875563607
11  52  171.49289760444051
12  83  123.849533659225
13  75  204.23578868491728
14  59  285.03907491113091
15  97  84.654033808032622
6  52  165.54873176822949
7  66  56.41265952515149
8  100  66.460145097298891
9  53  235.05346603365462
10  49  276.73494141477664
11  70  228.40447326272377
12  78  184.1851833743487
13  95  92.76552774844447
14  99  52.320449527899285
15  86  115.5154498675176
6  52  114.68206032066414
7  78  92.381813383035919
8  84  123.33142119367771
9  75  127.10374743444171
10  83  131.84478669160868
11  85  141.63503954426361
12  91  79.334820640979942
13  79  163.50312516176535
14  89  102.45319381527221
15  87  129.93594051301818
6  88  88.402264863900641
7  30  236.87108205398246
8  80  129.96610407895335
9  76  141.91932970953465
10  86  143.92665051532279
11  88  131.55976514198062
12  83  170.82402956823742
13  99  61.90117621582187
14  85  142.16934628982557
15  83  196.7403813889116
6  66  116.40083388804547
7  54  173.04466544633209
8  98  81.797935481289798
9  76  167.01759050814186
10  79  157.0600937303214
11  95  86.141704939570971
12  79  175.44388179165955
13  68  217.10033838355767
14  92  109.8563701682307
15  91  131.20192242531166
6  74  104.77686007587023
7  48  160.52653831298022
8  73  114.24592878467953
9  72  178.33596372772701
10  47  203.65523514455083
11  74  193.09780008044422
12  86  107.63117755898388
13  68  194.4933396363482
14  78  205.63238324777839
15  96  107.01435031834792
6  44  87.411162752790233
7  77  122.37491135938646
8  74  132.21895783869743
9  78  182.24397794970426
10  78  130.6619441374923
11  93  94.095733749531178
12  67  143.22953117851694
13  65  154.22443266750491
14  69  212.27123662926823
15  91  144.01972134678368
6  91  82.650673330158057
7  82  106.77935940500865
8  14  225.0068438934656
9  84  171.52337703217194
10  47  240.19716543936283
11  49  304.55126959244785
12  81  126.93883596186809
13  85  168.96863144987637
14  98  69.42905140662954
15  63  335.56785978494133
6  48  147.32006007048074
7  28  215.63584414523459
8  54  200.05715592584988
9  68  99.210713153959418
10  43  189.89247113496907
11  67  209.62907673084109
12  84  143.6067958057902
13  78  185.75786327813879
14  66  256.81562560940006
15  100  47.617955555277796
6  75  110.3379750360787
7  45  221.23344104027123
8  57  223.85095108604509
9  50  233.07804773338023
10  83  118.59226548379813
11  75  180.12476853139367
12  74  164.58059520749796
13  79  158.80998452902702
14  86  154.81379141543817
15  99  70.391933374869609
6  53  142.56766043413944
7  40  183.54942752107416
8  70  73.187625527162638
9  88  80.380747794586497
10  84  129.43570911864802
11  94  74.941603385497132
12  74  190.15097542772571
13  49  357.71112705669293
14  64  243.71991587816856
15  96  107.45861569702966
6  28  253.25802743963814
7  53  181.75446645031897
8  78  141.54642512813257
9  88  113.82695518567913
10  65  228.16226954296471
11  77  169.50696913416999
12  89  108.0965751812159
13  84  177.13980283555082
14  71  192.24044113786059
15  89  146.86634942363472
6  63  124.32578226237051
7  54  245.94759076926857
8  36  274.86706938690156
9  52  194.73128204431296
10  69  199.71574998462515
11  71  188.26020146540165
12  96  82.179719773947355
13  99  58.36424435991762
14  63  274.01328896795849
15  99  43.34562435171884
6  69  175.42622939968552
7  86  92.30355858948424
8  72  169.6966538394868
9  49  276.38464077881633
10  77  167.64537434190098
11  80  135.41002222967631
12  81  178.63084241433648
13  84  148.2385861178482
14  83  160.41802585836692
15  85  151.92396500304449
6  26  110.75660056577347
7  41  182.20658468387359
8  57  151.84055323340402
9  73  142.87213095410939
10  74  131.62828203808817
11  39  126.57904074999868
12  97  76.326011150078173
13  75  176.04052446128338
14  95  107.99684963668001
15  100  63.856620361403643
6  42  181.31892666009799
7  32  162.76466682691853
8  45  150.45034757835793
9  72  160.0036453876838
10  67  200.48064784567021
11  97  55.000600898268516
12  72  199.94686715660541
13  93  84.09853399268502
14  85  102.21709932855704
15  100  53.611738122506054
6  58  116.45285091771743
7  61  69.113394080671384
8  61  123.33868953373694
9  51  284.77882919085033
10  50  255.883911044944
11  86  102.26750445021884
12  61  239.48554450243944
13  76  207.87882725688024
14  96  84.125210047222566
15  77  203.92795636525088
6  18  147.65851520184074
7  46  145.58459110637688
8  87  102.53186332022374
9  50  321.65132211034177
10  68  185.23637506307648
11  92  71.434544554526838
12  80  167.03477070815291
13  97  53.201214163349896
14  76  235.79317696142883
15  87  145.91300949526391
6  78  99.02084328059307
7  61  152.52119912816326
8  46  201.7463498125675
9  38  207.79654247317242
10  98  65.483487412767644
11  54  200.20174519948677
12  67  179.09544222182407
13  97  60.392732796530119
14  94  95.251955115602328
15  91  103.80066459785274
6  76  135.8987225592021
7  48  37.551356262862647
8  52  119.13339108357385
9  62  135.81573340878046
10  60  186.10666038401743
11  77  167.59395545406008
12  58  288.81507110041156
13  88  135.17579221925348
14  100  57.714480743484778
15  81  177.81959617264826
6  57  128.31505554456876
7  70  90.852859546183126
8  63  161.34465083467768
9  99  59.164811514013046
10  100  66.779875327568547
11  59  288.42213798238583
12  73  202.86310912135681
13  96  63.097322580918572
14  74  186.86374664541589
15  91  115.86894811101597
6  40  198.64848859509513
7  40  164.22072868709634
8  82  116.9111173591499
9  71  153.34354728463424
10  95  74.773688060970059
11  87  123.32367180857315
12  87  107.57281424682097
13  95  98.013442309268967
14  94  103.4026556177341
15  74  260.37740385304397
6  31  116.7716581196366
7  58  131.85906362585433
8  81  121.71611649730869
9  78  117.34020686272423
10  94  103.13673616332963
11  83  169.78794489780714
12  75  235.88480327877824
13  72  222.43230122181964
14  74  215.88915589938614
15  69  318.20820585733128
6  86  104.20472912080361
7  70  132.9184026282781
8  54  148.37562538804067
9  47  187.70658530392512
10  56  323.6287929055199
11  81  152.36731642466864
12  92  97.117569440074163
13  78  152.88658571718494
14  86  157.59603781574293
15  84  144.61638709757369
6  53  191.34293609421974
7  51  178.23362581799367
8  95  76.31271144427258
9  69  183.11626081693237
10  64  140.1539865209501
11  95  69.461684877279623
12  97  67.220973362007683
13  100  64.303314887396752
14  91  118.06205085790171
15  86  153.65604350877513
6  54  134.05920604820054
7  66  117.98848684355293
8  68  138.95646465186064
9  85  153.37968407463197
10  90  79.593811811211211
11  92  87.618835283594024
12  83  118.64346998276179
13  89  99.025322303621437
14  67  288.89313368855551
15  54  349.13155866204795
6  43  156.40854061486024
7  42  102.97944034776273
8  75  95.013933174739321
9  68  138.81802777748686
10  60  243.48029470910532
11  92  117.6820840093216
12  91  113.97600763641962
13  75  213.29650570901856
14  86  134.36822588010429
15  87  156.12997885085176
6  71  104.88379323486859
7  46  185.79024803667411
8  81  58.377464798938696
9  65  203.65044317129767
10  78  166.00447234734366
11  100  48.385747171049836
12  88  55.238273424949426
13  90  128.56715215301827
14  65  216.52217055755577
15  73  224.70594247786246
6  100  70.482315791353045
7  64  131.57441445681141
8  69  127.88219903749115
9  84  92.853746274003157
10  82  126.9084054643273
11  72  89.683968584037842
12  56  121.0416227273152
13  96  79.168887587075048
14  58  308.01721774558871
15  91  69.592469132160915
6  6  102.8117620245673
7  44  216.71547142047802
8  86  112.65238052180057
9  47  261.97242796284263
10  94  61.035234984956794
11  84  110.78335093583641
12  96  89.911808040385182
13  66  261.16263376341368
14  96  76.482838393694138
15  93  121.49176907279985
6  47  231.48040706070253
7  68  88.629875756671098
8  90  99.329161294068982
9  82  150.90282905523262
10  96  63.840472065271044
11  70  201.19623796068083
12  100  65.916833024126902
13  62  254.70121074018314
14  89  100.78600468133733
15  83  191.46184538916319
6  26  186.0446803788121
7  33  99.122940597594223
8  80  125.54878997956996
9  95  66.451067014208732
10  83  102.71468993549972
11  81  119.54948687361664
12  81  163.41415717114512
13  84  132.83150827811497
14  83  141.45774710249788
15  87  123.79957223838805
6  69  111.86587448030426
7  81  66.72697836928586
8  29  198.65275691123114
9  71  166.75317629939099
10  54  106.62982235513979
11  99  68.618846384987705
12  80  159.78788845648901
13  92  96.311467659101893
14  90  120.86064835955951
15  94  106.08480239456047
6  17  143.16065852816453
7  40  164.47847025096991
8  68  179.66794797098197
9  56  161.27570181495426
10  66  188.35052002175914
11  56  306.12152376640518
12  93  125.1778937092777
13  75  211.93094338485238
14  79  217.00885593943619
15  97  76.617701721830258
6  63  98.961798395446039
7  55  140.32353919135392
8  30  186.65558698496267
9  89  82.721647377048953
10  78  172.88995897794837
11  66  278.74655892088305
12  93  95.994976729511293
13  92  81.076910388754982
14  81  139.55829130491995
15  91  113.95469595245187
6  63  168.42043470595439
7  23  148.54466567121128
8  75  126.7490870864757
9  81  117.60585943509865
10  77  151.66521225506787
11  88  120.03142616838488
12  88  141.98067371487366
13  99  54.609503567554221
14  85  161.41296046472254
15  57  272.75439744745773
6  40  173.45372773774204
7  47  168.4252132767007
8  61  208.92416745405498
9  53  310.29919552435825
10  87  118.16586403685095
11  74  187.35000526055779
12  85  105.1448056143013
13  89  141.5598327697875
14  74  218.14331256368956
15  77  212.07439878737253
6  62  199.4573953671605
7  66  122.4807655530081
8  56  235.78542367665474
9  16  265.77668787643091
10  56  226.16285942009355
11  92  82.211742556796594
12  86  129.22858003271128
13  83  148.22336744220127
14  87  152.15373256742197
15  82  185.45974386681038
