10  58.666666666666664  463.94108584060587
15  83.0  327.78234635618537
20  77.666666666666671  491.70385820223385
25  85.666666666666671  354.93115531610943
30  91.666666666666671  361.47779188636304
35  94.333333333333329  321.21821435694665
40  88.333333333333329  498.7174855657031
45  96.333333333333329  291.00036832246462
50  97.0  277.60992141984542
10  70.666666666666671  355.28771988789242
15  86.333333333333329  341.37787378874231
20  85.333333333333329  426.69335408617781
25  86.666666666666671  373.4109341132301
30  92.666666666666671  364.78361183790025
35  88.333333333333329  444.45445676489692
40  92.0  385.44805658389402
45  94.0  322.73059430470272
50  87.666666666666671  492.10805076610461
10  53.0  464.73276461722094
15  75.666666666666671  469.81373184481345
20  82.666666666666671  423.3543046170098
25  76.0  537.31076864036186
30  94.0  316.16703035156297
35  90.0  388.36008022096911
40  94.666666666666671  337.57605596772135
45  93.666666666666671  346.15923936368392
50  87.333333333333329  491.70760599631512
10  56.0  432.0786254331415
15  77.333333333333329  426.07238991839398
20  87.333333333333329  372.79686281041069
25  87.666666666666671  398.54613334294089
30  78.666666666666671  553.90302852719662
35  88.0  458.77421676058532
40  94.0  344.38435048153457
45  92.0  378.29130164812653
50  98.0  237.4849936277821
10  49.333333333333336  569.47216200344292
15  67.0  449.52257593580197
20  90.333333333333329  310.60037365987324
25  91.333333333333329  327.84320095106023
30  92.0  362.80318150211463
35  90.0  389.93869591313756
40  92.666666666666671  366.79916650436707
45  85.0  604.06132234018139
50  97.666666666666671  243.5511449550458
10  61.666666666666664  472.04183880080058
15  73.333333333333329  400.3696363897414
20  63.0  596.27889000670166
25  88.0  401.08151819131541
30  87.333333333333329  455.57653912645532
35  90.666666666666671  414.38386209794402
40  93.333333333333329  355.1100698224501
45  98.0  242.30576094228996
50  96.0  263.96017736038061
10  63.666666666666664  436.04011011848212
15  72.333333333333329  360.25732676349634
20  87.666666666666671  348.36770524165627
25  79.666666666666671  487.91946348819766
30  84.666666666666671  556.3036646670331
35  93.0  355.52037310462464
40  81.0  670.40671528971643
45  92.0  402.10914931954886
50  98.0  238.26004033520363
10  73.0  394.68363687726082
15  73.666666666666671  463.42206397101455
20  89.0  300.99668579805336
25  92.0  313.33117517613482
30  93.0  352.98946036079502
35  87.333333333333329  500.20126484815893
40  97.666666666666671  253.73585261034154
45  90.0  425.22256013673751
50  92.333333333333329  385.66874833408315
10  61.666666666666664  472.37048150482724
15  84.333333333333329  326.72185618900886
20  89.666666666666671  380.50526564482936
25  89.666666666666671  374.98119274842054
30  90.333333333333329  427.83852808163471
35  93.0  318.47394365993063
40  94.0  338.96056372782914
45  95.333333333333329  307.45275497166364
50  88.666666666666671  476.01715682516254
10  63.0  364.61336111204264
15  78.0  440.36211332669859
20  89.666666666666671  343.34104108288017
25  89.333333333333329  334.62310064436787
30  88.333333333333329  453.29591764808663
35  94.0  336.07129820868721
40  95.0  322.24006553893656
45  98.333333333333329  224.83435759812235
50  94.0  333.12484047138878
10  83.333333333333329  333.94658458838535
15  75.0  404.36715508385794
20  92.333333333333329  293.06930722755618
25  88.333333333333329  459.075507332352
30  84.666666666666671  501.15752161453179
35  87.0  480.72997220432541
40  93.666666666666671  326.8086369250625
45  95.0  308.99046372703322
50  94.333333333333329  310.02183769395987
10  67.0  367.89942428521221
15  76.333333333333329  412.31331674065922
20  66.0  757.67476308220319
25  86.0  427.07239575030286
30  86.666666666666671  486.13613405510824
35  84.333333333333329  562.75099733324532
40  85.0  535.56675724562865
45  95.333333333333329  297.52496075430622
50  96.333333333333329  260.249483665958
10  72.666666666666671  349.68796870204312
15  79.0  489.32094484523924
20  85.0  406.7588178597465
25  76.666666666666671  569.62231726269499
30  97.0  255.72456253862308
35  83.666666666666671  585.03122647464204
40  99.666666666666671  186.97595423252039
45  85.333333333333329  549.93097344919545
50  96.666666666666671  255.9795409094524
10  73.0  410.24993662359691
15  88.0  373.51070571828944
20  83.333333333333329  421.67173306302846
25  89.0  373.57399917433617
30  85.333333333333329  524.83970707057017
35  93.666666666666671  345.34336772764914
40  95.666666666666671  285.53187946752718
45  88.0  481.06015776801712
50  98.333333333333329  227.08983188739182
10  73.333333333333329  340.67387701326891
15  83.333333333333329  357.00919815895827
20  84.333333333333329  427.78291138944121
25  93.0  310.07109452631818
30  87.666666666666671  449.8618158461374
35  91.0  398.41187704023105
40  93.666666666666671  314.07289692642166
45  99.333333333333329  239.44642104836532
50  95.666666666666671  269.28717576995462
10  64.333333333333329  413.98915999135556
15  79.333333333333329  404.96443474618729
20  82.333333333333329  436.62633573088675
25  89.333333333333329  383.95812141302855
30  95.333333333333329  309.741680154905
35  86.0  523.80630499013955
40  98.0  232.35169677796659
45  95.666666666666671  317.87014144208553
50  97.333333333333329  253.66359748580535
10  59.0  381.94427784702094
15  65.666666666666671  520.72321952113816
20  76.666666666666671  552.28211004419722
25  96.0  282.37016889198185
30  97.666666666666671  233.5700397152076
35  88.0  459.29425436692321
40  82.0  561.49429514908513
45  93.666666666666671  328.13329012722778
50  98.0  264.49102989442923
10  80.0  355.40228696734766
15  78.666666666666671  387.9705100730468
20  73.666666666666671  568.90160100565174
25  78.0  576.34594754514751
30  90.333333333333329  445.21360217977156
35  83.0  515.31008536844536
40  94.0  328.58874418445009
45  96.0  308.27741367769522
50  96.0  285.69378526646449
10  52.0  475.54063443906665
15  77.666666666666671  390.96436242735609
20  75.0  482.79758074935842
25  80.666666666666671  545.83378833306642
30  81.333333333333329  556.29125993929472
35  93.0  343.62055786656362
40  90.0  390.36394142659634
45  99.333333333333329  190.23101681486418
50  98.333333333333329  229.84348175831622
10  78.666666666666671  381.88185949417726
15  85.0  381.38397580487867
20  89.666666666666671  368.58988804562165
25  88.666666666666671  383.62217441498228
30  92.666666666666671  324.74399864964795
35  91.666666666666671  377.06503943383842
40  93.333333333333329  323.6833226408915
45  96.0  291.34122473652855
50  95.333333333333329  312.5610353549655
10  88.333333333333329  269.12127678927203
15  79.333333333333329  449.66591853026432
20  84.0  469.57602247653352
25  91.666666666666671  349.36403922120752
30  85.333333333333329  540.21525633379724
35  88.0  449.88591246036373
40  90.333333333333329  441.34996440195761
45  92.0  381.35580889003865
50  89.0  475.29998885286045
10  68.333333333333329  419.44176140401589
15  65.0  592.92395361401816
20  80.333333333333329  488.2754903361033
25  83.0  453.90298157328965
30  94.0  354.79871422231372
35  86.333333333333329  500.03282647991239
40  91.666666666666671  409.59039462510589
45  93.0  362.5923818792632
50  95.0  294.46458293491452
10  68.0  463.04276986926959
15  79.0  349.12829937200598
20  75.333333333333329  496.92953572471498
25  86.0  331.29725058383229
30  88.666666666666671  409.96594631929548
35  91.333333333333329  390.86298817789572
40  91.333333333333329  372.16585701208805
45  89.333333333333329  451.8146981362168
50  88.333333333333329  479.85782070715265
10  72.333333333333329  442.72826127225301
15  79.0  383.75283026000113
20  77.666666666666671  520.81808554831559
25  90.333333333333329  379.33434279418805
30  80.0  593.05101660192054
35  85.666666666666671  511.96710583703185
40  92.666666666666671  390.67395469936599
45  97.333333333333329  258.61497252591613
50  89.0  441.54621887126319
10  77.666666666666671  364.37305526619747
15  79.666666666666671  398.36585560626247
20  78.333333333333329  458.42899969291256
25  94.0  292.95240695947456
30  80.0  634.76048962461368
35  93.0  333.21941324562255
40  84.666666666666671  462.09056734810588
45  86.333333333333329  522.84330943430371
50  98.333333333333329  246.943427949739
10  65.333333333333329  438.37700040274302
15  73.0  469.74644382501441
20  86.666666666666671  394.82980398939225
25  89.333333333333329  396.64788093615607
30  87.666666666666671  499.70785551824594
35  89.333333333333329  442.40122104888979
40  93.666666666666671  328.29319009202675
45  92.333333333333329  377.55254266489425
50  99.666666666666671  179.33558123881764
10  85.666666666666671  311.31246374344875
15  78.666666666666671  452.79544998374644
20  83.333333333333329  471.87718959657303
25  89.333333333333329  421.63527778853938
30  88.666666666666671  402.35377822312557
35  82.333333333333329  632.88081036769518
40  89.0  487.6314444571201
45  90.666666666666671  437.69984650306105
50  96.333333333333329  273.78316821684393
10  77.0  324.61075960058554
15  81.666666666666671  342.98419342820222
20  87.666666666666671  390.01049364305919
25  84.666666666666671  447.36551698345983
30  91.666666666666671  347.1790401727489
35  83.0  578.70407871026578
40  92.666666666666671  305.28819943767093
45  95.0  286.34517443243072
50  97.0  255.0569056505484
10  75.333333333333329  370.28923620690881
15  77.666666666666671  388.98274360498169
20  80.0  469.49112443253443
25  75.333333333333329  582.42465530887716
30  93.0  339.48827921808703
35  95.0  319.73068724576808
40  87.333333333333329  460.98389447619383
45  90.666666666666671  440.84930578861315
50  93.333333333333329  353.01639478702583
10  72.0  373.54749412289141
15  78.333333333333329  378.30031763044457
20  80.0  465.61233813155496
25  97.333333333333329  257.42282517785958
30  77.333333333333329  671.10089170091476
35  95.666666666666671  284.04011984595411
40  84.666666666666671  551.5164810187523
45  93.666666666666671  331.11129354275596
50  97.666666666666671  225.18696970836191
10  67.0  407.93424836429199
15  66.666666666666671  594.40436991527179
20  79.0  549.81736580253892
25  77.666666666666671  538.945139371084
30  83.666666666666671  584.04744847656082
35  91.666666666666671  386.94746415490528
40  94.666666666666671  332.0648244843764
45  83.666666666666671  599.05781793300127
50  95.666666666666671  267.86651626494182
10  69.666666666666671  377.79720538957423
15  76.666666666666671  461.25974006492942
20  78.0  435.60850754568099
25  94.333333333333329  286.23620928384247
30  87.666666666666671  449.78454852161923
35  79.0  651.0681785533319
40  96.0  253.71635764601345
45  90.333333333333329  412.62057776688073
50  93.666666666666671  346.50882589682311
10  79.0  330.09352667689643
15  90.666666666666671  311.21166498128696
20  80.0  496.60514237263317
25  79.666666666666671  586.40817474807523
30  83.0  565.41906199154948
35  91.0  390.15907644857555
40  89.666666666666671  423.37509805557755
45  93.333333333333329  361.48199770035973
50  95.0  315.31155417009592
10  72.666666666666671  328.97373284781463
15  72.333333333333329  451.98223082788985
20  79.333333333333329  442.90522131594673
25  91.333333333333329  363.91748001180099
30  91.0  357.13510403250353
35  89.666666666666671  416.2446737336553
40  98.333333333333329  234.1305224854992
45  91.333333333333329  403.9417787980754
50  97.0  275.10613776148972
10  68.333333333333329  341.82307779827306
15  81.333333333333329  372.52257754523254
20  83.0  428.54546636213945
25  89.0  355.60844889509121
30  79.0  529.09873386387767
35  88.333333333333329  481.72474782498517
40  93.0  355.14386036051462
45  85.333333333333329  540.95988648279729
50  95.666666666666671  273.64692592233041
10  67.333333333333329  412.57565516641682
15  81.666666666666671  394.00210885572653
20  82.666666666666671  457.38140232520868
25  88.666666666666671  416.94583637347932
30  94.333333333333329  296.41183037863277
35  92.333333333333329  334.49921781931124
40  89.0  476.76795744612269
45  95.333333333333329  297.45141162810643
50  93.333333333333329  345.12539904110383
10  66.0  322.10223687576979
15  70.0  444.71490556644562
20  73.333333333333329  569.6421680971788
25  83.333333333333329  539.26864326330781
30  95.666666666666671  238.13282426234437
35  94.666666666666671  290.8394668151783
40  93.333333333333329  345.13077837873783
45  95.666666666666671  290.39070100400028
50  89.0  465.03325167129918
10  48.0  472.12508806063482
15  75.0  427.60566852406049
20  84.0  473.68602450080084
25  83.666666666666671  476.95868320954554
30  98.0  253.7753740636206
35  92.0  387.19280819618285
40  94.0  332.58703419378918
45  95.0  310.07187125420842
50  92.0  366.80085757240334
10  68.0  407.62922301833925
15  70.333333333333329  582.11731823515743
20  90.0  360.47408405131466
25  86.0  436.71734395134166
30  82.0  516.79249538668375
35  92.0  394.07875940100917
40  98.0  270.51396039968307
45  91.333333333333329  417.60552707970481
50  97.333333333333329  225.90792324825344
10  48.666666666666664  495.7441832073448
15  91.333333333333329  271.88356464168953
20  83.0  404.67760303017849
25  88.0  404.31390371821448
30  96.333333333333329  265.92517995406791
35  95.333333333333329  304.26459203583585
40  93.0  317.32669001552159
45  91.333333333333329  415.50670524803542
50  93.0  320.11258748847246
10  68.0  434.65785318266569
15  75.333333333333329  391.41899158288169
20  87.666666666666671  379.10762038494107
25  85.333333333333329  457.98379020734933
30  90.666666666666671  332.50738317089895
35  95.333333333333329  304.83528004483867
40  96.333333333333329  281.62166392107389
45  94.333333333333329  322.28616925081297
50  89.666666666666671  436.2589790840313
10  73.333333333333329  379.55163257294549
15  69.0  389.77349242230321
20  78.0  498.27271349173958
25  83.0  497.4776742392886
30  86.333333333333329  503.18428071352804
35  89.0  462.25634195563407
40  89.666666666666671  423.38862436880265
45  93.666666666666671  348.42146298026006
50  98.666666666666671  210.14226960377104
10  77.333333333333329  306.29963247277283
15  60.666666666666664  661.10103550618044
20  81.0  471.2830694573218
25  86.666666666666671  451.38103309649847
30  92.666666666666671  345.86761860181701
35  94.333333333333329  355.50898050824435
40  100.0  190.28488413316481
45  91.333333333333329  380.02817567128977
50  94.333333333333329  322.84528271574868
10  62.0  447.81067855609979
15  74.666666666666671  438.96192197442349
20  76.666666666666671  530.415676607931
25  86.333333333333329  394.85933588323809
30  87.666666666666671  436.36638995822074
35  87.666666666666671  507.75307837917296
40  96.0  300.72099188301218
45  95.0  319.35243807504747
50  93.0  352.51350495697545
10  54.666666666666664  451.73295745721646
15  78.333333333333329  364.80332077236937
20  84.0  392.13273079944162
25  90.666666666666671  366.75445456430725
30  93.0  304.63865133305143
35  97.333333333333329  259.11219330317203
40  93.0  376.03864661477741
45  96.666666666666671  259.95335142673434
50  89.666666666666671  419.20889659927138
10  72.666666666666671  394.84201534171837
15  81.666666666666671  381.909922993512
20  75.0  576.80517718563351
25  86.333333333333329  419.07145397075789
30  85.333333333333329  455.34428225235206
35  99.0  218.94402995282249
40  88.666666666666671  454.95836857705558
45  95.333333333333329  293.67394820433566
50  96.666666666666671  290.14579073648054
10  74.666666666666671  347.28927651282135
15  67.666666666666671  510.81975816135861
20  76.666666666666671  543.85873016330333
25  79.666666666666671  553.32947896762039
30  86.0  511.63356000263462
35  95.333333333333329  313.70736293647326
40  90.666666666666671  403.78757673560762
45  91.333333333333329  414.81058284504223
50  89.666666666666671  436.13109163848605
10  58.666666666666664  379.22852588039103
15  94.333333333333329  250.14033297858347
20  89.333333333333329  360.7903002711945
25  83.0  549.06525339920006
30  89.666666666666671  414.09602971957702
35  91.0  370.65341812745282
40  85.666666666666671  549.20359015064287
45  91.333333333333329  389.72279475128045
50  98.0  222.98329157378421
10  77.333333333333329  282.79650817004529
15  75.0  429.80041930620018
20  87.333333333333329  407.31811798748424
25  85.333333333333329  474.73347892189935
30  91.0  363.73336836253901
35  93.666666666666671  346.66460658895818
40  95.333333333333329  312.38638816463322
45  90.666666666666671  429.89832966210435
50  96.0  277.78616030667376
10  73.666666666666671  328.29133054002614
15  85.666666666666671  278.12128859828454
20  86.666666666666671  391.59264129203973
25  79.666666666666671  513.5757589210732
30  95.666666666666671  286.23655921030542
35  97.333333333333329  261.97281248453311
40  93.0  357.71059355245518
45  94.333333333333329  342.64009836897458
50  91.333333333333329  379.32261974917259
10  71.0  388.56626126782498
15  75.0  471.46297666697012
20  77.0  542.2769539999565
25  80.666666666666671  515.28108589811688
30  89.333333333333329  449.79001214018211
35  86.666666666666671  474.22537619057351
40  94.0  346.33758763095739
45  97.333333333333329  245.14867138116469
50  94.666666666666671  330.68238603002641
10  77.666666666666671  336.80498418119316
15  74.0  474.00277166949888
20  86.333333333333329  401.37880573258587
25  92.666666666666671  301.89545217210139
30  83.333333333333329  496.51711430022607
35  92.333333333333329  319.6156455008217
40  97.666666666666671  253.61220485792074
45  95.0  320.1357783133958
50  92.666666666666671  379.56003173562937
10  84.666666666666671  334.04112805845818
15  77.0  467.51912616848011
20  62.0  691.21022349667669
25  81.0  456.67321139318994
30  90.0  389.93995639464322
35  94.333333333333329  351.08351647162618
40  95.0  283.04524199423594
45  93.666666666666671  357.46566156041541
50  97.333333333333329  236.10488803765756
10  67.0  356.29013984616512
15  78.666666666666671  400.11695076883797
20  85.0  385.89512877591466
25  93.0  340.58722382638206
30  86.666666666666671  482.62810433100543
35  89.666666666666671  416.37806179093633
40  95.0  309.1602462512941
45  94.333333333333329  336.61058187781953
50  93.666666666666671  362.02158010060634
10  50.333333333333336  509.90768423575071
15  85.666666666666671  381.10459595540181
20  83.333333333333329  380.77150758611447
25  77.666666666666671  552.83842085032074
30  86.333333333333329  492.54697004328426
35  88.666666666666671  450.0420171107711
40  92.666666666666671  354.36772683288797
45  97.333333333333329  254.91795438862641
50  94.0  348.67142611797573
10  68.333333333333329  393.44943776833145
15  64.666666666666671  440.1153369849506
20  73.666666666666671  577.78596330060657
25  85.666666666666671  444.08536904713725
30  90.666666666666671  425.80554387315237
35  93.666666666666671  316.04443984344812
40  81.333333333333329  594.96686604499473
45  93.333333333333329  357.82493314164782
50  100.0  191.63610444830636
10  59.666666666666664  489.46925954788702
15  89.0  301.73701946804016
20  90.666666666666671  335.30283345578044
25  90.0  373.99378592634997
30  93.0  329.52655303712072
35  91.666666666666671  365.22394816169822
40  94.0  331.7618506989358
45  92.666666666666671  337.14437951059938
50  98.0  238.59762399868723
10  61.0  423.58948395103675
15  85.666666666666671  378.78291486266869
20  83.666666666666671  408.96922792185751
25  87.666666666666671  429.94734434219481
30  87.0  448.77783924491797
35  93.666666666666671  321.25790033029796
40  93.333333333333329  359.64584865571146
45  98.666666666666671  231.67491302193301
50  90.0  436.460728249613
10  75.666666666666671  322.28402630016677
15  79.0  456.96144618648816
20  82.666666666666671  483.46582779960858
25  93.333333333333329  289.63005116383835
30  90.0  335.50442261521164
35  92.0  398.92258016218631
40  96.0  281.045970536173
45  97.666666666666671  236.88680826015946
50  96.0  238.04950299256117
10  80.0  385.1252681732945
15  74.0  423.66792013248289
20  78.0  470.84083220937441
25  94.333333333333329  296.69476580458456
30  85.0  522.99253679075844
35  80.0  667.14099064243658
40  92.0  387.41044841193457
45  94.0  352.34275298572669
50  99.333333333333329  229.35906796445678
10  77.333333333333329  358.80081186290107
15  78.333333333333329  369.9268935397302
20  82.666666666666671  439.13671364138378
25  84.333333333333329  467.81114082126948
30  88.0  421.53084956942939
35  89.666666666666671  479.97778324564882
40  93.333333333333329  368.83586565470841
45  98.0  251.35997237906361
50  94.333333333333329  325.32911552911651
10  93.0  278.93572645683355
15  84.0  325.40769391920645
20  87.666666666666671  376.28501940436723
25  89.0  332.56045236581309
30  88.333333333333329  461.65146919021583
35  92.666666666666671  372.02775579525621
40  91.0  421.95834061379702
45  90.333333333333329  430.11638361259719
50  97.333333333333329  259.8291999413853
10  81.333333333333329  291.97975244496416
15  85.666666666666671  340.00854099320804
20  81.0  542.58557956542734
25  74.0  716.85047917452482
30  88.0  420.60470951162227
35  90.666666666666671  389.18808062124788
40  94.333333333333329  343.97990399650752
45  93.666666666666671  322.35159696876497
50  96.0  271.82414402698447
10  69.333333333333329  445.23356090352445
15  66.333333333333329  407.22320532912761
20  74.666666666666671  506.67860317592721
25  94.666666666666671  297.83603284062775
30  87.0  491.06783513240623
35  87.0  507.47060392726814
40  93.666666666666671  362.81920319035754
45  92.666666666666671  353.21929055811171
50  97.0  256.90905676124828
10  59.0  446.21491587441614
15  72.333333333333329  525.43027914220954
20  86.0  414.09735143980032
25  83.333333333333329  488.95619781827344
30  93.666666666666671  311.24045264358023
35  92.0  386.12860890928442
40  96.333333333333329  293.63423747759242
45  94.0  328.51107066814046
50  95.0  300.36926579217084
10  72.666666666666671  407.43225527933771
15  86.666666666666671  355.68260707556016
20  77.666666666666671  497.27154277016359
25  82.333333333333329  428.32379520318943
30  88.333333333333329  498.17995918332264
35  90.333333333333329  413.34178029282361
40  94.666666666666671  300.62571713900115
45  95.333333333333329  318.43465457117469
50  97.0  241.54126534653216
10  37.0  612.83915921013238
15  81.333333333333329  398.51934377198313
20  83.333333333333329  520.24626066503652
25  78.0  553.85340717312863
30  92.0  388.09283680424858
35  94.666666666666671  307.54356838850441
40  96.0  264.58089985520837
45  97.666666666666671  251.00139531664439
50  93.333333333333329  352.81412189290756
10  67.666666666666671  404.63200707136269
15  70.333333333333329  533.70336947933788
20  81.333333333333329  474.09727670117928
25  91.666666666666671  309.52780867557078
30  86.666666666666671  441.10320173679986
35  95.666666666666671  304.66446963793567
40  90.666666666666671  410.0380621790224
45  95.0  323.0820204068408
50  93.333333333333329  362.55483580501772
10  82.0  318.23043513144455
15  72.666666666666671  570.81204296275655
20  76.333333333333329  568.03600067648665
25  82.333333333333329  508.03301521834618
30  91.333333333333329  354.87566588327473
35  89.666666666666671  329.47449962450378
40  89.666666666666671  444.62130601657776
45  88.333333333333329  479.90956235510077
50  94.333333333333329  293.43625202721603
10  58.666666666666664  450.96343187880973
15  83.0  366.97071381625705
20  75.0  457.59216649067758
25  85.333333333333329  419.10080684080583
30  90.333333333333329  402.45837381679655
35  91.333333333333329  360.62377102911205
40  95.333333333333329  294.18089197906619
45  93.333333333333329  342.33858031780181
50  94.0  329.48129253532949
10  79.333333333333329  349.14637765875318
15  83.0  420.9171759518851
20  78.666666666666671  442.03339032361714
25  84.666666666666671  439.88021588009991
30  95.0  330.60921733169602
35  88.333333333333329  449.03733942009023
40  89.666666666666671  466.1418516216707
45  92.666666666666671  357.16443676806489
50  98.666666666666671  227.84864498064132
10  47.0  444.37589428481772
15  81.0  354.10893333481994
20  87.0  403.06950253659397
25  86.0  410.60519142860221
30  93.666666666666671  292.51743033246896
35  87.0  493.7891195982474
40  93.0  364.35750721705506
45  94.0  356.21070163918051
50  94.0  362.92716027432692
10  70.333333333333329  402.93686386403402
15  82.0  401.29405374723603
20  80.333333333333329  455.82765684000981
25  88.0  412.95385127134722
30  84.0  527.66295761612332
35  90.333333333333329  405.75715823614757
40  99.333333333333329  187.49024140065069
45  94.0  339.3639977730291
50  90.666666666666671  400.14859493109731
10  59.0  450.25645768953979
15  79.0  370.00041607181578
20  85.0  426.98679832090636
25  79.666666666666671  564.88133604241443
30  89.0  437.64027018757929
35  85.0  534.85746265923115
40  94.0  329.45839607485078
45  94.666666666666671  309.57605842279185
50  90.333333333333329  431.6002038976863
10  60.333333333333336  524.09787030736004
15  84.333333333333329  380.1720449282879
20  82.0  381.59705219937291
25  89.0  391.4429986201863
30  84.0  553.54996629743016
35  93.333333333333329  347.40991438751985
40  92.0  336.85795229995045
45  90.333333333333329  431.27429096544063
50  93.333333333333329  345.06713172412327
10  79.0  363.44110154219749
15  81.333333333333329  403.73314790370193
20  88.333333333333329  360.62204380655027
25  85.666666666666671  429.55112648065398
30  92.666666666666671  364.67273345677927
35  83.0  606.45163963651817
40  93.0  335.65372606263634
45  96.333333333333329  261.66319857039241
50  97.0  255.15668211022836
10  73.0  405.83909719426583
15  88.666666666666671  327.62943497014066
20  81.666666666666671  452.13434304699433
25  79.0  459.50385647096749
30  97.333333333333329  252.54726672591514
35  88.666666666666671  437.41386961339168
40  94.333333333333329  326.63630844556172
45  90.333333333333329  440.33933165588638
50  90.666666666666671  398.93123220915061
10  66.0  459.68337997862426
15  84.333333333333329  349.66067992072828
20  81.0  496.56565586681415
25  92.0  347.64503171682355
30  78.666666666666671  673.19242016749365
35  87.333333333333329  472.60386787016375
40  87.666666666666671  511.07885658816076
45  95.0  305.76229920859299
50  96.0  249.46532777898344
10  96.0  208.63467243467181
15  78.0  436.46466896683575
20  86.333333333333329  461.1704096311185
25  85.333333333333329  422.17387713723508
30  88.666666666666671  448.82778404622564
35  84.666666666666671  488.97257265952362
40  95.333333333333329  285.30520414824809
45  95.666666666666671  306.68067911153906
50  97.0  261.88595959820771
10  69.666666666666671  420.89858810120091
15  79.666666666666671  417.66334863935782
20  84.666666666666671  402.06358591370463
25  88.333333333333329  382.87907253129225
30  94.0  297.61953407460965
35  96.666666666666671  265.29792275904839
40  91.333333333333329  407.73288010905708
45  91.333333333333329  407.50864858496351
50  97.0  284.31107093265524
10  63.0  470.00390523956128
15  76.333333333333329  417.67815561969491
20  84.666666666666671  421.61538913028551
25  82.666666666666671  523.05176488671464
30  84.333333333333329  519.65217942040147
35  90.0  432.33569345266102
40  93.666666666666671  339.38516375330653
45  94.0  342.35322892198502
50  91.666666666666671  408.27230342889186
10  64.0  500.80193735158628
15  62.333333333333336  633.10238113186722
20  86.333333333333329  370.35786169372824
25  80.666666666666671  550.3593497258521
30  90.666666666666671  372.16631979198434
35  88.0  500.2300816876816
40  91.333333333333329  403.56344516803063
45  93.333333333333329  321.39101785837357
50  98.0  242.69351383125618
10  70.333333333333329  397.87163018088415
15  83.0  364.86100868525136
20  81.333333333333329  419.30522790673848
25  92.666666666666671  328.33016808985661
30  94.0  328.20524612375164
35  86.0  514.34450371255025
40  97.666666666666671  251.11532172080081
45  91.333333333333329  354.57898696603638
50  94.333333333333329  338.50836513797447
10  66.0  469.75153374073631
15  82.333333333333329  358.24026854064482
20  89.333333333333329  416.40816222414912
25  84.333333333333329  487.14695692555694
30  87.333333333333329  426.60649164681485
35  88.333333333333329  385.01724226740168
40  95.333333333333329  280.48120204321344
45  99.0  211.3387541422006
50  91.0  420.98187693002643
10  77.333333333333329  311.39584552218844
15  79.666666666666671  414.51222165696925
20  80.333333333333329  412.60589515476045
25  76.333333333333329  587.18536373476138
30  80.0  550.40149373014231
35  89.666666666666671  440.37598681806952
40  89.666666666666671  448.02530368746233
45  94.666666666666671  283.42115685893469
50  97.0  256.44501890549247
10  67.0  403.93044877344619
15  84.666666666666671  358.08251437817302
20  78.333333333333329  509.67003231671401
25  89.333333333333329  327.25593969512721
30  91.0  412.89253448157302
35  98.333333333333329  228.08403566939941
40  89.0  448.82890955626033
45  98.333333333333329  213.72556170638347
50  96.0  286.51197344856905
10  61.666666666666664  453.78908297199854
15  79.666666666666671  419.08849182744569
20  71.0  533.94461810340863
25  93.333333333333329  342.17680039677077
30  95.333333333333329  299.01055137749324
35  92.333333333333329  350.10612799732553
40  89.0  422.74474602923931
45  99.0  202.86221663042267
50  97.666666666666671  239.24654978153086
10  73.666666666666671  352.58388810220538
15  72.666666666666671  472.41741672222338
20  74.666666666666671  560.99157911669079
25  85.0  503.8419582633806
30  87.333333333333329  441.05264486655824
35  77.0  733.4050870860932
40  92.333333333333329  367.51927161542824
45  90.666666666666671  398.49943477924518
50  94.666666666666671  306.86404719727324
10  64.0  393.75121322425349
15  78.333333333333329  417.08034028990807
20  83.666666666666671  432.05374597444847
25  83.0  493.27601178939096
30  88.0  471.76185319875634
35  87.0  481.409852989265
40  88.666666666666671  433.38151015817914
45  99.333333333333329  200.1939448948319
50  95.333333333333329  302.3859453715545
10  83.666666666666671  300.33914151445839
15  80.666666666666671  389.78036408190724
20  76.0  568.51896475386047
25  90.0  316.31002565264765
30  88.666666666666671  405.76362628241026
35  94.333333333333329  327.1862137084949
40  91.0  408.30688307537878
45  91.0  398.52348321395937
50  91.666666666666671  407.81050666593791
10  68.0  480.16151198625323
15  84.666666666666671  354.52472730750179
20  86.666666666666671  363.8865156902574
25  92.666666666666671  359.26222061490989
30  87.666666666666671  425.82815339364203
35  99.0  222.61981396074398
40  88.333333333333329  495.69977603521249
45  96.0  252.20586207278714
50  96.0  281.72544830275496
10  81.333333333333329  333.28771943806754
15  84.333333333333329  320.43061681917726
20  69.333333333333329  518.50921723815372
25  77.0  583.14362539085766
30  87.666666666666671  417.19585804575172
35  90.333333333333329  392.14473628167838
40  95.0  293.16347089839735
45  96.666666666666671  264.7976541552826
50  93.666666666666671  365.93267375369794
10  65.0  440.49974199848663
15  67.666666666666671  580.31947896916802
20  77.666666666666671  519.77466655191165
25  79.333333333333329  569.40215465415645
30  95.0  286.186096676869
35  93.666666666666671  371.59851912179306
40  97.333333333333329  273.07993435647035
45  95.666666666666671  301.66768067613651
50  97.0  276.93966021760355
10  65.333333333333329  347.14339118517069
15  79.333333333333329  419.46916590179984
20  85.0  435.96229157052795
25  83.333333333333329  443.91188559119178
30  81.666666666666671  485.54759457873024
35  91.0  361.59136634496502
40  86.666666666666671  526.28541341548282
45  89.666666666666671  454.60506662917169
50  96.0  287.11080487942507
10  61.666666666666664  371.31437023198544
15  81.333333333333329  347.40944787655059
20  79.333333333333329  487.42556564805301
25  97.0  243.01260097546694
30  85.666666666666671  505.03659536941842
35  90.0  416.20577626425489
40  99.0  213.01864876697354
45  96.333333333333329  282.56606930626185
50  91.666666666666671  335.18120199984139
10  72.0  414.13378060280286
15  67.333333333333329  522.79558876752174
20  85.333333333333329  402.0458823973263
25  83.666666666666671  526.07138882977551
30  85.0  549.04033483356307
35  94.333333333333329  283.62441515924246
40  97.333333333333329  286.64894755278056
45  94.333333333333329  332.3187094511523
50  90.333333333333329  392.20879013356279
10  74.0  340.997404722309
15  89.0  311.14993475214573
20  87.333333333333329  425.0088150013637
25  88.666666666666671  388.9370059820946
30  80.333333333333329  655.22627812228097
35  97.0  272.33360142691208
40  95.666666666666671  287.79736218833023
45  95.333333333333329  333.26704431638206
50  94.333333333333329  314.15589737973835
10  82.666666666666671  334.09675479592062
15  73.333333333333329  482.78220162656748
20  87.666666666666671  392.45648422233177
25  91.666666666666671  362.17885013560004
30  89.666666666666671  392.47994422076926
35  87.0  484.09271182989932
40  88.0  484.63787502358144
45  97.0  272.95284072685104
50  96.0  294.2767410321029
10  80.666666666666671  356.80334091735551
15  83.333333333333329  407.12489092213667
20  82.333333333333329  426.66619840609434
25  84.0  495.33141880373762
30  88.333333333333329  473.34309890113451
35  93.0  364.25546338983241
40  90.666666666666671  416.14183215692208
45  91.666666666666671  395.117831216431
50  95.333333333333329  306.50659710318052
10  77.333333333333329  338.99746442771573
15  71.0  514.76962162858149
20  82.333333333333329  438.68408009418505
25  89.333333333333329  388.47576390555258
30  93.0  335.65636200340793
35  92.333333333333329  361.63685321241491
40  93.333333333333329  337.58326601341463
45  94.0  353.27789192285059
50  92.666666666666671  383.88920991343514
