6  22  85.13467721368518
7  70  141.74115886929383
8  46  165.89107095450686
9  76  129.94696711796411
10  82  145.54256339218389
11  100  66.78033110326686
12  72  182.09860640980961
13  86  101.79542731329875
14  88  126.9065475221302
15  75  240.78017083562258
6  70  120.71569991270457
7  46  232.31431187579722
8  93  77.391060619161848
9  94  79.438941405392953
10  63  177.22956810619812
11  41  282.1435061981656
12  72  223.28692995684594
13  87  141.32390909621785
14  87  145.85529468496571
15  91  106.52628226628394
6  51  176.01021020657873
7  60  65.874873101913963
8  59  130.03322543299416
9  54  179.692279616718
10  84  96.746453377663414
11  70  169.52081132592093
12  69  219.805986133282
13  85  171.64968497111167
14  92  103.01910971240457
15  87  157.72071090584419
6  61  141.97731853810299
7  60  213.81184433198135
8  79  127.52264470970512
9  55  250.39835853672673
10  82  155.8101781110677
11  77  138.72926406034199
12  88  136.22216214397062
13  71  281.68776057697909
14  62  159.34470328688337
15  100  69.50569995703664
6  69  112.97469673223017
7  81  79.355731606335382
8  45  215.07786270812085
9  71  172.36654233389811
10  90  94.454417629773147
11  84  155.60987541329118
12  96  74.635843000339051
13  42  230.96488868419726
14  81  141.95856196792948
15  59  373.72525858622964
6  46  104.26974711593947
7  64  90.120602267107003
8  75  110.84760455989458
9  68  196.47379715652775
10  38  314.05086860578615
11  89  106.03264601690334
12  74  184.60458792123717
13  87  148.0867964262529
14  77  178.14522355816334
15  100  58.015766036721075
6  83  103.43534592379727
7  50  196.25931347381436
8  53  197.36725851962802
9  69  152.68022099600762
10  69  161.28646027861342
11  67  211.12839880142357
12  82  147.81477829302759
13  84  146.13606940162595
14  84  95.347233796106707
15  100  57.695320551117767
6  0  0.0
7  69  132.79198538242568
8  72  159.46921807360744
9  38  329.62215027344365
10  75  195.77347165211469
11  47  335.44177061036373
12  72  262.56296510272676
13  76  142.24763730908157
14  93  110.43197976115646
15  68  190.36088080521367
6  100  81.543956400864971
7  46  217.23652112930532
8  58  244.04728016611998
9  61  127.86668313654529
10  66  203.91693550462509
11  82  132.42968948140725
12  95  97.874635100182516
13  99  55.644801728996931
14  89  112.16279910566837
15  96  100.39650415799825
6  18  122.09509088542828
7  58  161.87848384717867
8  86  123.49483020758876
9  60  251.90404970706652
10  42  169.51631609223742
11  58  248.35020156865795
12  76  161.35143905116726
13  90  119.88202302212954
14  73  213.82967148657278
15  100  54.452036562617124
6  21  117.76437431755517
7  60  226.66307759803934
8  46  211.01707569566597
9  50  190.2512494697734
10  66  161.54681148540661
11  84  135.56626680213188
12  92  102.75449189702378
13  89  117.43281100114353
14  96  69.644198955035066
15  79  184.74501038518767
6  40  128.31729771093191
7  54  148.37162779833469
8  52  139.44349985992156
9  55  111.34368435588888
10  84  158.4500893402633
11  64  219.43172764174267
12  69  215.04833830901418
13  72  190.93338605577932
14  99  72.313133569203558
15  94  102.25051971165732
6  58  93.26540063829701
7  79  120.16941159504884
8  66  49.553530182476031
9  71  214.148179031322
10  42  247.672303046134
11  60  256.38233005141012
12  86  156.44097063962789
13  79  183.36457760765404
14  86  119.50277639631761
15  94  118.80061850605121
6  56  105.78723125298434
7  37  141.29608458948513
8  93  79.339657549607793
9  18  319.13818926824189
10  92  88.725379455141848
11  85  129.61227489814641
12  74  168.87431977872544
13  99  59.608542719734622
14  100  68.448264291447543
15  93  101.13582101666555
6  21  105.12970740994633
7  50  198.129349779064
8  55  158.47746584650653
9  84  141.24592193783019
10  84  140.08076872937897
11  78  184.24305406331615
12  94  88.964196356710417
13  88  123.49929849781265
14  85  184.56502644446189
15  90  137.20017590243728
6  29  135.34621716675554
7  22  173.70463004871507
8  66  168.88190471842009
9  62  301.47592731127617
10  98  64.588957989231105
11  96  76.914778044458288
12  64  124.6303515471851
13  82  123.52593585077372
14  90  106.06663845574896
15  67  292.64224942080756
6  63  93.885787634844718
7  41  144.67261549887982
8  67  196.59705470907264
9  54  261.20610667120144
10  56  157.49662773221749
11  97  82.405976257357651
12  67  220.88936700522743
13  77  195.13516427973144
14  97  77.452027914979595
15  77  183.01027554874335
6  81  115.5912700733126
7  83  89.237950007677568
8  69  123.41127202087978
9  61  207.21603952884212
10  70  217.04210355445599
11  59  147.49496293178331
12  83  140.69488550133275
13  88  105.72171483953696
14  53  308.65754844253422
15  92  115.13069079748119
6  48  156.98122760661823
7  40  267.31931837617435
8  61  125.47173645961175
9  65  105.80546149366268
10  74  168.18063958830135
11  41  397.63325013283179
12  85  119.94063629546388
13  82  142.5504464991013
14  80  188.77209370542835
15  100  41.671210260291147
6  37  144.97524946666331
7  63  146.21059877473721
8  62  169.5791777682789
9  73  110.24822837176556
10  68  215.19595267860038
11  53  119.04552365769402
12  91  123.24005764483208
13  74  225.07826600625197
14  87  125.03182175611575
15  95  88.494084785184427
6  46  153.64235185767393
7  50  170.30835866559229
8  28  189.41651832632195
9  62  243.58896317348581
10  98  75.811463915230576
11  84  121.55252279689273
12  99  71.743207465025293
13  95  84.707176571880964
14  100  61.132841918736204
15  39  416.94072820905444
6  50  160.9271457147627
7  62  177.64493534160707
8  57  206.7087009945264
9  83  148.60799302483991
10  71  156.91283113643635
11  76  217.77618605090987
12  76  190.3969226508645
13  80  127.5709819335092
14  87  131.48149700668645
15  83  147.03509651757849
6  16  94.623494144154435
7  59  143.91457156165703
8  61  223.15161107622095
9  56  249.86552169710657
10  45  170.10852805915655
11  79  172.09791700888013
12  84  156.11889298709292
13  100  64.814926249717843
14  50  365.60028572565466
15  70  225.74042301147233
6  55  187.5022139377069
7  44  146.73410234786402
8  43  138.17055667826835
9  70  179.95105137120765
10  76  207.45128366461395
11  83  161.12927761349468
12  86  153.30975393238069
13  63  262.79129889092366
14  98  76.166233227324724
15  92  100.0695513145258
6  49  199.24335004287752
7  50  225.23480707452669
8  55  92.790243898228752
9  100  63.470481824312998
10  73  236.00748695085286
11  73  212.3918212370678
12  95  73.45780605542916
13  85  184.30535155956431
14  80  144.03826579600042
15  90  140.04044204514847
6  42  198.02501150449785
7  37  206.0962910030311
8  71  66.304196392698017
9  82  144.21735852086803
10  86  119.62775095435086
11  69  206.51684373480742
12  99  69.294775118753549
13  80  137.89916692200902
14  96  96.821921826208182
15  85  143.9482616837947
6  57  91.917673365529197
7  100  58.951954102289569
8  76  113.85511462408127
9  70  149.81675548420563
10  80  136.77022257547321
11  85  167.98398813415562
12  86  153.00135440528229
13  73  207.80801620920974
14  81  156.59874006819859
15  82  151.53245615832162
6  86  98.435039967404407
7  37  254.80461224006146
8  84  116.31702248676574
9  66  160.02561450275226
10  70  216.80959079117289
11  82  91.244901692745174
12  49  364.98997735777556
13  77  179.99417193420604
14  75  217.54594357838178
15  100  62.86609554722515
6  46  191.63625374845475
7  51  217.15850098446109
8  65  188.89925573252816
9  100  63.411153211837558
10  62  232.45208641665042
11  79  160.71503668389187
12  83  150.26201793069049
13  86  120.49473009794721
14  89  142.55688832014221
15  100  44.505860272424876
6  61  62.935009149538566
7  91  86.024939069395842
8  85  117.74045040555323
9  38  277.20278175969997
10  97  77.377475437569743
11  84  112.50504505615504
12  94  77.320914123794822
13  94  102.32816731148409
14  95  72.9728189375911
15  69  226.32690373533347
6  34  122.13180207285458
7  69  76.336330388069925
8  65  144.2472453173034
9  69  147.44229415759088
10  74  132.91634096449414
11  94  73.037722728675689
12  74  194.35463118915015
13  59  226.80997028733094
14  71  125.67000936456857
15  90  123.68540519323247
6  22  126.74816634558576
7  72  93.082405439230868
8  82  139.9687699887962
9  50  216.71396934148223
10  66  166.23815424687663
11  82  150.98379616016564
12  66  220.96485169298592
13  88  146.43580170066542
14  98  48.371559476662128
15  81  187.13169073446497
6  23  118.78015468593493
7  7  108.36776197466486
8  73  111.98442864827722
9  76  110.92290094840791
10  80  162.53688514366181
11  81  125.21725063617373
12  88  119.46218477674053
13  80  185.12681045632971
14  91  126.83019227434319
15  90  129.32644026796066
6  25  174.73647726313277
7  59  168.16226134538451
8  78  116.95760964053633
9  87  87.803845543385407
10  74  101.33629947708386
11  75  160.19367258829766
12  63  166.34794125433655
13  97  69.088547233849852
14  100  56.578531700842142
15  95  94.070933945322892
6  72  110.42656597407002
7  51  158.58706797281198
8  75  102.99961138545056
9  72  132.46459940303569
10  90  96.382641039317889
11  79  175.68791410882238
12  63  227.45266606751221
13  84  155.17739855446655
14  97  62.898311115958492
15  92  106.42078862987054
6  42  200.87560976471116
7  40  280.60579301590536
8  90  96.078887266794041
9  62  193.04569102910571
10  62  160.37328534251404
11  100  63.166326949867283
12  72  163.70331484542089
13  94  76.975469154925477
14  88  110.54487357859139
15  83  155.43441791004292
6  22  157.78589934387111
7  94  69.50649699597686
8  50  243.67983550726129
9  59  189.56708966269275
10  87  111.66144918682883
11  91  83.816729569459
12  55  297.93431867745579
13  28  389.81530006709966
14  95  105.79609255264371
15  100  56.440810350324632
6  62  42.261954305553928
7  84  115.55416159518637
8  72  183.52652878770908
9  83  121.28074331065146
10  83  163.15198557257904
11  87  148.61388170112886
12  61  245.16825491931505
13  75  184.25927838614774
14  92  114.14291942000493
15  63  260.16544042536049
6  27  137.0737414391015
7  94  72.615623259490178
8  72  171.51266223530689
9  42  268.46199250506186
10  63  236.56420794601792
11  82  163.69879996674234
12  71  190.22021383148186
13  97  68.857994120555063
14  74  176.97891080663589
15  75  251.38394096970282
6  53  148.82768535515859
7  36  221.7055310829889
8  76  158.11203110723699
9  64  253.36088297097319
10  85  85.938464771087226
11  85  119.73184354908147
12  33  336.83211137623931
13  80  158.49032692287955
14  98  77.222582701529092
15  67  298.03647202276602
6  67  84.945371279768906
7  37  164.85081975981544
8  57  179.65466556868975
9  51  221.7929835839758
10  65  211.0487874235063
11  100  84.74921941860859
12  82  149.35566939508075
13  47  179.13344092102037
14  63  169.91355955258288
15  82  115.52016632335949
6  55  105.79080779477918
7  63  148.47392400590309
8  75  144.09107189934173
9  54  187.60082739416131
10  77  135.00592181175665
11  88  120.28320874920011
12  46  329.73584430014409
13  73  221.77791413795671
14  81  183.4587025266855
15  84  142.07258992638501
6  97  66.607246488018106
7  83  96.30419936630382
8  43  215.44529971450527
9  74  135.53030604270796
10  75  157.51948838113285
11  84  160.64004122781725
12  72  232.83179400346344
13  87  127.98267514003686
14  82  169.25082224825562
15  70  312.45303746776284
6  28  157.94924948393862
7  94  83.986116368474896
8  58  154.22561014899281
9  98  84.633013628375153
10  74  171.05804949371256
11  82  135.86023304222468
12  92  105.02227282370977
13  92  111.40360657538076
14  100  53.712909954304635
15  82  171.91811970892388
6  71  102.23236427009019
7  62  123.03529574407737
8  60  211.56143044425335
9  94  90.324741759445672
10  74  150.31105670765822
11  88  124.9934963461649
12  83  133.76018924819326
13  82  185.78571478563708
14  87  142.39713264619661
15  97  80.484624823778006
6  63  99.128358904218501
7  41  230.81204619883621
8  70  104.93833210903055
9  54  212.06540246094696
10  74  168.54949029194225
11  83  128.47915654407254
12  61  265.42114617355656
13  82  138.66049015301596
14  83  160.51368218710269
15  88  102.18343625821736
6  40  158.08031649812625
7  41  174.0676187459355
8  81  137.63542533732755
9  92  74.034637124007119
10  72  189.41146172353791
11  84  153.67316793005466
12  83  140.21000836772728
13  66  275.11130529486786
14  78  251.72180966598742
15  80  195.21595245841067
6  42  120.3467468138402
7  35  168.99339747310404
8  81  111.27219715615036
9  69  177.55212160559444
10  86  111.56192459333289
11  74  180.9676589061819
12  74  190.56462145526896
13  66  234.14187982869913
14  79  189.23082785405285
15  98  60.732287049329052
6  52  175.63021035422528
7  17  120.31493789069863
8  56  198.92372845460457
9  49  274.27963695927377
10  55  273.4207102484043
11  92  84.909764941891225
12  65  274.9384881488769
13  61  289.61870414804423
14  88  137.57324893873093
15  66  246.24506538903839
6  86  72.231292523563383
7  42  240.60542887703284
8  67  134.29186083561777
9  80  155.75113679743544
10  54  252.92845735836153
11  85  123.47250184390951
12  66  287.27851085575321
13  62  365.91241625240809
14  77  204.28657150335553
15  95  100.6414208146759
6  83  75.449725341066397
7  46  140.99335750878222
8  68  129.27595700420252
9  56  232.74792279979937
10  68  190.72482325783841
11  81  143.64309017524207
12  92  107.83339650075222
13  93  100.63116843032944
14  63  340.61449347587273
15  75  219.44268844705132
6  67  130.53597391228558
7  77  81.912955764727741
8  48  171.21530841543421
9  34  255.32938101184891
10  67  63.005129081221064
11  96  84.358134266015284
12  81  162.08945772800951
13  85  152.13376070054031
14  82  124.6552790766645
15  84  174.87781192075468
6  32  163.24347996382923
7  54  177.03212094631468
8  65  179.43784395391353
9  94  82.357482844723421
10  86  108.03159677494412
11  66  293.2691209239452
12  79  173.05327986274409
13  68  181.43270427953976
14  95  87.497050430713003
15  78  167.33324657057898
6  90  84.006095779610732
7  34  235.13476607113776
8  45  173.41143933320086
9  97  73.566632898366777
10  63  252.78369726146133
11  53  247.07227836947337
12  89  120.10309441863366
13  93  106.54707098723188
14  95  80.064429700600385
15  99  72.816782073367577
6  91  82.707111099837377
7  35  143.34596941453853
8  45  168.10461928438033
9  80  156.92604806141205
10  60  143.63896689733559
11  91  101.48154522733087
12  74  216.21728060123212
13  66  212.97362982265602
14  76  166.3445897180091
15  58  234.81463600191319
6  35  193.31002883567885
7  70  151.65613620762298
8  56  116.28240637145225
9  54  155.2651868022057
10  77  179.43131970895786
11  79  183.52114097948953
12  82  100.77013986695339
13  95  82.635732860108064
14  95  62.125527899500341
15  72  255.49156273261303
6  69  134.62470285383242
7  52  191.17582124230023
8  46  175.2356975760724
9  70  151.61508130086963
10  60  186.10363032060405
11  82  126.15286634775291
12  88  135.98042043739775
13  65  289.06435352931925
14  91  101.05001897199647
15  98  71.379879181049617
6  61  186.88432937168668
7  81  108.60155413749794
8  47  153.29401332272147
9  59  194.27874819719679
10  63  192.11467035657699
11  96  68.07580916656805
12  79  126.99983499778536
13  76  209.74346394633173
14  88  120.10215986124085
15  93  116.97980567928596
6  32  124.13188809232645
7  14  145.2058584496927
8  48  222.88697899441101
9  33  372.21889712933563
10  67  168.83256737467735
11  91  86.050262496514662
12  48  258.10661373073128
13  93  95.662301333790055
14  86  109.09447075677753
15  89  92.874194476567368
6  91  109.70826929449558
7  62  175.97148372210771
8  75  118.06064507962677
9  59  199.33544718600058
10  53  131.66069970264363
11  95  79.897039031596194
12  61  322.89753819331037
13  82  130.11353132386671
14  65  270.13598570374438
15  94  81.332083426579374
6  50  152.39906635526413
7  81  68.7386445941125
8  77  86.926846911525971
9  67  203.78946099354619
10  42  333.22537449618409
11  87  126.78505846808025
12  74  160.81444737069324
13  92  91.178250912877303
14  100  60.393241225668739
15  96  79.595046172642228
6  51  157.65469170119229
7  69  94.786505989778234
8  68  172.17422545261419
9  28  122.88419135468888
10  93  80.880609440849994
11  100  74.009249592651784
12  68  216.62621524218602
13  72  246.38964873544174
14  78  148.89996266581076
15  80  214.38231006828991
6  60  143.3813819407012
7  88  100.71817563277662
8  68  181.7264667948088
9  70  154.98973657816367
10  49  241.26594812080856
11  97  72.806808280451833
12  75  159.26628549719533
13  94  98.287016810644076
14  94  83.878990716822472
15  97  72.589809212648433
6  34  147.97744160517797
7  35  189.26223688155969
8  68  149.68006159060258
9  94  85.586207310610988
10  55  238.87032673103056
11  76  133.53836577598838
12  92  77.934308663885375
13  88  118.67060898818386
14  81  179.41172175435011
15  86  166.25072033120048
6  59  177.21710938266185
7  80  120.45917733753434
8  54  251.22659921693523
9  57  263.8312202210297
10  92  96.893006266553201
11  56  118.37203744721779
12  85  117.79007442395573
13  100  53.635618096937876
14  78  158.14147043425336
15  100  43.826268596592008
6  36  131.26312892844646
7  74  101.41623814584344
8  56  183.40712886736586
9  69  184.67794651802447
10  60  201.96586895603787
11  74  219.10399296714411
12  77  180.48426632805931
13  71  247.27536799108501
14  90  135.72844048103715
15  94  93.151324751307712
6  64  72.781723634087996
7  84  93.569888463750104
8  61  146.66268322714726
9  79  135.86669723455009
10  60  222.87116667009502
11  93  79.388290889042906
12  76  122.4816921277876
13  83  160.74317404639606
14  86  139.27539003083899
15  97  64.656136459062395
6  60  89.771320082381436
7  49  221.86802595415736
8  60  172.09292341008097
9  72  159.51097303657377
10  87  145.13841835741337
11  56  213.78147511869585
12  83  142.39411504928546
13  83  131.26554518117788
14  88  140.17541904507118
15  98  70.555345173808149
6  47  120.22623427869021
7  35  233.43261087133465
8  59  227.97489033567024
9  86  116.14240636220553
10  76  160.12070050048021
11  71  199.68624061043855
12  86  135.28957477697506
13  94  86.943723184162067
14  86  168.90873451229993
15  89  123.69395875842784
6  22  114.92383131718896
7  61  214.96147247118748
8  59  148.70896630764605
9  55  263.44321502865682
10  75  168.52253355566364
11  93  125.54006130013585
12  38  292.11008822125393
13  94  103.0768993793732
14  73  221.15109050351575
15  67  203.44321897093258
6  68  116.61931869462822
7  42  251.4550464250764
8  82  119.28956027209099
9  80  126.40104197769431
10  75  178.54146190474196
11  91  98.769855618160904
12  86  152.34585735768061
13  82  168.32443268929117
14  44  330.73819500160459
15  79  211.07717585209608
6  45  141.74469455571921
7  49  126.42869799503013
8  69  153.42442114508896
9  48  173.12951407551824
10  92  68.636764675135268
11  86  93.817413227926309
12  54  291.07757928489212
13  92  92.279927702057748
14  92  130.43802213319103
15  92  103.95478756954753
6  34  122.41114778611187
7  68  118.53119755432425
8  43  252.32138000472156
9  71  148.6101118261891
10  78  163.70018984933319
11  55  290.96919345348613
12  68  203.38050510470154
13  74  236.43592706417365
14  75  196.52743451083137
15  86  167.47277761355951
6  48  154.84593418060106
7  70  140.10505548420198
8  56  119.67047054377559
9  95  90.426629416990139
10  66  158.64316763979156
11  64  204.21607807452293
12  44  89.139836959185402
13  79  187.80377885905634
14  61  304.29985212789393
15  83  141.11638282207363
6  66  132.49732951646675
7  37  144.26551470484702
8  51  160.57035032802767
9  66  165.32912315253975
10  91  85.188875628268718
11  92  82.522790004824131
12  84  132.47987503887512
13  91  116.07680740032602
14  91  115.3986450872261
15  100  53.134233764994661
6  38  114.9739476200858
7  65  192.67588927818542
8  70  96.529791919818919
9  71  172.78598991903726
10  67  216.59545490868609
11  87  128.40804655586169
12  77  172.49482536836132
13  82  164.97639845573406
14  73  263.09907954774326
15  86  157.18736975370453
6  26  107.04491404495306
7  57  119.75053002177154
8  46  259.87720889187176
9  76  156.60811804553023
10  60  274.76445864124508
11  51  353.39277869434051
12  78  204.34163062979908
13  100  45.4231342073926
14  81  148.69623980859558
15  93  116.76974541888997
6  75  103.65907130411398
7  41  268.99336559903583
8  28  354.85983166681541
9  82  130.92921399400092
10  95  81.900925030432731
11  97  88.403687136921675
12  85  102.75681124273284
13  90  120.13176408116539
14  100  49.285524632355276
15  72  207.91413697431273
6  9  156.06143353975898
7  65  150.72029039225924
8  77  109.11841307753549
9  68  129.05778859277899
10  78  153.99113575230518
11  96  59.037965673744637
12  86  117.93451644573477
13  71  243.69098478777755
14  89  111.42314614549063
15  96  103.58048188444783
6  93  73.783275453701776
7  45  151.70925059533155
8  46  234.04523330675809
9  86  113.31284610777801
10  40  129.88113816422228
11  77  172.61294679309589
12  74  166.37110679662001
13  99  80.113256261550703
14  92  107.64868474073059
15  77  231.48388383372512
6  48  82.712646306548905
7  90  97.829072222564079
8  82  66.310342443272731
9  68  140.76782984427211
10  66  276.19659438873975
11  96  66.365353448715183
12  70  180.99437689590974
13  99  63.032782742468072
14  68  265.51594226120295
15  77  227.03717781180498
6  18  61.784476911752471
7  89  86.850203262274277
8  66  112.44060330144593
9  89  119.23770653404003
10  73  132.3054370466522
11  84  153.86165269688641
12  100  73.01780750752269
13  76  214.15227558374187
14  84  152.68195091353843
15  89  100.7732376467623
6  65  128.62516679677299
7  65  165.88387029869193
8  66  158.16352565517329
9  68  211.48895411229887
10  55  267.31132359750728
11  79  162.49086925380229
12  75  154.15995825252745
13  84  147.69233301124098
14  67  217.64628857526844
15  94  72.612091004080554
6  47  128.85349385105434
7  45  187.67490647486062
8  59  185.80236696919633
9  73  147.9926855925728
10  92  115.91315974627085
11  67  216.96083774663575
12  92  93.384673701205614
13  81  136.14836241669974
14  84  152.16119477018847
15  86  138.20764578252687
6  45  120.01311630274789
7  58  162.60032899470386
8  53  172.79149756606898
9  62  226.03994353689365
10  92  96.217989534569753
11  93  81.16783305346884
12  73  180.07494979345333
13  69  199.96457310980219
14  83  169.15567569437144
15  78  179.46592526809388
6  30  170.35909123774795
7  47  160.33925648290639
8  30  103.71652133083956
9  80  156.09348538843565
10  60  197.8925591268663
11  67  242.4633768214897
12  79  178.75332764837808
13  100  58.633038612837098
14  99  60.661877780461644
15  84  115.33825802810088
6  43  199.59138801581472
7  75  110.87002573592035
8  89  111.19360361001043
9  51  297.63520964377068
10  79  149.94613943754743
11  67  235.79768497534315
12  91  105.93669305035401
13  88  136.29161996583997
14  90  130.52626776990073
15  81  187.85433480732678
6  100  60.923835621435039
7  34  138.65967359448015
8  47  192.1227544428661
9  70  132.14314268942474
10  81  132.55511097724209
11  52  206.35892262711832
12  97  74.395785694495274
13  71  278.7889641605426
14  90  112.73735172965655
15  84  167.80505654909476
6  68  66.516971887888445
7  55  235.80369153189707
8  63  152.82808166324415
9  58  223.28398329925312
10  63  159.84313183858956
11  49  276.98448758850913
12  81  162.04789840561352
13  94  91.196404054116712
14  60  311.79745655598731
15  100  58.717622674375988
6  59  167.5462876867536
7  28  106.50124820684047
8  82  96.679927486465587
9  74  197.05275253193815
10  85  119.94032739929669
11  49  246.62412871649215
12  76  168.45351177652827
13  86  156.8555155211028
14  91  119.0483835013036
15  95  81.293777785955868
6  32  159.6281169222874
7  64  129.00580613267567
8  95  75.895223864266825
9  89  87.94859150068055
10  69  171.15824579568758
11  51  204.3137206158392
12  90  114.44411633638619
13  72  206.69200551766147
14  86  163.34289738057126
15  86  161.90816223992496
6  79  87.120295394890704
7  47  107.14579781118471
8  45  197.92873311987191
9  88  112.39623594323209
10  89  99.53982693889273
11  68  203.49799387222927
12  88  108.00422162881262
13  44  317.01216058871836
14  82  194.08609346764811
15  74  278.06431733951484
6  71  104.31841658190227
7  60  195.82753129171505
8  70  190.26198493285071
9  71  122.55136730795549
10  76  141.57274883526264
11  60  221.61435157346023
12  78  182.52412210737674
13  99  56.073481028963734
14  78  218.35412955103928
15  92  87.922370583185995
6  67  113.20386195747865
7  43  236.33241428717608
8  94  85.987400182043615
9  49  214.61093427575287
10  65  160.44920249915893
11  84  169.98398352140586
12  100  46.668545650494202
13  78  166.30554281031513
14  99  61.468153382592526
15  86  125.39960441246623
6  34  179.27046055075684
7  74  116.20603152018809
8  49  184.56921954839851
9  33  174.85416268775185
10  71  183.70112410459146
11  78  143.09874680285549
12  74  224.1029286655353
13  92  99.583636802166211
14  95  92.907413738323029
15  95  103.24858161385512
6  22  167.75670952875259
7  30  229.02664650699094
8  80  161.60433476721548
9  67  173.54053933439405
10  97  74.571840107089812
11  63  167.49677813503928
12  97  77.146517337712552
13  80  178.88073893610218
14  50  292.74216029930147
15  91  92.819667461112061
6  40  148.95477429064402
7  36  206.79352084629406
8  80  116.36073226207773
9  61  256.51664616530314
10  74  159.29927776243429
11  76  115.95437567056429
12  99  69.141330034468496
13  89  125.77096675135296
14  79  195.09263520386529
15  100  65.440835106895193
6  95  80.740635452278951
7  31  198.5657691735818
8  60  188.59652117522273
9  77  156.72548744246515
10  84  123.92953416108733
11  73  101.80882666957207
12  82  146.68326288430453
13  90  123.20051022215887
14  89  128.20274583100118
15  95  97.50335403826459
6  38  220.25946031526544
7  39  197.58261675574178
8  72  166.16712344075023
9  70  185.84437598375513
10  43  286.11345111887698
11  71  148.14765541648458
12  76  208.56951333969141
13  79  158.51390783262727
14  89  92.469682538837304
15  80  130.46882221927459
6  100  89.520685672623159
7  81  94.406155764929395
8  33  234.35124790199211
9  31  138.60140818325442
10  100  96.89754172331665
11  78  88.400805638967583
12  77  161.19563604404752
13  86  176.99953337500793
14  77  202.77668940125838
15  94  78.723830828313965
