1  90  42.910036371705083
2  59  312.48464991382718
3  65  195.62005388613227
4  34  488.66911399329496
5  29  495.12792163393704
6  43  396.37024175627823
1  61  105.04177925973143
2  82  88.593655290735867
3  68  209.15988807101888
4  43  383.29641030804396
5  57  238.50563575335937
6  36  441.5556222272017
1  62  218.41131278774054
2  66  163.4864679738929
3  72  148.93042539929002
4  40  337.81327092569427
5  66  221.15906235089267
6  82  83.611310541411768
1  67  129.29802660140246
2  62  256.46801324333325
3  63  149.3989110271992
4  34  306.73456468867334
5  47  338.19314835442066
6  60  217.50218336106579
1  57  238.74074889222496
2  63  216.0631576612802
3  78  123.83070035939409
4  52  330.56531803107146
5  64  195.80959520362447
6  42  328.12795126716787
1  53  141.7604430478622
2  57  195.44443940221652
3  50  301.78648809887682
4  65  246.71162667657794
5  39  351.40669011901826
6  54  226.76019323923657
1  49  262.3231607598459
2  67  143.15179539495617
3  75  168.23550830794235
4  49  299.49469955036983
5  54  264.62055114591459
6  32  400.36120313234477
1  66  214.75859217598753
2  63  228.31371288580911
3  45  357.47181136096822
4  60  305.18303548229181
5  56  246.80481868733841
6  78  176.08590205073574
1  70  89.024724051283187
2  73  161.41406189844184
3  45  234.31181410152513
4  50  416.87402596197376
5  51  382.17258804707024
6  50  313.98560741046157
1  54  155.43549549686108
2  75  165.53738979120516
3  76  177.07347101573433
4  59  317.14603707083432
5  63  241.03161206803102
6  65  163.92989429863979
1  66  165.9836631012117
2  74  173.18281452070704
3  57  420.54532912672522
4  39  439.61283792119673
5  73  170.27077657074344
6  30  584.23425500085386
1  43  220.26874351293651
2  73  131.95144033838301
3  63  221.98689406183232
4  75  176.69609948909135
5  51  389.74407837322394
6  55  256.0965207874811
1  81  129.22411335070515
2  68  203.18210012286832
3  52  186.29372451667012
4  26  647.5591473846905
5  52  327.01532417837865
6  58  304.15271888794229
1  67  134.56129563784157
2  66  138.86362789982968
3  68  202.86358364367746
4  55  233.8400753358795
5  36  416.20679709387679
6  31  369.46207949865868
1  74  134.59068107816199
2  84  117.71613509106321
3  46  290.70979723884267
4  45  190.92648955713344
5  70  159.69904545183846
6  49  316.85987912126944
1  65  193.2762563928884
2  65  188.21480135715353
3  46  331.35081724990442
4  64  114.7342447602832
5  47  317.64622095633734
6  32  532.16737855531153
1  80  92.70424772004823
2  45  270.17944870007636
3  64  228.35759992244283
4  60  113.49355217625235
5  71  198.29805970371228
6  75  161.31509242449863
1  36  194.32027523024686
2  63  271.43455684688223
3  40  450.2034163224223
4  38  223.78938989161628
5  35  478.2015431437656
6  40  433.52256474609123
1  88  84.658711838066026
2  57  247.73973955616341
3  56  192.81372466381382
4  56  325.1549962065755
5  46  245.34923369258524
6  29  457.56707665984607
1  63  161.31096925705538
2  37  198.57198898886969
3  39  239.65367582843894
4  58  123.07057255849234
5  54  260.93506863945936
6  56  197.45243076810283
1  59  182.92004939711001
2  48  245.87889708164556
3  47  199.34722973380494
4  73  280.91423192144021
5  63  256.67503201008213
6  30  480.53006468198089
1  43  268.19931032320642
2  67  176.30137585797911
3  55  152.95726767938672
4  41  330.1081883377114
5  40  201.80286660089939
6  65  187.46843447900849
1  79  87.392866687284794
2  56  202.56138676439838
3  73  104.96408473231735
4  49  244.38774679099274
5  63  218.48624603296585
6  49  210.57447200374349
1  67  116.3282200472611
2  74  176.01218916468116
3  52  215.59323270232181
4  44  379.59045464488514
5  40  510.3163164908795
6  64  260.06841440494202
1  74  63.174253933238255
2  42  339.98737628885783
3  73  173.91078293074801
4  41  283.7899119619961
5  44  246.94787806565378
6  43  396.35451548154333
1  76  191.41858263817602
2  84  88.363686645212667
3  66  168.44910745202046
4  42  453.02827934012612
5  73  118.81676066994474
6  44  321.56237893960736
1  58  253.30165609067612
2  49  133.58347348572278
3  60  221.84949622437108
4  55  234.34973848454524
5  32  524.97932550854546
6  53  300.36664738375782
1  75  132.417505993883
2  73  109.76663689900138
3  60  157.89976007509276
4  48  286.43923047547929
5  57  198.93809987866553
6  47  429.67969853394243
1  66  207.24704847994775
2  71  132.84474934937541
3  61  221.14929204757564
4  65  182.13860419463697
5  40  282.79480931978748
6  48  236.5383464311806
1  79  65.675523805079976
2  36  456.1789224983163
3  56  355.90839060776938
4  49  251.95064822698103
5  42  372.25212517481407
6  35  484.62396369825495
1  54  254.19906528038553
2  64  177.23114046677651
3  71  147.62329557921174
4  48  323.50430034384198
5  58  279.10360643731326
6  59  322.36098918755164
1  69  102.17242800583297
2  53  265.65341433230765
3  63  255.35891546190541
4  48  338.17410461499873
5  34  132.02698963930106
6  45  325.36655512959192
1  72  139.74256443850564
2  74  90.003717643940846
3  46  269.67474722425629
4  57  160.50358811055838
5  46  366.02535167928301
6  42  375.5815330133031
1  79  88.931429380446062
2  84  77.446708727230089
3  58  171.28479026483919
4  50  380.93722350062365
5  63  277.85059100427105
6  31  482.80407323838131
1  72  128.57213939239659
2  38  512.23822808154443
3  66  212.71810842840657
4  78  154.98463082719306
5  37  330.76708262887291
6  58  245.8186825686594
1  63  189.53086852836952
2  72  97.841544755625776
3  50  310.75298689391138
4  60  244.65328410339512
5  48  265.31945983627764
6  34  425.57322612397121
1  75  152.94015629296061
2  66  176.52903405774285
3  73  226.03686934020976
4  48  326.55363183504494
5  46  264.00841781881581
6  37  507.47779825819754
1  66  206.77454876696694
2  67  185.4493360042392
3  59  255.63203124840911
4  37  332.91897816665022
5  27  454.96392294504608
6  46  377.5327989867265
1  83  85.565661433363331
2  39  248.90921555828749
3  49  328.27314420907044
4  51  309.06424477255302
5  12  368.78134613191366
6  62  258.29335707659868
1  82  81.77057371978519
2  66  268.68688992955424
3  38  331.66280622056746
4  47  325.9031518197678
5  50  337.77507995095408
6  77  102.26130592803334
1  76  151.4901066473947
2  78  105.48307855738543
3  67  212.85852333110077
4  32  252.7486193074858
5  46  233.1147200346947
6  71  94.343571725106926
1  70  195.12945771602395
2  51  186.04755409761768
3  76  133.34740871839827
4  72  154.77171999353095
5  57  289.73810229233715
6  30  524.72327027012216
1  81  108.49850117254604
2  59  216.49484906350094
3  42  413.77156815503014
4  86  81.640417525762928
5  30  633.56879154233661
6  62  162.96927168048128
1  73  154.17778671612356
2  61  164.2418568086558
3  57  283.64889890366084
4  51  237.63875821650169
5  53  243.26693687509362
6  44  344.84862788957179
1  74  90.015328587196123
2  75  155.07208387549869
3  51  248.71881039780604
4  45  348.61350863884309
5  45  252.12146037473249
6  47  309.71729070963238
1  64  187.2772683762845
2  50  277.77448758588866
3  56  199.49389112275443
4  58  323.55020849611799
5  75  192.81196632634206
6  82  80.046055547566354
1  63  171.59807151420637
2  34  302.46323100497682
3  61  152.91312622693428
4  32  442.76203600537497
5  30  492.25041971456073
6  29  387.94062028590332
1  55  198.36839457696672
2  19  318.36725057083419
3  55  197.87192748753779
4  40  342.74503877225226
5  55  266.98899368245293
6  67  217.72155590428486
1  81  102.97770143744643
2  64  187.2648188664939
3  54  268.17871467264092
4  63  189.79504287470442
5  52  387.07513158556884
6  60  266.07050724233335
1  80  130.48751683309655
2  60  146.14832097130011
3  63  181.11953976872647
4  40  369.52432887894918
5  49  402.46878101164464
6  41  310.2891079631878
1  61  113.14527109418944
2  73  253.81260166951122
3  76  129.08603497107379
4  65  171.01489911210902
5  60  356.36064018559654
6  69  191.27315959420147
1  54  314.73995487171311
2  67  138.8510995538355
3  34  467.13405865956173
4  57  409.78175414238115
5  68  200.21038443879743
6  31  521.64350163824588
1  73  143.80041126369434
2  40  278.40072837186364
3  62  275.03906204249404
4  82  102.19873936446056
5  42  399.55870893987543
6  64  174.93733767948842
1  72  163.32861663405779
2  79  105.47769294192855
3  45  425.75194528321737
4  49  329.4824828695792
5  76  150.22060209792983
6  63  233.56501858822463
1  56  291.77185001488584
2  46  269.54550729076101
3  53  266.80402230444656
4  61  153.59030054979482
5  24  166.91192847447917
6  69  224.15271016653026
1  76  88.232862630846171
2  67  114.71639207122328
3  54  144.35908132460159
4  50  346.63814848676981
5  58  261.66270409618545
6  40  426.35725401433683
1  62  216.98343248111064
2  57  283.18289339070731
3  69  119.20199947783307
4  54  295.1501319773007
5  43  224.93106499322695
6  43  317.25109312175744
1  32  415.71321402725488
2  30  147.51956990014605
3  71  127.34709868710428
4  82  88.415490124151674
5  62  168.7950450951391
6  78  121.03653090400202
1  66  195.98962660780478
2  52  203.07584640832428
3  55  222.94609437527566
4  22  466.13785672819574
5  66  263.74221596946336
6  66  209.23219527724385
1  81  94.751988873774536
2  63  251.88637237647319
3  49  229.68441848483894
4  20  317.11155707660424
5  53  279.6235120539987
6  59  384.14895047317492
1  75  158.76971647395843
2  33  399.68352191616123
3  74  115.36906309012781
4  83  130.56602361549426
5  66  129.6076161226371
6  72  115.52363717669589
1  56  222.80235278857759
2  59  180.1937187828978
3  82  89.675623563358783
4  39  216.81681129015888
5  53  157.70176155221844
6  67  218.70681425230319
1  52  273.97304143792633
2  82  111.43330973408837
3  61  144.43562628608322
4  31  274.2122708471432
5  70  130.6122550685437
6  45  198.87683214469908
1  72  130.40886688045208
2  63  194.0687346075282
3  72  169.04564395945513
4  53  281.84367531780828
5  56  263.62445780763335
6  65  236.38339865689926
1  85  70.383523045949318
2  78  92.533991688141995
3  74  183.00984029987396
4  37  360.95877978813769
5  72  252.01363174108343
6  75  179.14657220388457
1  76  115.06819285054142
2  81  108.12697585508943
3  37  226.20636339727312
4  25  339.10619657926105
5  72  154.6041355450684
6  70  196.06344935487687
1  59  154.65747581937342
2  58  278.64966653601635
3  63  234.53624509550025
4  62  184.89730341543427
5  67  237.61625282452678
6  32  466.34051653521033
1  78  114.57250196355275
2  56  214.67798404212496
3  62  189.40946749132536
4  33  233.9399557872849
5  55  199.52070498998935
6  53  233.81468377578369
1  51  186.18842822711835
2  78  100.66996415181501
3  60  257.50902597879241
4  52  358.63761447185465
5  72  171.20083478463985
6  34  514.94220184745268
1  70  176.85360485631978
2  69  168.73505760725683
3  53  309.22260174250204
4  64  149.79337174304089
5  61  245.0684317151848
6  66  206.36659820152104
1  80  87.159302462704687
2  68  199.22674724751298
3  49  342.39591054287706
4  87  61.710199226809657
5  61  189.21323688708537
6  67  194.75383462678801
1  57  169.16780490659309
2  55  244.14058547618743
3  73  177.93425647688295
4  52  294.92000733505228
5  39  268.1776393955696
6  48  362.05421442147411
1  79  104.49526632268761
2  74  130.07048120626681
3  71  228.72990106316774
4  62  154.38375139129252
5  71  93.090806190136348
6  53  269.09176995466692
1  65  213.84508069638889
2  45  226.22101892702185
3  34  284.08785955144225
4  41  470.49496240267467
5  56  206.61654251100262
6  58  295.01899788123461
1  74  148.42488119439466
2  52  439.23397256146285
3  41  381.93289881601612
4  47  335.28527473228411
5  42  486.81753395843981
6  65  158.30736974078161
1  59  239.04224849450054
2  69  137.2146518251906
3  50  269.64668554063593
4  52  387.45918962088621
5  58  208.97192055500014
6  58  199.94234066869711
1  46  157.44742233471317
2  63  202.00709704483205
3  44  184.39177190862284
4  41  229.70790390331109
5  26  351.19249352550878
6  46  247.61171212500716
1  85  72.149476491040971
2  41  163.18391395326961
3  29  286.13129131740283
4  55  275.38419261650682
5  63  214.65544902034347
6  18  557.69557257139047
1  72  173.63969004814325
2  37  276.58034609766486
3  42  169.90488535292482
4  58  181.35102310122366
5  66  319.57596613453518
6  67  167.7117352876777
1  65  241.22250319401203
2  69  227.14633309615132
3  49  311.21609197350296
4  52  346.81196172755375
5  46  391.17794083907978
6  44  385.17584506215519
1  51  280.54209278432262
2  64  264.15476253849425
3  63  184.90381393805436
4  71  140.44249529265238
5  28  513.60359749185568
6  57  201.36089695220176
1  60  252.78700866654046
2  55  302.31541894312085
3  52  337.90660829122487
4  56  208.92928323001104
5  53  211.11744032653206
6  44  425.91709540163168
1  70  170.60442685502369
2  62  151.41039386778544
3  79  141.0761510913631
4  38  421.3714836843277
5  42  427.42688629300818
6  30  492.86301344887244
1  72  193.70650741880615
2  46  166.18878753704269
3  64  121.81604138213963
4  52  136.20084329654435
5  29  415.0150916786601
6  32  250.80076959862808
1  64  172.49906617959158
2  52  306.67746009849185
3  39  333.0921943429027
4  55  276.37277914285437
5  71  159.01244012155371
6  39  381.56245497269373
1  51  339.70692087678339
2  80  91.286222889096848
3  52  310.49823615112291
4  75  173.98999370001354
5  30  345.26286678668919
6  54  181.62252384145697
1  62  153.82154666934812
2  71  151.65016312983784
3  58  204.87038323857001
4  74  56.225963130278487
5  47  153.06667979198045
6  42  488.12588281860434
1  86  78.899324204129854
2  42  384.22608555260155
3  56  324.00579857370047
4  51  293.95025920088653
5  68  193.47744751738816
6  44  234.29762177377131
1  41  114.31933516713158
2  56  194.33785900703108
3  50  399.74734911497364
4  37  324.84523841695466
5  59  301.93040508760328
6  34  371.96350214467355
1  59  185.14331139307416
2  56  240.34427680765003
3  59  156.25778670080624
4  49  346.2597439217937
5  65  257.17770509635284
6  52  392.88288994987767
1  57  281.70073333665988
2  58  228.59192102011127
3  37  300.96972096344723
4  82  126.82512260317844
5  63  216.2403564684783
6  49  291.75353240764377
1  64  201.43679223879886
2  34  411.27710062528155
3  62  176.96230997282623
4  57  261.22129246462288
5  58  219.52157965105266
6  36  534.21045587004846
1  85  84.415058600301109
2  71  166.14193851187642
3  62  157.02703157269889
4  39  358.63745982429901
5  55  244.80536998285521
6  57  246.29407967370045
1  62  236.47066515689747
2  54  168.12031319495833
3  59  273.41017764982075
4  55  236.18502830198634
5  55  233.69519417230157
6  53  494.46067874090556
1  79  71.161047691464404
2  69  159.48907625056555
3  79  98.049566511678478
4  57  332.86521669481965
5  57  297.94948669358706
6  52  262.10947036199752
1  61  143.97321024004765
2  61  235.97973869173424
3  67  238.26006124498065
4  27  291.38411983353302
5  70  174.41624139722276
6  45  294.79441863743006
1  74  108.29095011412259
2  81  52.026148614753822
3  49  328.99279290029182
4  50  372.92937901552096
5  39  218.44111783649072
6  48  440.46543494078389
1  60  196.54297362495751
2  60  147.33590551544825
3  42  562.56382834184842
4  68  216.1159267290499
5  53  262.66445479824358
6  46  381.79543491864996
1  84  34.642194897510024
2  63  185.27399791218582
3  47  356.68631172450307
4  84  92.825685588214469
5  56  375.57176410149674
6  26  429.77334124518615
1  66  203.39048886947765
2  66  166.10136370463727
3  69  140.24238400468812
4  72  141.740232403379
5  65  175.39127035256698
6  49  362.48618885489077
