2  22.0  162.83988715523418
4  72.666666666666671  244.77475007770309
6  68.333333333333329  301.20594171996203
8  74.333333333333329  244.74297192852757
10  57.333333333333336  461.30007134772092
12  57.0  367.8746405972268
14  76.666666666666671  411.28259860487287
16  82.666666666666671  348.92708357137872
18  77.333333333333329  446.11341496793204
20  83.666666666666671  415.44967042371536
2  27.333333333333332  184.6937923210445
4  55.666666666666664  319.49967576041911
6  80.666666666666671  282.72087347216785
8  68.0  319.81227595315306
10  76.0  360.78575706940285
12  85.0  314.73110888883122
14  77.333333333333329  418.92126702563422
16  76.0  439.00888458672409
18  81.666666666666671  395.87385034465723
20  83.333333333333329  423.4363688159101
2  25.666666666666668  190.48620660037696
4  69.333333333333329  266.86107576589001
6  31.666666666666668  297.60853062830614
8  77.666666666666671  363.20791411191692
10  71.333333333333329  390.96394122661059
12  86.666666666666671  332.60399202162444
14  88.333333333333329  275.16449725871894
16  80.333333333333329  336.48012991650523
18  89.0  345.69207001524632
20  81.666666666666671  475.62238353044563
2  14.333333333333334  178.05204325577941
4  34.0  284.51889845868089
6  60.0  336.87647043983452
8  78.333333333333329  334.72790876169051
10  59.333333333333336  476.93834893519715
12  79.0  332.95200457473817
14  69.333333333333329  400.1213560311449
16  80.666666666666671  328.83714515989675
18  74.0  508.01723629080135
20  89.333333333333329  337.51466467095071
2  12.666666666666666  197.04768731034238
4  50.666666666666664  256.88368952111756
6  53.666666666666664  342.73941926618681
8  70.0  260.14535916785701
10  85.0  285.94029130957495
12  71.333333333333329  409.98720832178043
14  66.666666666666671  377.01810844607604
16  74.666666666666671  495.29110403659206
18  81.333333333333329  424.89118611605369
20  81.0  436.75802045981828
2  46.666666666666664  170.40952235691663
4  39.666666666666664  252.28325581182386
6  86.0  264.74080656521903
8  70.666666666666671  290.0455040093226
10  72.0  383.21860108086167
12  70.0  387.18307698240017
14  89.666666666666671  297.43136055739376
16  90.333333333333329  292.51031536026761
18  74.0  469.18684935627942
20  83.0  410.7989849387551
2  43.0  155.82072665177753
4  49.666666666666664  281.27958731252539
6  48.0  339.54530525352834
8  58.333333333333336  383.02063785518959
10  82.666666666666671  305.03290965156589
12  76.333333333333329  370.52555837648555
14  88.0  324.38608201028302
16  91.0  298.16274861049413
18  81.0  332.31786871677139
20  87.666666666666671  391.35822681481227
2  20.666666666666668  182.78360591034689
4  58.666666666666664  220.18469665241565
6  61.0  268.81742731490039
8  55.333333333333336  345.52798937065603
10  91.666666666666671  250.71840693346422
12  85.0  310.9634214762591
14  73.0  412.93291455920161
16  86.0  404.91474088476167
18  87.666666666666671  343.82933141911411
20  87.333333333333329  358.5245701169934
2  37.333333333333336  169.93283011490752
4  50.333333333333336  251.57264542667397
6  67.666666666666671  251.62367730180131
8  61.333333333333336  368.68299618337335
10  80.333333333333329  308.09298983871338
12  83.0  416.37299378113681
14  79.0  394.00787321384632
16  72.0  275.60133316644067
18  87.333333333333329  357.31902523031567
20  79.0  500.75245729114954
2  18.666666666666668  147.01485323844108
4  59.666666666666664  293.79394908056997
6  62.0  269.30359937320338
8  59.666666666666664  292.11988268200469
10  62.666666666666664  393.29769463359838
12  68.333333333333329  396.27332206116245
14  82.333333333333329  364.26857825298873
16  84.333333333333329  399.87198409827351
18  85.333333333333329  436.22948169385359
20  91.0  339.38073621633538
