2  19  49.104503463009138
4  86  251.26800616974481
6  76  248.03217852529667
8  66  627.93478947368851
10  78  608.96221213388196
12  99  646.97354579986154
14  83  806.10677003020339
16  85  834.89016152405998
18  85  729.02364331795116
20  67  830.66336751007213
2  58  96.081038137615394
4  27  190.4244073867219
6  48  320.49014798803381
8  70  463.38679885191681
10  85  771.77529517219307
12  61  676.03868655265842
14  85  461.62900176325775
16  97  704.54494805195088
18  95  846.11672087196371
20  91  750.33036487068114
2  92  150.69637264516638
4  72  165.83633058220968
6  46  470.82699258430119
8  100  324.57907004897208
10  80  695.26329232150692
12  90  762.13308251823969
14  73  567.27230875280304
16  65  639.42501274766335
18  54  797.95222325042766
20  97  720.8678992797893
2  21  71.23334394387139
4  59  298.34544936520848
6  88  485.71429066554845
8  61  588.90318649308335
10  70  768.45015343425052
12  78  651.92989464281948
14  86  691.66371528637205
16  98  785.84403386001748
18  88  673.8570359848394
20  81  790.14154967844172
2  25  123.10654977345465
4  29  203.07537654800504
6  56  225.96659377970894
8  49  571.56705779907179
10  53  507.80057992734834
12  100  687.39929147600378
14  60  513.34568754676388
16  66  759.727121473995
18  99  596.85812829304223
20  100  753.91318654366319
2  4  66.999999999999986
4  22  71.238144046949216
6  84  292.46280838045311
8  62  613.94173194367579
10  65  429.74623086389636
12  57  706.058367308784
14  86  641.55865024326465
16  73  674.8978873045188
18  97  628.52298169726271
20  97  786.73617514845205
2  49  172.63148926747272
4  39  61.761378185876936
6  81  482.63480552720983
8  77  641.15721056525808
10  73  504.06247436495931
12  56  551.40978947124552
14  62  640.41326563660073
16  97  771.30798282050341
18  88  825.43103210782169
20  87  783.02104909064974
2  27  172.1970961025892
4  40  295.55638280257165
6  66  388.87953315735393
8  50  448.88924748134264
10  73  841.97878940081125
12  79  629.80994249048797
14  55  470.99760996065419
16  81  728.5365436592549
18  76  855.33508439741183
20  90  746.53481895580501
2  32  136.94259270291494
4  70  72.098190377825375
6  100  379.47728859356874
8  80  430.53146177142912
10  66  537.23241875232009
12  84  627.46989961949953
14  68  593.76980090680922
16  89  741.90862628470313
18  82  732.48868992806445
20  76  809.04281422416807
2  49  135.54788465873577
4  39  114.47166706559716
6  69  421.67482930639005
8  87  712.71906750749145
10  66  529.01760087535467
12  63  785.13542576245402
14  73  778.99926859474544
16  100  744.52041317630176
18  61  816.66528986911328
20  99  648.19369208954913
