2  37  100.4919224223158
4  33  105.70614863554034
6  25  275.10713100877518
8  61  89.945408767728367
10  49  107.2378780398566
12  47  105.32995899022625
14  58  338.53032605687264
16  28  531.66545627163578
18  85  39.178544803529533
20  70  309.43768546007664
2  0  0.0
4  40  75.217860046240887
6  29  111.45345867783074
8  39  188.75338893593019
10  34  262.12770990267717
12  66  216.98825818481473
14  53  360.0939834896447
16  91  21.999999999999979
18  63  386.26154615377573
20  72  200.11662780538106
2  26  91.5894318546638
4  24  118.8499664186097
6  44  272.25935150191771
8  38  289.57785889261311
10  28  443.22579276283221
12  64  373.97008358515291
14  72  52.543943333178881
16  63  88.453614106894207
18  46  187.24987811443623
20  80  106.35275077440683
2  19  29.114828088299038
4  17  126.32335098911429
6  15  151.01851940872245
8  47  131.8646522936094
10  24  424.55784945506849
12  48  98.916364734481988
14  83  74.385063281572798
16  73  142.05058548122807
18  62  46.570238810615308
20  43  198.99134713479776
2  34  72.798501728930248
4  35  256.98311374748658
6  36  244.92573337620397
8  26  421.94987488453967
10  66  130.4024116225595
12  48  263.55408344109549
14  45  204.02793197808452
16  78  109.27825968021629
18  52  163.02523609538198
20  60  519.23763705871897
2  49  75.767199082589144
4  44  159.22835881127278
6  32  279.36572084298047
8  51  147.10697015703926
10  53  221.95105928043867
12  43  383.09406208221276
14  44  174.1508806137312
16  58  132.35181648241576
18  91  54.005458376133653
20  68  351.41021183000981
2  34  39.214348867545041
4  24  106.70497549090314
6  50  69.034553256517228
8  62  133.43008791233748
10  6  304.71885220480306
12  55  227.54763189646417
14  60  279.73492010822645
16  63  176.1562626336987
18  66  282.30913045278771
20  58  32.257740392135226
2  7  130.239952573294
4  47  106.73174596340412
6  54  105.41266231471877
8  71  120.42200909234967
10  97  15.162717647321726
12  42  37.387582263013854
14  57  181.64584478531737
16  60  52.840138649340872
18  37  204.67247324790841
20  68  40.707599535299032
2  44  60.39032465387794
4  42  153.54993800319875
6  45  126.17835553404601
8  51  71.790755045869133
10  80  90.499324831354386
12  55  177.17823266403363
14  53  338.48640167953658
16  56  346.02317596289646
18  64  44.977082485574925
20  62  176.5953574636207
2  28  80.46126603617148
4  11  123.43937326556194
6  30  194.04776167661785
8  52  208.36236183895079
10  38  388.39255870082843
12  68  110.21261169746339
14  50  165.99023829720463
16  24  528.9393278917322
18  73  27.489238288825977
20  50  299.78163675471978
2  39  112.13238619959189
4  26  104.15298899455462
6  26  267.95599186096376
8  51  135.96701765019804
10  37  321.95747743848341
12  36  111.99999999999993
14  48  470.3981161282951
16  65  211.5281396876322
18  12  590.55111369250665
20  67  288.58105956039566
2  20  102.91774482090358
4  14  188.45611834957629
6  34  122.91968586815402
8  41  349.38248102882295
10  46  218.77125025998808
12  65  128.47359838013767
14  74  153.12458974725033
16  53  234.10439354901263
18  20  337.15871490522431
20  45  346.10273179338964
2  34  72.733642989468279
4  16  86.906498228045592
6  40  149.18546708990823
8  48  111.30111478691218
10  64  104.85874127892332
12  45  170.90020899726343
14  68  120.46227156995676
16  62  288.13919019020449
18  72  298.88492824234413
20  27  135.62361015218633
2  34  100.39235823205547
4  44  131.40793184223008
6  39  206.55764434587368
8  61  109.98667075486581
10  43  130.27896585040588
12  38  401.88845957778591
14  64  127.78656438992559
16  73  106.1996894271755
18  50  185.7759294216462
20  55  94.689878615785915
2  48  54.445794899843072
4  9  149.34572063210138
6  53  123.86713107739858
8  61  154.85594089568445
10  47  246.02197780611704
12  43  326.96302777373398
14  78  188.66951054596848
16  80  105.94031090592874
18  56  349.0302705486589
20  61  211.7134391793029
2  33  5.916905255750085
4  38  255.46550373658476
6  64  133.60014530424235
8  46  278.24285870301145
10  46  249.56154048131393
12  11  555.4814746455495
14  67  200.18814755519216
16  74  99.625917336796576
18  41  367.97633356644951
20  62  108.97658626996846
2  5  131.54981046071902
4  58  48.161772125982743
6  35  176.61755423671659
8  56  220.21593709257442
10  54  255.71943252231554
12  53  218.4885972465143
14  53  86.753951107607662
16  56  307.90386610386281
18  42  451.72555963637922
20  75  204.65272307220445
2  72  74.683878520579015
4  39  143.1465392037683
6  31  247.23255798764524
8  43  130.53911585987856
10  72  52.89345189834853
12  32  337.00845400301114
14  56  64.273061165324165
16  59  377.04016115206196
18  75  274.72719086547954
20  72  78.613396222045324
2  32  83.042216431781966
4  0  290.63969217029887
6  25  157.17182240863556
8  19  272.75686832650223
10  66  90.072237883756245
12  29  321.21442055613716
14  47  223.49051762236348
16  38  404.19131484730326
18  60  299.97800244904818
20  73  76.257673374715239
2  7  152.56828100133654
4  18  100.11958475207183
6  37  114.77482227880314
8  42  143.27916653448256
10  64  219.7661566691167
12  52  129.58639061660332
14  76  190.50438066012848
16  74  54.707808803597587
18  32  732.68383090123621
20  41  114.02127200172414
2  12  74.848312147831621
4  0  97.0
6  37  95.435214859577115
8  41  153.10762616073882
10  45  181.42731136755262
12  34  502.22471668169999
14  36  577.75044515773016
16  61  0.0
18  46  420.78878373667567
20  48  175.42650734541476
2  34  75.646578160857374
4  57  67.688089915855883
6  20  287.52024986812944
8  36  215.6953395879807
10  78  27.944325825505448
12  34  263.78411946860638
14  87  64.874864524224336
16  72  219.90795543391323
18  69  241.0047635742834
20  57  264.83185283553712
2  44  116.77025656622908
4  18  177.41928823188599
6  21  83.033527902226083
8  30  89.211625773578774
10  41  315.02948126873292
12  43  149.18419413883359
14  53  379.26745159973638
16  45  488.65485788212482
18  84  87.55406835753918
20  37  854.88566338328042
2  33  135.36701560267011
4  40  66.723164023824765
6  44  212.59976880344354
8  43  330.36284719084614
10  60  208.3905845417535
12  54  235.57749577450514
14  38  412.88668933999486
16  73  164.37794466420769
18  28  866.36802104028902
20  65  116.42386369748097
2  8  148.21942739744969
4  0  138.26988190512299
6  25  212.76320067906647
8  30  103.56277945709165
10  66  178.87998150210089
12  43  205.70225472748419
14  77  108.18397355966542
16  36  146.38400045077057
18  19  141.70877857081859
20  59  391.1359047869401
2  29  124.90540039356989
4  22  257.65218469970677
6  41  207.21240982687294
8  25  119.27803023434363
10  53  179.22157310478644
12  55  209.47564146635369
14  67  246.06002352759555
16  42  177.32024219773368
18  75  80.138865463420558
20  60  79.574992130062995
2  44  102.05287917659021
4  5  329.33399929777403
6  44  160.0602236585394
8  16  376.12885620402096
10  21  175.28260731478622
12  35  97.655007204624212
14  70  202.45231014102697
16  47  108.40369677916306
18  47  210.15560643872985
20  81  149.10864165741779
2  33  77.904136238550265
4  66  98.386316346585346
6  51  102.01308370235338
8  66  173.35551409734043
10  48  203.78599123442683
12  29  139.89622551754866
14  66  296.90177168586638
16  63  42.379168866301917
18  73  96.58324317063537
20  45  465.66903120341493
2  17  20.598019037280309
4  19  86.759717400579703
6  57  159.9068456424497
8  40  219.36588972806976
10  20  397.47689811246988
12  63  132.46050332880878
14  65  136.2429981716204
16  59  292.04373258471605
18  61  171.04119545708392
20  79  70.757838197956033
2  24  97.40747969086155
4  34  126.54599919934701
6  37  160.2065395075289
8  64  111.58438343609598
10  46  224.5144821018485
12  64  173.4369326562321
14  35  365.94974479284167
16  40  168.8040617864597
18  56  35.820927959447978
20  69  281.38690122583029
2  19  146.9782183828537
4  19  152.8912967567818
6  25  214.02086903078387
8  33  287.16721889661807
10  59  186.68663767831976
12  66  211.50413898044241
14  66  214.78941653412974
16  76  94.566327444489829
18  50  255.02446799262549
20  65  158.44994155071561
2  34  118.4566351711339
4  28  76.068505724165746
6  51  57.787360826274572
8  54  170.86801174257818
10  57  151.89307903902059
12  92  57.011310023902034
14  89  99.115137881646007
16  44  255.11742129097289
18  48  558.02985600693921
20  75  166.69194591238596
2  10  78.387320945603065
4  31  137.60152534983331
6  50  161.2305707479631
8  70  113.82449357505968
10  53  203.96101481297464
12  61  288.86684383168563
14  67  28.230312015827643
16  56  106.79315510921836
18  48  215.69737802690872
20  37  921.61419760288629
2  29  76.61732846980766
4  15  154.74351911537775
6  57  107.68652805722573
8  45  252.28790279414247
10  50  128.76866764515657
12  58  48.879809386859691
14  50  187.94037058043662
16  66  143.72572846354947
18  65  236.26158231005817
20  90  75.98160361758147
2  33  75.77018797831785
4  14  190.88808321643447
6  40  115.25174671078524
8  32  220.59357093256318
10  48  290.33746323023689
12  61  49.479073323992168
14  71  187.72726741047737
16  83  148.23010822031941
18  82  129.48572223650083
20  56  78.828055511708371
2  54  22.391606168962749
4  49  119.2005121920525
6  78  66.527942831105918
8  15  390.45212939135376
10  59  117.21243641255609
12  54  134.85161397910662
14  61  131.82531870584114
16  68  115.88601194252091
18  5  366.54067202292299
20  33  443.16915924723736
2  18  102.33387209949019
4  50  116.01800437008048
6  44  104.91192912526667
8  27  391.07840904935637
10  47  64.92888460328578
12  23  132.13020510797577
14  32  439.68248243917441
16  80  26.927587222152777
18  32  201.87367086356571
20  41  479.13485400091389
2  58  82.626999671338993
4  28  183.07355111540724
6  40  293.69273247954402
8  58  112.10727281329125
10  45  104.12849109365726
12  7  612.2598748438312
14  31  514.72550548807294
16  49  24.814446671245541
18  61  190.32083482613174
20  59  485.28826087255499
2  5  152.6206831365283
4  14  329.35016017933719
6  31  277.8936958631943
8  32  230.86303351688369
10  40  339.09177913002526
12  43  210.80072730215224
14  68  59.527385981461904
16  56  116.4077018104895
18  71  172.53173754164021
20  13  589.1971377840548
2  14  133.8255371980687
4  50  124.3441441831104
6  44  222.08488880501966
8  34  167.61316303582632
10  55  152.19801595868807
12  40  203.91804280113539
14  46  227.22857691408811
16  76  57.818698527710531
18  73  79.97177234439576
20  80  197.60865918186573
2  38  62.716380827980473
4  19  169.91137950062304
6  22  302.8991187344821
8  63  39.059997818404966
10  31  271.81541674609457
12  37  378.10789761240676
14  59  98.518730918299028
16  22  739.8324110338217
18  54  134.63829207346043
20  70  99.730710915393544
2  0  78.999999999999972
4  36  137.73818739427051
6  20  333.54026645441269
8  40  86.057688722235724
10  29  411.53364534007733
12  61  135.97909093727162
14  41  240.0096740232845
16  55  75.744097234579172
18  63  33.978823240077624
20  53  192.92873014655601
2  11  91.798185693463196
4  10  81.094386222288904
6  40  244.83826012472039
8  42  200.10725316168595
10  61  255.60920893137919
12  44  216.00505469281222
14  75  184.00202810737045
16  73  198.42601857657894
18  65  169.20373659779884
20  51  69.718284166520732
2  0  21.000000000000014
4  23  238.94732926399197
6  45  98.684613322859093
8  45  253.00136566827399
10  11  346.73528548268644
12  48  252.18927263154106
14  60  139.47339419866395
16  54  170.69512921768978
18  54  554.07092891600257
20  83  20.37477551314095
2  20  141.17575024761311
4  22  196.33499687424771
6  29  166.82717437629066
8  40  194.12646846117264
10  73  148.05294043941572
12  39  291.34349456156406
14  35  217.71125906181101
16  75  85.490160200458917
18  66  297.0336244195795
20  62  267.66221503207299
2  6  182.59511564594152
4  47  155.35945938661877
6  22  255.21267303532383
8  63  83.243066491407859
10  60  274.23303236316855
12  58  149.01538681410412
14  64  185.69814530298288
16  82  84.557096478007878
18  84  74.947716479679059
20  51  111.15337004063942
2  21  145.39669390726766
4  41  122.54433406808697
6  37  148.20647054884626
8  57  144.17191171226958
10  45  89.966185790312849
12  57  326.41250930130252
14  71  176.79616162696212
16  46  233.39577812046849
18  53  384.89071389487697
20  70  86.819997380334655
2  5  148.77264268730281
4  15  200.94129293167489
6  27  97.851911442012479
8  26  132.70886932158655
10  43  198.00683237712406
12  42  314.20559067656239
14  58  112.89094171933044
16  71  259.35749418512489
18  62  207.77929852868593
20  52  369.92938616389523
2  22  94.730418458311718
4  40  168.3593897226749
6  11  312.79252157868524
8  54  221.27452094078839
10  43  193.02808189054483
12  50  420.30218004282472
14  55  141.49874963401808
16  68  19.893012260234443
18  90  86.985514477430954
20  72  39.963695621161129
2  6  67.495649298274813
4  64  36.380694142405105
6  21  103.90499393820522
8  53  181.52810281907063
10  27  311.35306684434261
12  38  449.06010543249408
14  45  231.15141614368196
16  37  326.51881511551534
18  72  113.94352127967966
20  60  95.034303655116048
2  0  158.82369246373989
4  36  144.96886013003535
6  48  108.12964143664865
8  74  141.11588590105822
10  26  389.67475146361704
12  35  625.24513270894124
14  54  118.19848976530423
16  48  355.90272842457694
18  38  640.93905335366492
20  66  44.455654115034491
2  22  122.36705281237455
4  19  88.100496403396107
6  46  180.21313302241771
8  36  258.03029198858076
10  75  140.93167931059077
12  50  137.6470174055143
14  74  79.211687658069437
16  66  242.83806154806547
18  9  762.19178429520252
20  50  362.57586807237976
2  55  67.121009574544402
4  16  168.03911384270853
6  36  185.52781331850298
8  44  190.58089766033578
10  54  83.361407599521144
12  41  41.752499956789627
14  58  253.51482550124501
16  68  3.6335326099158389
18  54  574.8249049576508
20  82  95.888495996827984
2  21  50.580878058273207
4  3  227.6965228845601
6  32  175.09960096606304
8  33  357.8180891236845
10  67  195.51019211231343
12  40  119.9249791311881
14  68  120.27312083319968
16  58  346.26189261869303
18  72  131.1238445919065
20  64  59.396122360398714
2  18  147.51584744536268
4  32  99.878257236502606
6  51  167.7010364393459
8  64  21.747079360953748
10  55  176.37370561044258
12  62  204.45330742815116
14  57  77.276023415313219
16  60  204.94966292576765
18  58  175.64420670006044
20  76  45.342214380396285
2  22  82.51963229970319
4  11  101.67102463128482
6  34  226.60056227094114
8  48  306.42949817555655
10  57  277.05989697526888
12  12  597.08264756886342
14  49  173.22161437418183
16  79  90.286743028750649
18  67  36.756338080902729
20  71  150.76212504502016
2  39  76.005392831319355
4  20  175.7945129587431
6  27  244.72365069638568
8  28  216.18938477766551
10  76  81.558713442860636
12  57  322.39624258022195
14  53  10.428737761338114
16  50  201.71366746270192
18  73  128.61816753552407
20  66  122.63635262958346
2  10  73.635070130609009
4  29  78.103771166420572
6  52  156.00448963975913
8  66  133.38973363798007
10  49  117.9607859767298
12  46  211.35342900349028
14  43  406.80966324851403
16  76  135.95856135129858
18  83  15.925588091477767
20  65  130.13233603867425
2  23  78.597484062720042
4  42  179.31330031937475
6  21  102.01996062264843
8  40  244.19715208841339
10  29  379.01786262806758
12  78  61.080453134720123
14  58  210.36173110234773
16  60  252.47907886747149
18  67  26.968452737195669
20  57  147.13125228740287
2  48  11.698301076442847
4  13  196.55976910867375
6  50  115.2630085606523
8  41  259.6728947635965
10  56  133.83080289183081
12  63  310.43901274353698
14  44  273.64251842025476
16  20  1159.774618336653
18  69  48.108754955246162
20  60  206.68661165148322
2  30  72.874687498041283
4  39  81.660212011367861
6  65  139.719694868104
8  24  158.67914956518439
10  44  156.14233909114949
12  53  130.20035905543881
14  25  397.74925563287974
16  61  200.71977396609344
18  65  130.92673942782542
20  65  79.866265971486115
2  13  100.16483727907858
4  31  250.21972332170523
6  39  175.04748228775159
8  51  119.91236035879611
10  66  153.3975953459846
12  60  141.00159935043422
14  49  156.32898708701958
16  64  145.8700550558965
18  65  114.76294774542554
20  87  42.026186269697988
2  35  72.061708940588204
4  35  79.097729534801147
6  42  139.63260086413911
8  59  170.70018968133689
10  23  650.39765917207603
12  37  361.91119279282066
14  49  47.739801478910302
16  28  344.32138507571966
18  65  69.25759324452298
20  73  176.2405658093079
2  15  27.47102660655403
4  35  79.86015883093259
6  51  113.1246796345565
8  41  230.68272100003398
10  63  141.84263672140739
12  75  323.63144796539871
14  67  188.03187598804453
16  28  852.51677254346259
18  62  109.32298227873659
20  75  253.05163056315072
2  13  137.56486038157055
4  44  41.724892794457482
6  28  200.71122172380831
8  38  408.73612579310151
10  57  60.6881931614544
12  49  180.4318985106658
14  61  356.76030050837085
16  26  451.16737030875163
18  58  116.8917819558762
20  78  177.67771454156258
2  12  67.158992983538283
4  36  80.611646164796639
6  37  62.916807136548464
8  47  215.93652372891117
10  48  40.777066369248047
12  45  172.04659559811614
14  44  397.33318664156934
16  55  116.85371341764107
18  66  150.85886035477668
20  85  135.09302791241009
2  18  154.59918040924805
4  23  263.5438295030803
6  57  135.66310372727099
8  12  404.92725603281139
10  74  78.423191499959415
12  51  58.948790920039507
14  51  321.73857215468354
16  62  118.0007181581318
18  56  103.21115928647048
20  13  793.14405322224752
2  19  93.653724658375921
4  14  252.2341344655683
6  38  108.46213922902469
8  53  145.52535013129207
10  67  127.47086638586238
12  83  77.957857219975537
14  68  11.433492333178863
16  57  299.4816407243718
18  69  192.31275271473388
20  30  188.0178550389212
2  24  120.99367996903867
4  25  145.37259635874662
6  41  99.092005179683099
8  57  30.970494282893551
10  49  108.7297253153413
12  30  418.80569448807796
14  46  312.98344369051262
16  25  392.43153519531427
18  58  222.93769724378316
20  62  222.63528737552707
2  16  140.6459425038928
4  40  210.48101017793479
6  27  193.15863900504542
8  33  86.662223561502444
10  33  441.3611221602186
12  55  177.0807292546464
14  56  124.37788578305259
16  72  94.161686278811089
18  57  346.52414843828177
20  71  234.40317522392832
2  10  43.184076582858836
4  8  204.76996724673171
6  39  289.89768817440705
8  52  138.8019621272401
10  74  74.255339903810921
12  44  133.5988172891924
14  60  254.15063081893456
16  30  329.95598161865507
18  57  398.17069362515315
20  46  272.75348121411872
2  0  147.52816069813133
4  10  62.61714343752945
6  49  100.99360767993549
8  41  198.99563183787191
10  35  277.49006367439063
12  56  201.89189181925789
14  45  365.60449706513526
16  66  42.819303598498394
18  69  163.2810174659981
20  80  164.30379045150849
2  13  67.149823030419469
4  42  166.52695100826938
6  20  262.14047650934469
8  77  180.69215802009521
10  25  304.14684213610565
12  46  151.16368269489851
14  53  297.76328758097247
16  41  445.52871140762693
18  20  805.03307140839706
20  50  237.45697263658235
2  37  24.951546122773244
4  24  127.45735650260646
6  40  127.82774972874086
8  82  71.109017288326001
10  28  574.45527029878997
12  63  406.4956483908615
14  84  95.071214633437194
16  67  0.61905262925542026
18  25  186.65548340789647
20  78  55.724031881907159
2  8  45.768754247687482
4  45  161.01117585546891
6  19  125.18940687962666
8  22  395.49572091870999
10  34  169.09962279257252
12  65  108.67509633400702
14  55  268.11582483795792
16  61  187.46529085296314
18  74  62.632486775625942
20  43  527.55986185761424
2  0  99.999999999999957
4  40  124.66780780637465
6  41  156.29133308173763
8  44  281.93720880590939
10  23  484.42324099629514
12  56  152.89612451083656
14  43  340.45834883664435
16  37  342.24882089126908
18  52  225.76540984858684
20  70  177.71370700795441
2  0  20.000000000000014
4  26  76.254521521549663
6  52  135.32641212191888
8  61  87.228002463483193
10  58  128.03765168904562
12  10  325.42115498488653
14  68  51.821776214561723
16  57  410.5062876488941
18  56  224.36626582077892
20  8  739.07059383921899
2  16  72.369924622350496
4  15  146.89310832119031
6  28  94.06164587548524
8  46  218.72383760499957
10  48  98.084327301663635
12  59  163.86516086186816
14  52  50.817251634878261
16  76  182.30394619460796
18  43  522.93651911796962
20  61  200.34298059869556
2  5  22.738718100909686
4  15  115.24865001655046
6  70  76.492697372578988
8  45  217.38832362335069
10  58  300.79223383518308
12  38  311.19133503288958
14  51  317.47080719777688
16  58  227.41406096791556
18  39  272.74300017484723
20  37  166.90828379580446
2  0  0.0
4  18  117.80566695198713
6  35  123.38376922285306
8  37  191.32526438410346
10  38  442.54058333134049
12  74  49.539215059358611
14  44  311.33790788667841
16  20  276.11299942418839
18  95  49.967201355642167
20  68  303.93754865302975
2  0  45.834130879042085
4  51  140.37519028401175
6  35  206.02951663556254
8  54  148.06580549940972
10  58  237.7206655420789
12  54  259.22918725717346
14  70  126.87522328888583
16  72  33.188561045835336
18  58  143.22927533440708
20  26  661.58473747222115
2  7  5.8208335219838956
4  38  96.413504637681314
6  49  158.67365469440313
8  36  236.6252875123273
10  51  102.65503419871222
12  55  119.01731765542442
14  36  536.79192573729995
16  42  360.5549350190015
18  75  258.0089247324384
20  78  278.88499698359595
2  27  113.11703962978179
4  34  147.14381018568355
6  25  74.17630714801966
8  68  87.711825301060415
10  36  378.2060350600841
12  61  208.9225978546572
14  62  95.787612458351305
16  69  146.32996377776794
18  43  219.88631798859763
20  77  38.27297429708392
2  32  79.620794005998277
4  25  213.52025737045616
6  15  264.70129028364983
8  60  90.855673564761162
10  50  166.86460310654041
12  68  147.34988709112139
14  64  127.7868759119508
16  56  421.08188148400751
18  56  356.89459692142293
20  46  108.18463283897374
2  16  145.94590277756325
4  39  124.65764621639107
6  41  160.20603863632357
8  13  345.41210561625383
10  77  133.58876852133955
12  30  457.09297309521054
14  58  111.63916308252719
16  56  71.126433281042154
18  70  77.671576910322656
20  72  108.4438085107335
2  14  69.465861647189357
4  50  72.762968903667002
6  42  149.04423814450041
8  0  527.84963364206703
10  36  69.42500550071955
12  66  260.56519666312965
14  33  393.33294388855916
16  60  28.290479761737693
18  61  191.59113142851055
20  64  74.021789769803803
2  6  133.74145721861183
4  13  123.6163438889852
6  47  135.57382189113568
8  38  254.43231136248352
10  55  105.56271004505165
12  51  226.2446815574842
14  62  278.25155635985664
16  31  168.58258753855026
18  29  199.16081853017988
20  52  362.58205199313096
2  0  70.000000000000028
4  23  252.12047064394551
6  57  106.23120450490562
8  48  142.43798157174774
10  26  403.66855727888128
12  5  396.81372842619942
14  54  426.24793160741848
16  52  215.23068068542719
18  68  47.449407057064363
20  39  312.83145281635234
2  20  52.462747838237881
4  38  82.088977512578637
6  59  117.19665127246211
8  53  134.2350842058265
10  81  67.328079725985546
12  56  74.22641402086461
14  47  78.314772928444569
16  60  169.63603567477634
18  74  259.29493469733103
20  59  306.43281965847422
2  8  126.95682003041411
4  26  192.32854522922119
6  32  217.5466435789489
8  31  331.04484423895127
10  9  348.20079487038458
12  86  66.227780696029143
14  60  166.71022400755896
16  57  404.37198368699649
18  47  166.31837028742476
20  46  142.34477492496893
2  3  126.34245843640358
4  0  225.81235572196906
6  33  243.68493668649114
8  67  87.515830765216677
10  65  212.66786178572809
12  39  174.80406667780412
14  56  372.54902973525151
16  71  120.22037819437112
18  66  271.06837914855828
20  59  114.2645275137932
2  26  61.59985457562604
4  15  92.396152328495745
6  5  438.83518061381989
8  63  103.32597332042677
10  60  124.24600718606231
12  73  93.084717715684661
14  56  151.48579792127646
16  40  375.78060587172683
18  34  378.13720712493415
20  75  73.958687427607686
2  18  58.750149462161204
4  41  115.05062997122344
6  39  162.50988025850009
8  31  277.2868100431146
10  66  137.72474871536804
12  45  466.07833982600607
14  62  110.12102234486844
16  86  96.989906115845585
18  57  284.00670146746842
20  66  278.68524427634577
2  4  141.75517100550692
4  15  202.21022666920999
6  54  148.03740827349986
8  67  129.41034150921803
10  66  141.5852013218927
12  24  281.30851953657998
14  47  515.04438332777943
16  69  93.597080457111318
18  63  242.32323495511557
20  42  83.364992425042388
2  21  59.289646866181926
4  21  90.335272914788987
6  7  348.69556460555964
8  34  164.5028494667863
10  34  110.64487723759142
12  73  74.265862041564304
14  42  298.79288249546613
16  53  162.1910202840138
18  58  177.02588682263934
20  21  102.97679233039293
2  4  177.99999999999997
4  55  149.12640824173394
6  42  110.71474787013084
8  49  133.61671109716912
10  53  144.16091631865652
12  88  71.797587506405435
14  39  359.54154560277937
16  61  173.06000622052332
18  56  249.16067849664921
20  68  164.32772748358465
2  13  85.180771465865121
4  27  196.56199839316662
6  55  94.252934180033407
8  63  143.14580748381363
10  42  253.5580970343631
12  66  140.36285347573343
14  60  334.45004735023997
16  78  128.89522577823377
18  41  401.67841697294659
20  69  54.805285437453669
2  4  34.0
4  14  79.108148259671609
6  13  136.21233048510049
8  52  167.14496714775194
10  39  163.92582896944717
12  48  336.43284219361237
14  70  228.60043196230205
16  66  236.90829963624023
18  66  229.75934067687317
20  25  700.85430930635187
2  26  61.623243915273427
4  10  265.29550459591047
6  52  150.88173906568207
8  40  153.2754981827768
10  66  140.63995705176526
12  52  163.6813282607888
14  70  66.074902720468273
16  25  415.87951800310282
18  53  572.82470622872006
20  85  217.76010193505411
2  22  132.81382116878802
4  31  38.55733011544055
6  44  163.75277972325895
8  23  233.48273461606809
10  43  255.79095504682789
12  54  241.88926342413419
14  55  248.75286074971569
16  54  305.39979332299447
18  72  163.80053822761255
20  69  143.6208563688439
