1  78  98.28587351581254
2  72  113.52229174646091
3  67  126.92666065281639
4  61  253.70530676086778
5  66  144.62904438785151
6  60  296.71699990238011
1  72  163.68026654673551
2  48  271.03107324296184
3  45  531.50386431512857
4  51  433.74338759494589
5  87  81.782172811307632
6  64  178.69359910930402
1  83  74.753511344550901
2  68  143.00297915817268
3  52  191.18386868776577
4  52  229.95790566338388
5  32  498.33416788310592
6  33  424.48006211025768
1  68  119.03946169756949
2  68  190.46105898031971
3  48  171.88573531839717
4  41  319.64848886265298
5  33  470.83181310989772
6  42  271.53292222492428
1  81  97.304019384610768
2  68  166.03469603676118
3  54  209.2943860127242
4  35  504.56053064407251
5  52  286.64174590287877
6  30  415.59667861734096
1  71  176.66973693835465
2  72  170.37938951794109
3  49  216.97054146262673
4  50  226.01693152214111
5  39  396.16043814637868
6  45  392.726590450228
1  92  49.266826559282606
2  64  271.64233863660917
3  40  306.60779199485381
4  37  228.44640936706514
5  53  252.75242743194292
6  57  331.68830020357711
1  50  246.94628610541872
2  68  156.94667476193578
3  54  326.27355210993727
4  42  351.63582897463107
5  63  236.87319743553979
6  68  243.50961430404982
1  77  125.69106097666868
2  49  315.25150585432982
3  50  343.87942300745846
4  66  232.01621129652952
5  53  338.38768944914756
6  55  301.01101284480575
1  72  171.31690160782694
2  53  281.72315496383368
3  69  177.08659255825611
4  27  422.37603118595882
5  70  156.24967585755473
6  60  268.73661570156844
1  86  74.934496434460925
2  68  216.29560625643927
3  74  138.50675010885652
4  44  239.31411413611426
5  28  512.14073601657742
6  61  129.08085738462671
1  56  344.35393622138446
2  75  133.95883981620881
3  44  188.0878611897019
4  68  118.77913094419445
5  39  312.84248441200441
6  53  254.8957861319962
1  87  71.395498320946174
2  49  350.49936496236745
3  64  153.14426361660384
4  70  108.99583068283715
5  73  198.86836679904374
6  30  359.41136485084718
1  81  112.1765943319846
2  65  206.72822969015934
3  68  260.01498038902196
4  38  392.67254685584106
5  63  199.25500735127676
6  47  255.89011473482532
1  53  132.17015711692315
2  69  125.4344523095444
3  56  111.90182833812504
4  51  371.76445208457392
5  43  413.4109526641646
6  71  157.12211100728072
1  80  113.1565835428096
2  66  144.37070555314742
3  69  228.41865837439238
4  39  299.72272335461059
5  36  512.67927312159452
6  53  268.53218552643722
1  84  106.45980518097728
2  61  227.37043210413557
3  24  475.74164698220159
4  46  426.46235886614841
5  37  211.50370345830137
6  25  547.04501914458535
1  67  159.32851678956652
2  74  135.83868523261216
3  40  333.22257955443138
4  51  322.46970524644598
5  49  278.32398517124517
6  33  389.61065032164549
1  62  181.31405700504237
2  53  328.64988422718449
3  55  373.88863688666345
4  65  171.51819998499698
5  47  275.74192347546551
6  64  186.64236416868724
1  67  134.29704718185593
2  60  252.2300830300247
3  32  382.47781608892024
4  53  185.97047210746794
5  59  245.04995435891038
6  52  320.87725289988543
1  74  181.15426686230205
2  39  485.33158108450982
3  71  198.93530176509768
4  57  335.6632481973291
5  41  531.65248255752817
6  33  259.72977984153408
1  64  102.57336370662225
2  78  140.2970072927769
3  43  355.64511256009047
4  47  334.73199952748547
5  34  461.47963381512295
6  40  254.54566032923535
1  77  113.85372264264328
2  37  90.583929564521355
3  70  134.96719375853101
4  48  238.29841858289183
5  48  514.14416349518206
6  43  254.82777960851288
1  70  173.70205878174303
2  87  79.959456819943114
3  78  105.99381431551117
4  34  389.50836363262061
5  59  229.07903246456596
6  46  341.27814871024924
1  83  96.091815080641723
2  61  196.54565970450901
3  60  181.6908346330047
4  53  210.69923763817712
5  29  374.42949844624297
6  49  407.12346847873846
1  71  195.28959931733289
2  66  144.05792447033852
3  73  149.49236356124624
4  36  255.86065272744867
5  46  257.0666133059533
6  61  147.91685090234185
1  63  152.75898305582041
2  63  129.49670372466935
3  49  356.65897152344155
4  30  304.50342668894694
5  69  148.67928472779181
6  32  473.21292471838336
1  75  156.9722923465697
2  56  189.26483630689103
3  53  337.07608723131045
4  50  324.44585729159337
5  64  227.25174095545452
6  27  380.36262430944265
1  85  111.53756255337663
2  57  153.04639020571165
3  76  128.73616689989601
4  79  149.52987642144504
5  33  483.33330210250756
6  64  216.11675234717507
1  69  162.98893480071362
2  74  112.53807985618411
3  47  193.18657104350146
4  55  146.03687349361752
5  23  439.96301916930838
6  55  391.73685925536478
1  64  181.87978095872975
2  70  91.302396152365915
3  68  219.09268565099796
4  30  463.69244834859171
5  85  127.94413823505639
6  23  511.06705007452695
1  62  195.56075105538312
2  71  236.93867078288943
3  45  267.48224736640196
4  50  465.61269137416662
5  44  299.67091054235141
6  80  102.84203235961839
1  57  204.79987857597143
2  46  235.73958319568942
3  69  143.1002795092669
4  61  221.70187333451577
5  66  180.99144135384972
6  65  129.65871184587377
1  78  90.856465788442733
2  59  245.53494728566389
3  48  295.87724440985301
4  41  471.59524575126386
5  40  281.53226403859276
6  38  544.09479397199448
1  74  136.73505284951821
2  36  264.49269368950183
3  63  141.82975756542027
4  53  269.31940281896487
5  72  111.97958130391881
6  37  462.88003823824613
1  61  200.56795226907883
2  66  161.16541555324793
3  70  192.41481954989862
4  53  178.62844230385932
5  43  387.16518062077574
6  61  158.21852945282285
1  75  129.16761905626049
2  77  118.30850308348003
3  54  284.28356824214882
4  51  404.01664950054459
5  42  370.16128296967884
6  47  308.90282047282795
1  75  124.54181443588935
2  54  219.18485803103533
3  68  213.07939094330649
4  29  652.7317059661674
5  65  131.68917094082914
6  38  336.60096252205193
1  66  190.20213720362716
2  65  180.86687177015963
3  62  239.29521487638269
4  39  373.42392451750578
5  63  220.4801688983043
6  36  334.69796747998868
1  61  216.67998773594292
2  78  134.08306499515788
3  61  221.35645685688425
4  59  250.31373045662269
5  74  139.91402240573169
6  47  374.35850741497632
1  56  253.51287980076671
2  86  74.755963240771678
3  35  450.05426843627549
4  40  220.43828558083226
5  44  356.99297358675199
6  46  453.43926581489529
1  60  216.57885868990707
2  67  217.20468872469567
3  66  129.173070926337
4  30  361.39440565754757
5  47  388.81237761333631
6  45  175.43368835756101
1  62  224.61913035816553
2  76  129.0723531676548
3  58  283.45877750770086
4  55  201.83999506231689
5  51  363.43984258890526
6  49  335.66515834510665
1  64  136.84982515780487
2  75  147.88257039764409
3  66  169.00691679351033
4  52  236.49543675386488
5  58  205.48366800750281
6  72  311.17326959609994
1  71  172.26730997287552
2  42  123.2098927876105
3  77  136.11340280810097
4  45  274.79094498640438
5  47  345.65384385664026
6  54  183.84095337734749
1  84  105.05886341576846
2  85  68.619499046561316
3  45  424.81570626235174
4  33  483.51551845456351
5  51  139.02066082465038
6  35  494.65055751894039
1  73  112.86721751235481
2  47  309.01995720264546
3  86  59.707962001252731
4  67  182.75164943036603
5  46  261.65964893457186
6  57  325.77301141690003
1  77  79.605780274490655
2  67  160.65529390692635
3  41  305.2354567639357
4  39  396.70627539258317
5  25  245.08181255681993
6  61  302.349793862372
1  62  184.09265213480171
2  49  157.93049473971999
3  43  411.59058592999656
4  55  271.38334056785908
5  63  284.61617691695574
6  51  272.27667061935119
1  75  115.53764592163681
2  62  232.71893007297885
3  39  366.5695943744953
4  56  283.1039142691958
5  41  321.80146520664903
6  36  341.4638463853745
1  70  162.28005834309411
2  78  137.53746136256993
3  40  345.21836725203701
4  57  285.95132135358136
5  38  507.84426297304731
6  22  539.82637644583895
1  65  114.06040192393149
2  69  268.19097187055701
3  57  349.02796677755697
4  68  289.75847342777155
5  39  369.8923284138923
6  49  241.8858785329889
1  94  41.359587801081943
2  35  429.86825866386573
3  68  163.43291328268569
4  49  175.99724079929931
5  54  276.97902900911544
6  46  327.56782289599306
1  68  194.81748227944041
2  14  767.61339253979702
3  68  89.559839867919081
4  53  205.61162519252463
5  31  647.25777294739873
6  37  270.04163702396056
1  64  228.80503280040685
2  75  124.82519990845259
3  80  107.46476729751575
4  40  394.41451059950248
5  38  383.71373877684988
6  32  443.46909632929578
1  55  167.17493459265432
2  43  340.79419300363452
3  50  192.01628454517513
4  58  247.29976699018007
5  36  280.29428140313706
6  62  269.80726047411849
1  72  125.49864492412983
2  42  368.35532148602198
3  63  153.1655143726737
4  44  354.47124156222395
5  68  157.53193881945401
6  29  468.29117878115585
1  69  173.04646373023493
2  48  116.61681823876749
3  69  265.7906177540699
4  40  431.52310306555785
5  44  513.35381989509995
6  52  203.34989404596979
1  77  146.63380288830419
2  66  177.64700441424304
3  54  205.14281271726733
4  59  204.86316672270237
5  71  187.66276347823009
6  60  213.64867673810346
1  70  181.53756988705055
2  88  62.90768390663149
3  61  218.7656841591739
4  37  329.32937142429699
5  50  493.4922783961286
6  51  374.09121323177493
1  64  255.21164335316843
2  51  173.26003450186477
3  48  335.95367396080155
4  67  229.22832308748767
5  64  265.28304863685094
6  47  403.05680938526518
1  74  124.99369624255718
2  35  562.19000171413325
3  46  386.66177795444128
4  62  295.71888667457262
5  62  190.14057657693263
6  56  238.83060337916737
1  30  164.61606617382944
2  58  294.71830054790456
3  59  216.20983993019104
4  70  247.03416273145652
5  54  201.68660776660838
6  69  212.00730122779092
1  96  25.547665319375579
2  48  161.36699477980878
3  53  232.5394434791823
4  54  295.11792096476171
5  26  366.7293880173678
6  44  324.53188311208845
1  58  302.47067783902207
2  55  177.42982144015727
3  69  130.10181895823351
4  62  222.37420405660157
5  26  450.71691340617355
6  58  361.33330141316264
1  44  294.01337367780104
2  68  120.93956877008318
3  73  152.00431153889508
4  36  202.58620239890888
5  53  279.05424148439965
6  45  418.32584342897832
1  67  101.95949952704053
2  78  153.35840065282963
3  49  422.4668737792926
4  67  188.36039830003719
5  71  106.18746887764873
6  63  191.69934175491949
1  75  149.79074966278668
2  64  260.09821425748544
3  52  284.41088137421769
4  59  213.35766338093734
5  49  263.53451462134359
6  63  182.45119083074624
1  58  263.43949559480996
2  62  207.50800648254412
3  67  158.70423406825088
4  46  295.95679045276887
5  34  282.18676696271285
6  40  336.10609675379851
1  90  49.37519607814388
2  46  320.22062161488248
3  64  200.16332680956572
4  76  142.63342858954698
5  68  234.49723221718014
6  39  470.05714379269091
1  85  87.801154716434738
2  69  196.43774720308025
3  54  168.13442590381118
4  37  365.84770656147987
5  53  342.20262249247668
6  43  249.11776160887706
1  69  148.07433302622434
2  76  160.82580678629856
3  69  299.12524905446099
4  60  126.60980693780863
5  67  195.27254839030851
6  75  171.63627329170473
1  58  281.52544738578587
2  77  150.29969181430076
3  37  217.81460824152614
4  19  470.0533593198798
5  59  244.61578505152121
6  31  455.58024088948196
1  68  76.373378683039377
2  54  275.42364665806588
3  62  231.35375655715447
4  57  213.01802702000458
5  54  223.94987928633472
6  54  196.32874979352093
1  77  155.12640770372352
2  38  299.62078351162842
3  49  242.25257875574633
4  38  581.57315385960464
5  53  357.72475060015171
6  57  295.43213130657023
1  73  183.53449000310491
2  61  154.8236891041671
3  72  110.47445355692707
4  35  443.66328141057465
5  39  259.20277303175226
6  69  149.64930598104272
1  70  137.25924073684769
2  48  298.62491818625847
3  72  219.34915240746352
4  74  153.15166539312088
5  64  258.29338867191029
6  51  287.63910216620741
1  76  146.03162016918651
2  94  43.075245946762472
3  43  164.11887666041005
4  66  289.08526830416639
5  58  273.49656492176763
6  34  488.13273564401885
1  76  133.70321954621724
2  61  318.49514357123246
3  60  333.72207455114295
4  57  285.89682183222055
5  65  162.30896475668837
6  67  158.78419183964334
1  90  68.531546367365905
2  69  190.64919682485251
3  50  246.26176211916498
4  32  546.50821988982489
5  37  426.43763988636709
6  75  174.88803764980344
1  75  157.42053953399017
2  54  196.31654476056846
3  53  326.44024262927439
4  50  214.5276635537636
5  39  251.23606397239519
6  46  342.30161404108048
1  72  101.5645523930871
2  65  248.72486654951206
3  46  249.07401882264867
4  39  272.51894632627159
5  57  216.39084814758488
6  35  405.37498418707014
1  90  47.890667217485799
2  59  138.84111858414036
3  24  255.0076247053579
4  68  232.87082974911993
5  56  265.54727861291531
6  23  468.17290721494891
1  65  116.03387869264455
2  65  211.36253660145854
3  31  320.65387935235606
4  31  253.12307850159439
5  40  247.21913029049705
6  46  252.41275439052541
1  67  186.41387979618747
2  40  318.51719968716247
3  83  141.76810488401276
4  41  313.00499886591746
5  51  327.90987799992394
6  64  186.19947184156794
1  80  123.37265746133825
2  43  268.44570819141472
3  63  203.37472626177657
4  57  198.06037477564053
5  67  396.40469343930721
6  33  386.58251081703713
1  67  151.57695617405622
2  42  370.36789673735547
3  44  211.12384399339251
4  63  259.27708837993396
5  50  324.39213697169032
6  42  405.31190922045556
1  67  102.14510701348469
2  49  276.39395784029006
3  73  117.33777048263505
4  74  152.09851498955155
5  55  224.90734601523752
6  74  212.3315034303665
1  73  174.1135386746675
2  48  284.484370197955
3  48  282.07410025234702
4  56  221.15823480484593
5  42  286.10779820769648
6  50  238.17232711516635
1  82  99.647097114288769
2  75  138.77100737915023
3  80  131.86844823453384
4  51  451.71856235515315
5  32  389.62636780827205
6  46  407.39885068514548
1  67  194.52377039425642
2  63  198.98535125663597
3  64  182.14761702420213
4  56  253.1635409591276
5  86  101.30111364522567
6  50  180.83247279638942
1  65  187.79370411111213
2  74  165.20791625747958
3  70  240.75601989216869
4  77  89.99438059002739
5  67  228.83212258017247
6  43  298.24467989473379
1  57  238.49596533800184
2  83  109.06865082209413
3  54  282.00506970977227
4  21  692.17192608162895
5  73  137.703479443335
6  29  342.23892835805754
1  71  139.14632343564389
2  44  222.50165273068566
3  63  134.3581273601869
4  60  224.54140285623876
5  60  271.51029656478886
6  53  270.70824957092805
1  91  54.35801008221577
2  79  141.87343783941697
3  35  580.84324580150439
4  75  126.50189575102289
5  46  406.13424597718654
6  42  429.22838930857432
1  79  141.29716071013317
2  60  283.9741108301497
3  26  455.04151128932756
4  45  286.77587808599134
5  31  535.38136771524637
6  62  195.75692064052427
1  74  159.06737603570059
2  79  82.253875011645206
3  39  278.67635960699221
4  70  216.06186859377863
5  61  217.54739922311063
6  52  254.83052718860694
1  49  202.74631377402068
2  45  325.46612211128468
3  49  178.91875967029267
4  44  271.93697025496414
5  49  335.29337726661373
6  56  324.91012752171417
1  58  302.65264929784826
2  63  190.75341920765669
3  45  205.28799517095118
4  63  205.59126151236399
5  63  187.90476346142896
6  48  245.7288287115376
1  71  185.66367999823493
2  60  245.83357776920917
3  65  196.81885936768768
4  73  137.41630712156578
5  46  345.31073413279665
6  42  318.45392442874709
