0.1  192.5
0.2  277.0
0.3  364.0
0.4  166.0
0.5  187.5
0.6  287.0
0.7  261.5
0.8  227.5
0.9  175.0
1.0  263.0
1.1  365.0
1.2  394.0
1.3  314.0
1.4  182.0
1.5  165.0
1.6  195.0
1.7  112.5
1.8  321.0
1.9  263.0
2.0  227.0
0.1  250.5
0.2  231.5
0.3  272.0
0.4  136.5
0.5  287.5
0.6  199.0
0.7  223.0
0.8  284.0
0.9  217.0
1.0  202.0
1.1  212.0
1.2  253.0
1.3  185.0
1.4  207.5
1.5  296.0
1.6  296.0
1.7  110.0
1.8  111.5
1.9  238.5
2.0  288.5
0.1  296.0
0.2  305.5
0.3  266.5
0.4  216.0
0.5  272.5
0.6  161.0
0.7  190.5
0.8  160.5
0.9  155.0
1.0  304.5
1.1  243.5
1.2  196.5
1.3  164.0
1.4  282.0
1.5  318.0
1.6  250.5
1.7  157.5
1.8  296.0
1.9  231.0
2.0  165.5
0.1  197.0
0.2  179.0
0.3  334.0
0.4  213.0
0.5  234.5
0.6  161.5
0.7  66.5
0.8  228.5
0.9  323.0
1.0  283.0
1.1  254.5
1.2  190.5
1.3  318.5
1.4  308.5
1.5  199.5
1.6  238.5
1.7  196.5
1.8  304.5
1.9  236.5
2.0  173.0
0.1  159.0
0.2  291.0
0.3  214.5
0.4  250.5
0.5  200.5
0.6  244.0
0.7  169.5
0.8  189.5
0.9  295.5
1.0  220.0
1.1  190.5
1.2  265.5
1.3  254.5
1.4  219.0
1.5  169.0
1.6  218.0
1.7  244.5
1.8  174.0
1.9  254.0
2.0  186.0
0.1  280.0
0.2  260.0
0.3  198.5
0.4  218.0
0.5  310.0
0.6  262.0
0.7  148.5
0.8  230.5
0.9  104.0
1.0  182.0
1.1  175.5
1.2  194.0
1.3  188.0
1.4  332.5
1.5  217.0
1.6  229.0
1.7  276.5
1.8  129.5
1.9  235.0
2.0  223.0
0.1  273.0
0.2  223.5
0.3  234.0
0.4  258.5
0.5  178.0
0.6  274.0
0.7  222.0
0.8  168.5
0.9  284.5
1.0  265.0
1.1  140.5
1.2  308.5
1.3  228.0
1.4  228.0
1.5  155.5
1.6  137.5
1.7  170.5
1.8  150.5
1.9  208.0
2.0  146.5
0.1  240.5
0.2  194.5
0.3  158.0
0.4  232.5
0.5  263.0
0.6  189.0
0.7  144.0
0.8  285.5
0.9  303.0
1.0  147.0
1.1  280.5
1.2  280.0
1.3  247.0
1.4  220.0
1.5  183.5
1.6  110.0
1.7  123.5
1.8  176.0
1.9  142.0
2.0  210.0
0.1  229.5
0.2  229.5
0.3  114.5
0.4  192.0
0.5  179.0
0.6  85.0
0.7  174.0
0.8  355.0
0.9  262.0
1.0  201.5
1.1  216.0
1.2  182.0
1.3  194.5
1.4  205.5
1.5  319.0
1.6  175.0
1.7  355.0
1.8  202.5
1.9  126.0
2.0  276.5
0.1  267.0
0.2  141.5
0.3  195.5
0.4  268.5
0.5  198.5
0.6  133.5
0.7  314.5
0.8  222.5
0.9  102.5
1.0  250.5
1.1  151.0
1.2  300.5
1.3  322.0
1.4  181.5
1.5  293.5
1.6  359.0
1.7  185.5
1.8  263.5
1.9  224.0
2.0  190.5
0.1  227.0
0.2  137.5
0.3  194.0
0.4  221.5
0.5  376.0
0.6  181.5
0.7  214.0
0.8  124.0
0.9  226.5
1.0  219.5
1.1  173.0
1.2  216.5
1.3  202.5
1.4  201.5
1.5  365.0
1.6  162.0
1.7  231.0
1.8  329.0
1.9  130.0
2.0  292.0
0.1  274.5
0.2  250.0
0.3  221.0
0.4  226.0
0.5  103.0
0.6  104.0
0.7  281.0
0.8  233.0
0.9  254.0
1.0  194.0
1.1  263.0
1.2  178.0
1.3  190.0
1.4  286.0
1.5  278.0
1.6  280.0
1.7  113.0
1.8  147.5
1.9  140.0
2.0  213.5
0.1  241.5
0.2  122.0
0.3  157.0
0.4  371.5
0.5  208.5
0.6  195.0
0.7  222.5
0.8  208.0
0.9  276.5
1.0  213.0
1.1  377.5
1.2  224.0
1.3  72.5
1.4  155.0
1.5  206.5
1.6  233.5
1.7  198.0
1.8  163.5
1.9  237.5
2.0  223.5
0.1  195.5
0.2  276.5
0.3  123.5
0.4  197.0
0.5  313.5
0.6  203.5
0.7  134.0
0.8  257.0
0.9  182.0
1.0  150.5
1.1  242.0
1.2  140.0
1.3  198.0
1.4  310.0
1.5  264.5
1.6  299.0
1.7  368.5
1.8  289.0
1.9  303.0
2.0  271.5
0.1  279.5
0.2  233.0
0.3  206.5
0.4  389.5
0.5  161.0
0.6  171.5
0.7  273.5
0.8  271.0
0.9  159.0
1.0  290.5
1.1  209.5
1.2  257.5
1.3  183.0
1.4  336.5
1.5  202.5
1.6  176.0
1.7  217.0
1.8  279.5
1.9  277.5
2.0  121.5
0.1  251.0
0.2  182.5
0.3  243.5
0.4  182.5
0.5  132.5
0.6  299.0
0.7  148.0
0.8  285.0
0.9  168.5
1.0  317.5
1.1  193.5
1.2  273.5
1.3  221.5
1.4  199.5
1.5  89.0
1.6  135.0
1.7  294.5
1.8  182.0
1.9  158.0
2.0  167.0
0.1  233.0
0.2  168.0
0.3  240.5
0.4  140.5
0.5  231.0
0.6  270.0
0.7  244.5
0.8  264.0
0.9  254.0
1.0  250.0
1.1  135.0
1.2  276.0
1.3  86.0
1.4  249.0
1.5  172.5
1.6  319.5
1.7  247.0
1.8  162.5
1.9  153.5
2.0  211.0
0.1  181.0
0.2  140.5
0.3  208.5
0.4  172.5
0.5  196.5
0.6  300.5
0.7  51.5
0.8  272.0
0.9  334.0
1.0  245.0
1.1  268.5
1.2  220.0
1.3  144.5
1.4  195.0
1.5  175.0
1.6  144.5
1.7  197.0
1.8  239.5
1.9  167.5
2.0  209.0
0.1  293.0
0.2  173.5
0.3  296.5
0.4  259.5
0.5  286.0
0.6  231.5
0.7  220.0
0.8  251.0
0.9  292.0
1.0  248.0
1.1  123.0
1.2  215.5
1.3  227.0
1.4  161.5
1.5  227.5
1.6  276.5
1.7  300.5
1.8  228.0
1.9  203.5
2.0  234.5
0.1  158.0
0.2  162.0
0.3  206.5
0.4  268.0
0.5  303.0
0.6  226.5
0.7  123.0
0.8  184.5
0.9  84.5
1.0  221.0
1.1  57.0
1.2  141.0
1.3  226.0
1.4  214.5
1.5  147.0
1.6  306.5
1.7  216.5
1.8  179.5
1.9  231.5
2.0  233.5
