2  27.666666666666668  179.25294062674533
4  38.666666666666664  192.17765032731464
6  39.666666666666664  291.45913452683857
8  67.333333333333329  378.31227469783875
10  55.333333333333336  283.37064863343664
12  70.0  411.64177568354626
14  78.666666666666671  330.32592649084603
16  75.666666666666671  357.72895182019397
18  75.0  416.0190725832141
20  86.0  360.7663417331533
2  18.333333333333332  192.0792907180699
4  42.333333333333336  253.28068158619016
6  56.0  337.78847077181774
8  62.666666666666664  435.01218839135066
10  58.333333333333336  312.65136711190462
12  54.333333333333336  539.62293689657645
14  74.0  422.62147165487289
16  87.666666666666671  326.96106328635034
18  71.333333333333329  417.9579654761655
20  86.666666666666671  275.02216413586729
2  24.333333333333332  121.54106545601572
4  48.666666666666664  213.25763879790634
6  44.333333333333336  375.62033020703205
8  54.333333333333336  349.84641936341706
10  69.666666666666671  361.44252061858413
12  62.0  484.98897540955147
14  79.0  344.19291181478661
16  68.333333333333329  485.1233998828651
18  79.333333333333329  483.41481273238554
20  78.333333333333329  494.49522480650143
2  32.666666666666664  154.54059475328495
4  23.666666666666668  219.39915631512025
6  63.0  289.41299204617718
8  58.666666666666664  426.75574812561047
10  77.666666666666671  199.2766047241916
12  87.666666666666671  295.51473312851238
14  66.0  479.23084682351686
16  79.0  446.46204408836047
18  77.0  397.62431341752557
20  73.0  415.62807160001023
2  36.666666666666664  153.46738062144402
4  50.666666666666664  220.08067399466071
6  52.333333333333336  361.95915276516985
8  57.0  430.87375547442792
10  48.0  487.71254680550624
12  73.0  250.33955039505713
14  78.666666666666671  213.93895195472851
16  63.666666666666664  586.51681943708036
18  81.333333333333329  324.42662276130733
20  85.333333333333329  376.28545591680177
2  12.333333333333334  170.27231632004995
4  46.333333333333336  249.0446359669123
6  69.666666666666671  273.76606189595697
8  63.0  428.69210013113451
10  61.666666666666664  336.26424637424157
12  60.333333333333336  405.07364910574898
14  72.0  375.27815129590903
16  67.333333333333329  523.09035593779447
18  73.0  543.34410913875809
20  81.333333333333329  327.73462591907293
2  42.0  165.92709607102316
4  61.0  234.40350742421404
6  65.0  279.63284049969781
8  63.333333333333336  344.03531477576087
10  85.333333333333329  279.5606032321059
12  56.666666666666664  586.2096902239881
14  82.333333333333329  319.07319631711994
16  85.0  288.48771871193048
18  46.666666666666664  755.13184606086691
20  81.666666666666671  440.61475715956522
2  31.0  160.21179138293371
4  79.666666666666671  265.78475079810522
6  43.0  333.56316780746374
8  71.666666666666671  359.14671435785925
10  63.0  317.72315508498446
12  61.0  480.42454070413316
14  81.666666666666671  379.46320771409086
16  82.333333333333329  358.96891037352498
18  72.333333333333329  460.50554669411764
20  85.0  310.9155688103001
2  31.0  189.43278431772671
4  26.0  328.68612927253332
6  57.666666666666664  293.70871991576769
8  62.666666666666664  367.42786408240607
10  56.0  457.97750963356731
12  81.666666666666671  310.6729741154694
14  74.666666666666671  472.88364084968481
16  75.333333333333329  446.68565961304256
18  88.666666666666671  282.59868248055881
20  77.333333333333329  398.71744472012017
2  7.333333333333333  81.082048806495166
4  23.333333333333332  259.10013725911381
6  60.666666666666664  273.00979908773297
8  43.666666666666664  417.7005849286204
10  70.333333333333329  272.24895690418589
12  65.666666666666671  280.87428110850368
14  64.333333333333329  401.13923787710502
16  72.0  508.33983422902747
18  67.333333333333329  627.74287332245683
20  90.0  321.6030428730441
