1  90  34.017783837043865
2  54  88.633959795828844
3  62  163.426014486008
4  66  171.27523860477416
5  28  457.91532884880439
6  60  300.07674385300339
1  64  224.42133224122628
2  63  154.30012027128564
3  43  318.62616231246022
4  50  276.01960011275992
5  61  234.61679568132715
6  57  314.44330037023161
1  65  200.08385502447456
2  54  146.72869126922956
3  64  267.67942068258725
4  48  330.99247594063104
5  57  204.57199462843366
6  33  585.99327381829676
1  85  72.842517464137075
2  65  107.15721884521088
3  35  396.07613268941429
4  63  205.13503866930066
5  41  439.31141345208357
6  55  231.53388038363943
1  73  134.83328518093646
2  60  206.49594187061993
3  68  165.44178831769815
4  42  353.78086263966253
5  44  469.70156231771961
6  36  289.08023439485783
1  61  116.01962673523957
2  57  220.42703289172303
3  68  207.8301719074361
4  48  435.91640483785864
5  65  315.51643269598867
6  73  161.35409893378031
1  71  150.00530779638655
2  62  325.75504629071486
3  66  146.745377260526
4  57  197.91730596868555
5  54  159.00000000000023
6  37  354.80389496823523
1  70  139.27240867580403
2  55  299.99123973539764
3  74  264.31125683610435
4  29  303.51949680015832
5  51  261.13469484835628
6  70  212.64231159963643
1  49  258.12417242554523
2  59  269.260946591032
3  62  173.43695567680578
4  66  196.94414387342181
5  59  191.72533299151502
6  42  315.379528279586
1  54  230.27163628397017
2  57  308.37991153014946
3  49  331.93625821747844
4  46  383.60198870412324
5  57  201.99038805515988
6  50  387.50334706017804
1  81  97.316070382748876
2  37  280.26261654117229
3  54  216.89418345734185
4  65  151.9466186522352
5  47  292.23009731807576
6  43  257.977698640852
1  78  156.98751489423535
2  57  200.7184283849962
3  60  188.36008434448161
4  39  332.37692926476939
5  52  278.15974132437941
6  57  248.97804424168001
1  75  106.76550682134227
2  65  192.56641972659574
3  77  108.48735310239994
4  53  278.61076187206845
5  69  232.92970042172141
6  67  177.66665662012264
1  71  104.88735193847181
2  35  335.23571826742756
3  54  216.45334533545287
4  51  258.8109095737118
5  67  377.41243737923071
6  54  235.00066621060677
1  72  132.34573535808715
2  73  131.62106261950694
3  54  271.86291401609134
4  49  339.42487422845909
5  50  265.27086906497459
6  35  596.61276337695745
1  63  194.34445803650129
2  44  301.25472197329702
3  55  312.86501622620466
4  62  164.60202562683614
5  71  219.9575260250524
6  73  150.22403076612289
1  72  113.2199028678683
2  66  165.99258451227018
3  64  178.39344974736997
4  78  196.62981010287447
5  48  536.66822929639477
6  65  235.47545218892719
1  78  91.569669990487412
2  68  115.59886838594058
3  72  231.99527691946838
4  82  63.049934491721146
5  62  188.29915252240608
6  37  288.83899514140853
1  78  108.27550433925025
2  47  268.29909177434234
3  73  135.21008798819216
4  46  315.8468189460333
5  64  231.88603463383282
6  42  349.24788226219664
1  78  123.02004079178835
2  64  264.97601926740668
3  84  90.161851882252051
4  63  208.28567307978204
5  37  384.83433776200195
6  40  314.70471263221941
1  78  117.92625369443394
2  50  153.84423563484762
3  70  130.21500042323223
4  59  240.08576758996111
5  57  295.73673025369669
6  29  424.4135234950495
1  84  97.860762837819365
2  62  214.18884071375612
3  66  234.92919479636583
4  64  239.48132505563785
5  38  303.24669631762856
6  42  432.22227506241387
1  88  73.404050011268666
2  78  114.82201791617115
3  68  172.41279040021499
4  35  411.40849167740276
5  55  256.54128696389864
6  66  123.66167125834718
1  71  123.97568104655866
2  41  311.14203578080287
3  24  179.84556117419211
4  63  319.84164729839114
5  59  330.97066535682791
6  31  577.47047761958834
1  69  57.133042761209573
2  67  167.59858431613014
3  58  255.3540319445024
4  54  364.9751192079699
5  63  196.43933018788027
6  41  366.74854417920415
1  70  110.25049535654315
2  57  303.41836997931387
3  49  213.19472947436444
4  48  351.92992409823745
5  50  244.13786578104634
6  45  326.93492339328168
1  79  122.5166856954849
2  68  174.66886719598452
3  54  286.5474038387149
4  77  81.011367984112354
5  62  250.11454902558063
6  87  63.304941377308545
1  61  219.36030508620578
2  78  116.03054245684235
3  56  377.70770994868116
4  51  396.8485464709878
5  42  451.50840907397293
6  54  196.45811294664381
1  77  111.65302726934915
2  77  91.849302169195511
3  69  154.24277643886589
4  47  217.70488760548349
5  40  463.80578529478294
6  45  353.13500501622775
1  67  138.1277990185236
2  67  213.31079241382275
3  37  278.69439365578796
4  61  450.81866098526052
5  55  307.9862215331957
6  68  272.06716064223804
1  88  62.914813883400292
2  46  290.3893386439367
3  58  189.25047719725538
4  75  100.59240779536975
5  39  344.33760734080147
6  64  186.90610263544281
1  82  88.30510603846345
2  49  152.26626661006293
3  58  233.69532233185819
4  56  207.54671747143334
5  52  375.37196460261293
6  33  572.47255194909485
1  59  217.33457759730433
2  53  198.34017075289694
3  56  364.57618035938816
4  77  145.21456195106168
5  58  219.51105466065752
6  73  162.22258000937461
1  61  144.29575893876145
2  69  166.04101276148324
3  63  237.94955398414615
4  44  455.57355992813427
5  47  273.89751707802964
6  45  334.54300565753954
1  89  61.901846885449928
2  74  102.6488658669617
3  38  342.54913888270545
4  56  226.54020457255385
5  25  518.40237499343732
6  56  278.00974164989788
1  74  137.02318843169786
2  66  160.85759360382795
3  72  150.77931954014284
4  81  105.94561125723956
5  61  250.12529434313336
6  56  257.47733210925554
1  84  97.937507288593167
2  77  240.05115241910357
3  77  116.1964537376238
4  47  210.5187314175551
5  49  227.96310968298528
6  74  104.68012029108665
1  66  180.12500201437956
2  55  286.60721894867243
3  68  158.94150918021452
4  53  415.8246792808734
5  62  188.35392610946792
6  45  358.1682365230007
1  69  188.57312709423346
2  72  163.22635460147751
3  63  194.18567998298394
4  54  293.57731766520834
5  62  248.508600015958
6  59  358.06801896800187
1  90  77.142820563615629
2  66  142.39794780526748
3  59  289.32125832529124
4  35  349.9569253254117
5  31  446.46808324689346
6  29  331.32025640314129
1  69  140.6103034781641
2  48  315.78561379957546
3  55  295.49062022893798
4  56  365.88396035408448
5  63  194.42130754359181
6  65  228.42179910157961
1  57  187.80823116972365
2  54  283.6050001964735
3  62  290.476114631418
4  34  218.53092308522636
5  31  530.46954461739824
6  41  198.37956841728197
1  62  141.32514531544695
2  56  232.96763207784022
3  48  292.94787298637806
4  55  308.25066389016592
5  32  298.07324607325853
6  62  303.12866052619597
1  44  83.693505219405594
2  61  334.4296584525174
3  51  461.8080825602471
4  40  506.1344468632272
5  55  304.3982998688773
6  57  305.7087417953561
1  62  169.80295644355746
2  72  134.09244232605835
3  62  148.78757946199678
4  74  162.08504495517852
5  75  194.08387380765652
6  53  199.91957387348452
1  75  92.302135629554257
2  96  29.067827276511501
3  36  521.53902944271147
4  49  378.31039650898487
5  38  217.19929762996645
6  28  513.43713966022824
1  76  129.75525814159289
2  45  269.49261505379417
3  51  324.01279120872391
4  48  258.78577711568181
5  62  192.49146397378868
6  63  206.51706454243509
1  93  53.3112168331443
2  75  130.72890293102625
3  61  260.98516967533175
4  37  541.18286532557875
5  20  338.61677109450648
6  38  326.14849213513173
1  69  142.81081011237944
2  69  158.92923897563452
3  51  375.45773701000337
4  44  296.64308781260712
5  56  226.05415315205667
6  33  512.10081749107906
1  78  145.04952227314988
2  64  140.90622024820868
3  66  185.07733746966912
4  49  330.55238728981607
5  39  369.20757609470928
6  63  174.42838963140588
1  71  122.80215029458421
2  57  288.65422226637941
3  57  165.47570938417192
4  36  487.68089007597933
5  19  483.83347502584178
6  43  343.5899052978595
1  81  111.16903313951838
2  52  270.47369453596389
3  44  189.47741783477218
4  55  154.82909739231803
5  48  354.56500384020541
6  49  393.68720362045832
1  56  186.25839511733375
2  47  155.78214567189536
3  40  241.81598269437237
4  23  456.93683674543905
5  63  294.42026117604792
6  42  219.12554396052732
1  85  98.402989212097083
2  78  142.50147930174381
3  46  287.76123002132726
4  46  364.96643598865023
5  28  510.29213007328173
6  70  197.48067289205378
1  58  111.41687951821766
2  57  172.64671540222503
3  53  167.44636591932908
4  53  266.22138829266135
5  52  314.91929075215108
6  71  156.83341613489469
1  76  123.50633588366479
2  48  258.8583410541446
3  33  161.5379772302073
4  28  266.36901352388782
5  32  567.94114472849355
6  43  359.28598755427345
1  70  159.64138025401255
2  76  136.49436874185875
3  67  145.3672634590493
4  43  478.14756313116169
5  57  318.67797057193667
6  61  266.28899081745425
1  79  120.56591686765586
2  23  153.25530293423651
3  35  274.18943195652628
4  74  98.024465617602402
5  65  208.9659190490683
6  33  480.47848900636757
1  85  55.399543359515604
2  37  289.48408625026201
3  63  242.21568156000436
4  56  330.25426282563217
5  53  239.56880974221593
6  63  237.12377313625751
1  83  97.439971526679344
2  76  134.7930064871646
3  58  244.09170464746791
4  70  232.28386657525152
5  49  258.96663443788123
6  56  286.60036841021838
1  89  27.754166998134828
2  58  194.22962531721902
3  49  336.8962122104225
4  24  471.59966518316065
5  54  250.4625938863791
6  30  440.05739130702301
1  64  234.40905278586996
2  76  136.00886354659553
3  68  199.858554455627
4  54  204.74945747964426
5  68  148.6003470302829
6  46  261.97219544424746
1  83  118.24855818478794
2  77  128.80791060888814
3  53  136.01061212831908
4  30  433.07735492885439
5  46  253.11976927303255
6  47  386.47662046136878
1  71  226.23683654872394
2  78  113.98892302423337
3  69  187.4830333467925
4  54  342.7631950293632
5  61  187.73181512601042
6  33  369.63403816908078
1  73  101.51280248876002
2  61  238.07336002396005
3  54  300.92973799603925
4  48  351.00179053876332
5  56  252.53588928893009
6  47  330.31754680404151
1  43  117.33977502039224
2  67  142.55604703602654
3  56  321.23942268641235
4  34  375.00153961394705
5  58  397.62405937743921
6  59  281.96991691948818
1  65  210.04976197334918
2  49  279.31741117728234
3  64  214.55093410895901
4  62  136.4826172420313
5  84  101.93688091079908
6  46  349.86671067242048
1  91  73.19688550698524
2  81  98.666449699977377
3  59  210.84455712434593
4  71  190.78847834972487
5  43  328.76470561346861
6  55  304.51757081864866
1  75  122.76380263684105
2  54  125.58884848143283
3  47  277.79353609494598
4  37  246.19004090872605
5  32  276.16893870610738
6  35  425.93615209878709
1  69  111.28337679003201
2  58  246.37824932041593
3  40  314.61892791464066
4  52  271.0272057817341
5  34  464.92421567810447
6  70  182.56551331642206
1  74  154.90441128229006
2  37  440.65201887663807
3  69  176.37018125127406
4  63  234.96718613956233
5  52  282.55807194270636
6  59  368.85966403271709
1  76  144.05143088549539
2  29  158.65399466143924
3  93  37.151661140323263
4  58  306.14789611704703
5  58  333.28057654150507
6  53  280.09364872439022
1  85  91.68507488876152
2  67  161.19760224972069
3  64  217.90883758750778
4  67  244.23424540058792
5  58  324.06707588957408
6  27  164.15012357457448
1  55  114.7316913944795
2  55  192.01055525926671
3  54  302.14930965324425
4  84  99.04893154983813
5  53  265.80893492659294
6  54  222.20790068305092
1  73  154.58655315404218
2  30  444.65737107687931
3  80  181.36871762438619
4  29  547.91851929911343
5  69  259.6819344699328
6  41  336.83759463830813
1  40  98.91453667786314
2  55  211.33659724255986
3  67  245.52066380356777
4  45  462.89618728514165
5  31  495.18240824427284
6  58  279.18631404555885
1  89  73.240152544039873
2  49  182.5816439129859
3  33  276.53214742700453
4  41  279.5433831371908
5  59  270.36804286192228
6  51  381.87383411045317
1  84  75.400195084662755
2  13  308.72806413911138
3  39  265.01751171775732
4  46  409.19982621974242
5  53  345.45395918320548
6  29  591.61058019234292
1  82  122.99937035514115
2  49  265.98062792619959
3  40  283.30986844024045
4  29  193.95385177828985
5  37  507.49847918637448
6  50  273.48772212573334
1  57  215.42602425759691
2  75  108.96698085244088
3  71  160.60480166773999
4  77  121.1847019241046
5  75  102.83943895174889
6  61  269.20782348442293
1  56  148.39476689717904
2  60  249.18196383060987
3  67  141.77846350396464
4  47  348.81325944607562
5  46  337.17008088628165
6  57  219.79144565626538
1  51  158.40895672481875
2  54  218.76854598250182
3  65  204.32614817473024
4  22  596.02149938234072
5  63  231.91536623892586
6  42  278.61105526321683
1  86  81.92019596108814
2  74  165.49120760292891
3  60  305.08796271121861
4  42  397.9666169692407
5  51  317.74062996348147
6  38  508.45610294023732
1  77  128.09384686021687
2  57  268.83906649068985
3  50  323.33476853334651
4  36  241.80534635421989
5  28  439.85633145982496
6  27  416.31002903453509
1  72  163.17408356478595
2  74  153.75876862138233
3  64  190.78654968864501
4  48  248.95738748861473
5  43  366.78513944321315
6  56  175.5772300808888
1  64  148.63476828792949
2  63  216.25617370405803
3  67  232.66850429024558
4  68  222.70537170679839
5  32  249.68254370458186
6  58  191.76368798348173
1  57  194.67123288854145
2  78  143.38971876793582
3  18  358.01186959365293
4  70  211.83714442163884
5  29  403.58025861776122
6  18  382.86760002055445
1  69  111.68823150264335
2  81  161.36720028411159
3  46  454.33168073987338
4  65  203.1195286845828
5  54  238.70581265388824
6  63  124.52873216467162
1  59  251.18384503138267
2  49  297.42524158853581
3  59  319.18560911500691
4  55  163.08458345578944
5  74  163.44672814911658
6  52  338.6921161687477
1  62  215.39675439359584
2  52  199.93142607592844
3  75  152.53940655660861
4  75  178.64731335052122
5  43  321.5265298635199
6  41  197.09981944748463
1  77  135.92227350734234
2  29  338.00457357150663
3  49  273.13740759128888
4  51  252.75618704400915
5  46  228.47557619300548
6  44  428.35886087934716
1  65  198.11822207466261
2  61  191.99344093937896
3  48  243.92354722154522
4  49  365.43822880423812
5  55  501.91362314358133
6  50  226.58969535165494
1  70  192.70202572280365
2  66  185.31981108677365
3  76  165.07763021723488
4  58  143.41957003673809
5  64  236.92194994471004
6  38  569.04371448838117
1  80  87.956079100955904
2  45  316.59847069289486
3  39  363.6238042494482
4  61  244.93191253880826
5  36  356.94373759394648
6  67  181.05799014901518
1  79  87.679436344797026
2  52  268.70611809971979
3  65  149.75612693494554
4  37  243.02594669622903
5  46  252.99921731231694
6  82  94.887332203217255
1  72  63.571382556780172
2  38  298.61026190734094
3  54  181.26181283072177
4  35  332.29037418689768
5  62  168.77022748306416
6  47  221.18291423114212
1  65  115.37503799154847
2  59  195.69111349605845
3  57  281.7227826528873
4  67  175.97624951765107
5  57  291.20152851819012
6  41  459.09508825589933
1  81  99.776688408522475
2  63  194.29650927093297
3  78  181.63125204541808
4  72  150.2619377776339
5  58  204.94212891103211
6  41  265.46612537018092
1  82  84.370114518902227
2  76  183.32857649975128
3  51  256.7426967776517
4  44  227.12707852592871
5  79  147.78981629308839
6  46  356.36255134842571
1  79  91.424002518898078
2  65  214.5065735877694
3  52  345.0329394895316
4  81  93.305954580303066
5  40  316.46328227206624
6  55  220.68532879851008
