2  19  75.898481402718502
4  47  114.54214177432114
6  20  307.2017707381064
8  47  343.35692167397173
10  50  181.47428053502043
12  40  411.15533118709709
14  38  448.75782470746151
16  55  461.25145296217306
18  68  54.907029350888514
20  88  80.163400339828939
2  59  56.69411492982141
4  20  91.685292989328985
6  16  258.70465386500507
8  46  375.76407951218761
10  34  446.00267807190716
12  49  156.69579278501058
14  61  129.69710519153173
16  61  143.6513336586429
18  52  143.19926413406563
20  61  79.537187173209546
2  21  137.96259029801348
4  10  143.16363844516087
6  8  433.19436962969547
8  19  150.87548434389126
10  33  347.71936299105511
12  36  251.39157597061305
14  42  412.81848446569603
16  72  212.58546901465169
18  7  651.22741360022928
20  66  80.376476904026717
2  26  144.41616555521051
4  20  143.98606805926292
6  51  121.90203014106814
8  80  103.2096083690394
10  63  227.24972941278759
12  76  138.42786457681927
14  60  223.30509089415585
16  47  230.98980596710061
18  73  35.70091943509739
20  83  142.53988257826106
2  31  131.5400531031971
4  39  158.24736165980937
6  28  135.79283308237621
8  43  334.40775360778747
10  60  62.506595092233063
12  65  110.94707781715255
14  53  164.53166869693064
16  6  845.21811134250845
18  77  151.13583595177249
20  77  57.375176226379359
2  0  8.9999999999999982
4  58  103.51003459818727
6  19  282.23972274739737
8  52  147.22788679318117
10  50  287.88616421741074
12  36  517.50594576629464
14  55  207.87016009576155
16  76  134.28769567387818
18  55  359.34930333649987
20  63  40.41034589013902
2  37  117.98184303447725
4  34  105.62607669889553
6  6  83.736689023023644
8  3  380.96435326815549
10  50  109.45823442504471
12  39  365.70170860980005
14  59  315.85925986470653
16  57  451.23939638017595
18  80  81.67120568301668
20  94  49.455472366067013
2  8  82.462185035234953
4  9  131.11382140252829
6  61  145.58021272773851
8  49  85.084710793665963
10  14  100.59799109537941
12  48  112.87121218302777
14  59  28.453184565720697
16  37  574.42577204965539
18  62  322.92092836640603
20  88  50.430852129853349
2  21  62.752167829035045
4  40  185.8290369018365
6  27  131.69743308749821
8  53  44.213128693021531
10  35  271.92597403868979
12  59  230.58317745193906
14  51  186.68651098352683
16  85  1.4493643210388742
18  71  231.29362997012765
20  63  134.92378572155559
2  23  86.849032895156398
4  28  119.66143213789151
6  11  129.79341158203056
8  9  387.05820635565885
10  56  133.60535505731457
12  46  363.62595997201032
14  71  137.06035933396262
16  54  210.00153187665998
18  40  291.70899083671105
20  50  296.42445718050539
2  47  92.544222672757272
4  44  48.274430858557757
6  18  296.70572465403944
8  39  226.24982476005599
10  46  220.1755333344982
12  41  308.06524765404811
14  63  273.36855794454362
16  54  328.92102544501097
18  46  135.64430125276976
20  71  124.00616281718223
2  38  101.89330763645452
4  16  250.65594732826992
6  43  119.13370759140786
8  40  212.56714760226498
10  69  130.2879253594075
12  65  277.45692226796257
14  52  143.29181265509737
16  50  351.09262744438928
18  67  171.1924771317999
20  46  111.41155572088743
2  0  0.0
4  57  98.59814318665731
6  41  110.39490599790565
8  44  186.21394776329549
10  20  213.86572955863488
12  68  81.029600966623519
14  65  79.243297759512203
16  46  264.16306717130516
18  45  321.02636611962333
20  84  106.59113302427588
2  10  87.881197267251721
4  28  127.61123261711933
6  35  115.87568219100156
8  53  326.98902750772243
10  70  115.60076901799687
12  67  221.60129597059071
14  48  310.46800693894698
16  73  59.654410147000426
18  69  157.25973650129137
20  52  300.79502084712863
2  0  117.71634836301166
4  52  98.825378313293157
6  28  86.503936383038905
8  33  301.73298508079301
10  69  52.533216750069514
12  34  253.0590586526753
14  52  56.190214501783522
16  74  157.14067981598814
18  46  207.30815467338704
20  62  117.44605513410934
2  27  62.860868728734445
4  51  102.84729642705479
6  21  408.37792613257972
8  58  144.60951293281761
10  45  200.88636049598645
12  37  714.70968010631111
14  61  169.28446123761583
16  24  551.72114647691672
18  72  110.89824237523283
20  65  202.50916482955995
2  22  85.899031905496912
4  8  339.40962547161575
6  22  81.896578684819232
8  16  228.66329550617419
10  35  197.95174959167082
12  61  266.60569863476951
14  47  350.34925927654871
16  62  287.19980267779954
18  23  183.14742645183313
20  79  45.10274089427179
2  0  147.9042641490864
4  24  217.14462108116803
6  26  228.42076792088585
8  21  448.51344938806437
10  50  208.98000572372419
12  69  146.74304111151025
14  29  339.32641629374524
16  81  22.835140546488145
18  42  529.57259401320073
20  67  194.63049696782716
2  3  42.999999999999979
4  21  46.054989250904043
6  60  174.48133042181607
8  26  227.83219892765072
10  54  143.9246184390972
12  46  172.10316494495254
14  54  164.15804202215361
16  68  210.54984576917931
18  64  378.65083233860418
20  56  574.16614438803572
2  17  74.208475591425795
4  0  125.73656891334177
6  49  56.050229775397767
8  55  88.859380637515514
10  59  170.42900408147534
12  28  440.76385402902986
14  46  291.01577085942893
16  54  303.35986403259727
18  46  184.47263975915658
20  70  31.754969339352968
2  0  100.00000000000006
4  25  190.22228129302948
6  29  192.32643378896083
8  27  257.578895025355
10  77  160.78837800609034
12  56  91.79157619510157
14  68  188.26419794892527
16  74  260.71167968081403
18  46  577.87155126973357
20  77  104.77840069015362
2  0  17.999999999999993
4  30  222.27623638503542
6  40  183.41815786581515
8  75  94.431593599935823
10  45  166.01860455486411
12  26  205.17177708146897
14  81  7.8712886389303618
16  50  134.60320525959168
18  77  144.75670634648668
20  64  147.58112933885241
2  0  0.0
4  27  66.702854969540425
6  52  180.1687000617637
8  35  152.96331390726917
10  50  255.49208010152401
12  81  138.50574720212876
14  56  390.57579018626564
16  55  222.81937235588725
18  56  257.7420217944412
20  68  243.21689855897725
2  15  97.2179997190146
4  17  145.76777565383526
6  50  197.98021535840789
8  87  31.888559601133647
10  38  181.10982263358994
12  60  105.52231494735734
14  22  410.70210430168714
16  22  576.95123227752015
18  52  118.85587438859218
20  65  236.65523464662385
2  35  68.975398855469308
4  21  231.67714078249941
6  49  118.9978737409424
8  47  191.49874445114108
10  66  177.45603261930134
12  20  206.65846123626363
14  54  296.26511950933951
16  56  59.825284428691141
18  88  64.023151909100875
20  68  203.54716905721784
2  30  43.734180008652153
4  40  77.793246181304625
6  49  45.948919371461514
8  41  310.10090310659245
10  43  175.74357077908681
12  48  372.17969609985226
14  54  288.46176175435426
16  50  159.68594947817195
18  88  69.538682058913153
20  77  125.01603176281849
2  28  101.51899090608558
4  18  250.36889429891781
6  65  161.78836817857336
8  48  20.507624921451864
10  51  195.15378103716918
12  76  42.915143943912362
14  53  108.46489413860377
16  54  27.988856701775795
18  80  112.71218024127694
20  57  126.57182657153818
2  37  10.965030029071555
4  43  116.16881533098785
6  20  361.40301321406918
8  83  63.83522610300821
10  34  393.13402109378785
12  37  625.2763675077606
14  48  122.2070145397641
16  48  184.9084956191156
18  45  309.59783586865996
20  58  205.27342046319464
2  27  89.501947946226878
4  20  72.44943951450341
6  10  260.97981562552548
8  33  335.07922645918666
10  66  181.39392627558018
12  48  449.83568132846955
14  55  178.14464251145279
16  79  105.94090638246259
18  67  180.1938450448034
20  78  110.50765306471709
2  23  116.41910408794608
4  79  58.230634314533681
6  64  124.82354243715208
8  21  265.97902297526088
10  67  201.94884096051484
12  46  130.92084474024355
14  53  138.02176209626921
16  89  76.61618259522109
18  49  547.1537438263698
20  69  145.56114434570227
2  18  65.835990549296739
4  13  52.45295224436299
6  17  233.26096999477483
8  6  440.3429565660897
10  9  435.75496268139341
12  49  130.36189433235734
14  27  557.95077516847459
16  53  335.9914348225775
18  31  719.79074836332666
20  31  175.99885324456039
2  28  111.55077082378094
4  35  56.09238758093386
6  12  187.63439771225964
8  15  151.85407431001798
10  46  198.09117464054842
12  49  419.4806071401382
14  34  26.571091761317515
16  42  462.39910392027917
18  46  497.95652592834603
20  66  24.078169924089
2  0  86.333142633533583
4  8  124.41546739970143
6  7  228.9687429944241
8  30  166.42122626032153
10  52  248.88165964538589
12  79  32.20692395919184
14  51  145.01910820183272
16  65  249.01030184143116
18  55  35.561904598747887
20  64  99.445949790744493
2  0  0.0
4  29  113.23259295240588
6  41  160.76288498745438
8  16  478.40584313955594
10  71  151.87336761666378
12  31  167.27116357989894
14  44  457.23310679245554
16  91  111.29116603485353
18  47  69.925283643674447
20  44  172.36939329994118
2  23  120.91792721500559
4  30  71.625915978935964
6  46  134.70092737534893
8  40  213.81587489749288
10  24  286.18106592268003
12  44  293.71240846572022
14  84  92.839228330329405
16  28  622.86669084041773
18  37  664.44402433069263
20  75  142.90574335714169
2  24  147.465520135433
4  19  54.117473295985022
6  48  236.52476934815374
8  25  189.49864467253158
10  58  186.30953873412847
12  47  422.58151216924472
14  28  500.93246365616875
16  64  195.57927077095792
18  57  261.31402848369135
20  63  187.15895896959623
2  12  149.11501350717194
4  37  197.64564990980108
6  29  146.42944673484806
8  36  181.23677312568583
10  34  226.87456974443236
12  24  491.0595782822021
14  42  399.36562728724834
16  61  139.57778374001776
18  36  268.48547910043919
20  94  40.42982914876486
2  0  70.000000000000043
4  12  106.48792831394026
6  36  160.82268046404954
8  48  162.41288177118867
10  71  67.776489039107162
12  44  484.27040156231675
14  23  436.53066420969662
16  53  139.64247902671454
18  47  160.45433079349831
20  73  4.3001556480101062
2  14  95.212030251365533
4  25  122.40784485049214
6  55  95.974708254716106
8  21  301.72791130846934
10  54  387.19189037019822
12  51  325.42408308824173
14  39  78.619864319569288
16  66  32.254667077575462
18  79  131.52665088888398
20  27  228.66360783737272
2  17  29.759391684329319
4  44  121.15295329433332
6  23  109.81828072142282
8  21  252.89940747441941
10  33  502.16325830592109
12  51  244.82128326516698
14  58  244.84200724741643
16  36  581.31841139298535
18  60  152.69930948150977
20  46  271.32119304815114
2  25  70.492414476136958
4  29  69.205573995176053
6  33  150.43219090241271
8  15  330.15846515029079
10  25  460.53813949709445
12  70  105.18314653784283
14  53  51.703184099360357
16  75  14.404056408925738
18  76  90.21153057550454
20  61  193.13011515553421
2  0  72.386510466885142
4  40  11.424845566345056
6  33  209.38864990440052
8  18  192.48607495743028
10  66  213.80192437337834
12  56  249.069834480325
14  62  325.24404829537963
16  29  143.60687890274053
18  31  330.29378997591925
20  45  464.3914624262768
2  0  147.32867088340748
4  33  104.77789467660772
6  48  137.9032762365602
8  43  153.49976363890175
10  49  123.30423287699982
12  41  178.7138532204666
14  49  374.20878356561985
16  54  263.50338830565482
18  49  439.70394857065418
20  66  309.00142706489197
2  4  156.09923375837539
4  46  58.016460548103865
6  19  285.17851880675016
8  35  349.73633333595609
10  25  283.61022643789687
12  70  56.875849329221538
14  54  311.100966370089
16  59  136.85472601522005
18  61  418.93914605828712
20  82  289.00035136215394
2  20  145.51181161923995
4  37  75.20432159970072
6  28  179.54314133025181
8  5  556.53760763079401
10  16  526.6952862524314
12  63  181.70420342821075
14  58  172.74680852990551
16  67  173.68487835271068
18  40  186.75013652831456
20  69  304.15744653163011
2  15  86.748635585124902
4  26  191.7199473519396
6  30  106.55459529466189
8  42  119.57051761652832
10  37  233.48942530129045
12  3  278.26436739857689
14  73  38.169918507310186
16  65  169.60918087945916
18  90  79.585536009805949
20  59  14.84227290455193
2  0  0.0
4  16  116.20757072288902
6  37  306.4992050382541
8  38  194.40326002169817
10  55  79.196841101987843
12  66  91.211169543114309
14  55  172.66132176093387
16  61  49.601512013916654
18  51  160.54372652900409
20  54  533.22175707987742
2  13  82.086055296934063
4  20  147.16619052101515
6  22  274.18708582545912
8  55  91.673180178284312
10  63  110.9139910779472
12  30  97.999672549952123
14  36  155.01679807313451
16  14  341.01463518763819
18  56  358.54272020493192
20  40  957.17948174637593
2  29  29.884463621593277
4  32  153.2289960973373
6  23  144.08446204483127
8  8  531.9200294025909
10  49  176.5780355945088
12  45  194.98148103700777
14  57  211.84370391167081
16  78  15.551514996807361
18  42  39.463175939416033
20  55  18.499120542787335
2  18  51.667575914215917
4  70  86.67325851624166
6  36  142.68336083560109
8  31  153.79489096715483
10  64  75.958946225982288
12  52  216.0075149869524
14  70  203.11311014745522
16  62  104.2781470490245
18  64  109.07548068864766
20  45  260.80816123757086
2  14  103.11353812767123
4  0  131.53810263354887
6  64  211.11213406479899
8  12  360.15678535620265
10  29  321.71177297310419
12  27  306.67351502792781
14  65  26.380830642229306
16  23  790.0126614084312
18  81  154.27967542804237
20  57  529.24994749824646
2  52  85.078777782715576
4  7  89.105202540741189
6  63  240.69766357093351
8  38  260.56353641528722
10  27  362.65252816452903
12  27  203.30743149111916
14  43  470.53476283916575
16  60  100.58261372077997
18  63  193.46102863919214
20  62  103.78980642493846
2  7  181.95499371758214
4  26  150.58352892626434
6  36  164.94337788202623
8  37  118.07934636890568
10  57  114.38559079539098
12  83  107.43893633563987
14  58  168.65810757508882
16  27  502.11810592012171
18  57  221.37585902381647
20  86  87.388189919520329
2  0  35.179888492713431
4  63  71.527315252233777
6  54  206.22590847645321
8  30  490.55074556478172
10  54  127.45998403441089
12  83  93.66571015323585
14  53  65.428428702551159
16  53  151.79230221209559
18  24  381.17415789753977
20  63  80.296037491262098
2  0  95.999999999999986
4  23  41.639745723753371
6  47  160.99372107562479
8  32  206.86758912975162
10  19  293.98874177303566
12  19  530.41671043999486
14  78  82.664895771822898
16  51  185.27163713971174
18  81  76.831851339369777
20  39  543.46555308131053
2  30  75.061534648860643
4  53  80.094996270567734
6  34  180.31322189362754
8  50  159.47289538614382
10  17  157.61405460211887
12  70  78.9786111026079
14  45  144.54098463363192
16  82  66.951722283372575
18  58  122.36290037068856
20  56  105.67048751551917
2  37  69.42596944193285
4  56  88.157325184796534
6  16  98.947275268643054
8  82  70.876676033697493
10  62  112.22949888676156
12  57  298.68555899507277
14  87  74.916970334927655
16  62  207.81433269410164
18  58  44.64943398853687
20  45  293.56169512906399
2  20  48.988576108633588
4  25  136.61602300797236
6  20  228.31716743551732
8  26  171.24755339477898
10  43  246.73949348696701
12  30  514.70098999181653
14  58  190.31485060073686
16  41  310.5137520021924
18  53  271.99630022832832
20  71  71.977515659874328
2  0  77.724903070292115
4  42  165.74178464180378
6  37  34.466943810009063
8  40  136.50835186455097
10  76  134.70575088320675
12  47  170.16883748537327
14  42  92.961834192388437
16  38  449.89042414760308
18  56  108.83441871225196
20  66  267.29227832433247
2  31  81.777681263752669
4  15  40.24443863164683
6  25  234.77647874229035
8  50  54.024385358721581
10  53  236.93415266054922
12  56  192.80751060127648
14  60  123.51077154827396
16  63  0.0
18  58  116.38575528077935
20  44  444.45296692587283
2  13  135.49211556994101
4  37  62.697943137347707
6  54  137.066713757158
8  43  249.45404352980518
10  71  126.75931893216264
12  41  204.69093382887667
14  50  46.071539218581485
16  49  195.42174420678367
18  42  555.41908967794348
20  78  39.308801290740455
2  15  54.981869383712414
4  30  154.82198701999064
6  31  225.65824824025708
8  24  82.625555746085766
10  28  118.84931486780863
12  60  38.273329969972906
14  46  270.4415984626857
16  53  160.6902285669087
18  41  492.49422309425427
20  53  60.811026765637088
2  43  101.37512564769138
4  42  67.393084149291354
6  35  299.97046090186353
8  62  146.27238989790436
10  47  248.42463953240338
12  64  48.8257855797983
14  49  340.8315920511684
16  84  142.45781793255898
18  65  340.83755821250793
20  69  109.53955675949955
2  3  115.60996106049883
4  20  67.224153086922783
6  46  165.10409248098145
8  31  239.43254624699279
10  66  149.01760806914118
12  49  94.76171159095847
14  30  485.96356401361999
16  61  280.4993865442284
18  76  242.48348294577872
20  64  148.12695011487176
2  13  114.70091823656469
4  28  114.37022141184761
6  28  135.44837755930999
8  33  144.40444754206419
10  59  212.28570579639921
12  46  185.11385167215755
14  41  158.61419860138579
16  64  183.415952051587
18  46  144.29811057895824
20  59  97.582109966180894
2  46  37.504516858424793
4  12  280.55682284325349
6  20  235.06603210324988
8  62  136.58406409006253
10  69  103.79316872748669
12  39  55.58973833067342
14  81  27.153803434952945
16  64  502.39933065227086
18  6  901.89015579225043
20  60  186.2628938410823
2  18  152.62879918741115
4  15  245.71291086249889
6  31  62.124357534438175
8  62  102.88167382408301
10  46  245.77116752551609
12  31  323.90276190190798
14  87  119.48103569506085
16  64  122.05076404627741
18  91  75.665772627343728
20  59  317.53927319989737
2  42  123.39994568643969
4  61  132.93049215358317
6  44  201.64278072489529
8  85  37.708187154272068
10  48  130.68629498538596
12  66  122.62546406611362
14  57  333.3601665779338
16  63  164.63962388765634
18  44  101.7159145958087
20  62  219.33534872037694
2  11  82.187124866691249
4  40  56.975606669706337
6  4  383.37836167153938
8  29  232.32607885640161
10  46  243.34987847567129
12  46  176.74068087134151
14  74  86.053404405187393
16  67  296.06377342564042
18  61  83.713946676638713
20  71  66.761074702258227
2  0  93.937926555181022
4  17  109.97844676448466
6  13  86.737908216696326
8  47  123.70167611763739
10  70  85.323138408161711
12  60  295.57354902064867
14  23  811.00332753634598
16  64  128.79806120840223
18  86  117.44956798569856
20  44  426.62261167202388
2  11  159.31013942558502
4  65  87.083812901253125
6  49  164.60525288284359
8  19  66.342161938005702
10  54  161.1018280063513
12  40  324.64003000428858
14  62  109.39925996510648
16  55  177.5989236342981
18  69  115.27231697489124
20  36  94.58666128229504
2  25  45.660921247892986
4  37  210.38634537211092
6  36  266.11757428775451
8  54  168.20706429566243
10  42  309.42543342741396
12  36  291.4180911550302
14  66  33.614428476190525
16  65  59.047701064510086
18  92  50.017864967482041
20  42  587.41895808839467
2  7  80.744460214910561
4  39  127.80498453813634
6  28  83.214654058003404
8  24  175.5117958844256
10  59  146.56911307980877
12  34  182.58507542289669
14  43  307.4108833517181
16  20  609.37380915717858
18  55  235.95476708124562
20  76  91.237519081134522
2  0  112.90840884530024
4  15  130.07146803469215
6  31  121.95961950689549
8  6  443.06185410917146
10  40  110.0796024402843
12  55  90.784235090593228
14  66  208.36480254304291
16  83  149.90342042000657
18  54  225.20605066655506
20  61  264.00259119003601
2  17  63.8771333747627
4  12  141.49241258484437
6  45  197.06002440816516
8  93  38.948370151655183
10  36  332.82058101213062
12  54  233.90591965007911
14  68  99.007383066274457
16  48  261.196805834521
18  42  138.03862183938074
20  70  179.852910969627
2  46  102.59522539996198
4  25  171.51598086437886
6  89  23.938687416614318
8  55  91.09287686708565
10  18  555.71773189367195
12  24  800.92290550539383
14  68  117.43063622817596
16  66  151.85644431251305
18  78  73.910863228148457
20  72  31.116111982336129
2  27  95.254620704976787
4  41  92.820751422639631
6  13  97.834362488619277
8  25  149.57069105776108
10  66  159.37622187574212
12  44  126.05091610146354
14  73  124.32001650359584
16  54  95.443871449840941
18  54  376.87969346742091
20  73  71.557576194757218
2  30  118.0216261515335
4  48  100.2760722278524
6  51  202.93322020233376
8  77  64.191352534396543
10  52  144.14237966515324
12  54  257.42445702816445
14  52  171.36229934951177
16  42  396.00600578893761
18  60  87.800550912723025
20  65  171.99539979608099
2  3  117.90222988926041
4  19  145.98189525494575
6  9  356.49179461882301
8  17  239.30004104340392
10  26  290.77009439331312
12  67  123.43896123241025
14  62  200.24344292678919
16  78  113.28174111759917
18  53  366.89558977761499
20  64  222.31866981939137
2  14  113.79890158295169
4  15  163.15799983654202
6  51  147.00871594212126
8  45  169.46421758806412
10  12  354.77002024293557
12  61  123.18045372701188
14  62  116.54845689785478
16  63  140.14987711899482
18  84  178.90466000982062
20  52  148.53333210123208
2  37  119.60488488959878
4  25  105.16443381004272
6  41  100.73706578387697
8  36  282.75059737236489
10  73  118.96680551023584
12  46  241.7329653244031
14  33  297.51604578194519
16  23  335.92450774915523
18  48  238.9507736634053
20  18  145.23098073543136
2  22  77.185998256452976
4  32  163.68193645239063
6  9  67.739962404974975
8  62  123.43786566207099
10  51  17.69128349974406
12  33  181.84059173202084
14  66  41.976388062962123
16  81  183.13368783925048
18  43  61.527564633835858
20  40  606.09479041527641
2  8  23.843989832372259
4  39  188.42556431837178
6  43  87.815170219149763
8  61  27.75123121169193
10  44  243.06298751632661
12  32  366.94224938542021
14  47  220.2089369027326
16  65  31.889704985534518
18  48  232.23790663337641
20  38  630.9687729969454
2  50  94.215533964029362
4  30  84.878066386287728
6  15  241.90364995487133
8  34  101.85751012018216
10  62  212.89994838434228
12  43  434.32800388474601
14  49  198.80812460932134
16  76  143.53750280835712
18  70  190.42012879529506
20  74  211.92267275791627
2  6  100.6837529302869
4  28  67.684283150474442
6  39  135.20124657058079
8  37  374.67808716779598
10  56  71.820522405639338
12  26  334.96365408514748
14  59  211.64853460222528
16  43  266.31241575656912
18  70  481.90191163803308
20  93  17.227582529903078
2  25  113.45171454775954
4  37  194.24281089948528
6  43  107.5742807207457
8  44  103.5216540150177
10  50  81.059881097116275
12  66  71.303972859928706
14  70  328.2152699213766
16  71  189.13858939522049
18  58  94.390781483633944
20  54  348.95038566203038
2  20  61.352047397608601
4  51  97.324391866507753
6  14  296.52944147214356
8  63  138.69678498361023
10  24  324.1239451701523
12  28  654.86577583722624
14  52  212.49456707364328
16  43  263.54349388289836
18  59  161.62521648133125
20  53  38.915345372242143
2  10  134.92162351676632
4  10  269.29310149583733
6  51  133.94239784245966
8  49  63.720069261707536
10  44  297.41331783396504
12  44  305.04748226662855
14  77  60.094299810644365
16  45  347.27916313904956
18  62  74.080301475443051
20  65  112.36813647033205
2  10  107.78063618648179
4  27  152.21898831109363
6  28  235.05341808188686
8  29  305.98486593623528
10  35  170.09886426556105
12  43  514.42162694390925
14  55  118.50183989403607
16  73  231.60051779163388
18  88  121.50653881218258
20  68  496.83024895787804
2  37  73.133748698681671
4  55  98.567919463585397
6  27  211.13241329904116
8  31  426.96980018221427
10  49  240.38187034089327
12  75  176.25432059557761
14  60  86.93797265726441
16  42  340.54628360718328
18  55  255.06908753277128
20  69  110.32770765584111
2  27  71.394724670667699
4  0  380.82850308458796
6  22  221.56996488853864
8  26  515.62751989309629
10  51  216.52722270178634
12  45  390.03078148385629
14  43  228.11405326220242
16  58  163.41781758635219
18  14  732.65830871488481
20  57  318.5474617873794
2  7  169.2856101946027
4  24  199.83640415387831
6  30  124.95179834706492
8  69  78.204606346816945
10  23  335.09352099183474
12  51  162.00135236485528
14  59  160.82378536040082
16  31  412.42448015587547
18  20  390.76334220981721
20  76  105.90865620546234
2  20  31.666187966833256
4  30  90.799675756643779
6  39  95.955946883967329
8  39  321.92832313912106
10  33  182.63874976383869
12  43  263.01416164020367
14  54  193.72981821875541
16  58  377.30361478045461
18  69  91.798342512331402
20  62  131.82000112629245
2  0  37.623881086556338
4  23  68.397411065310138
6  24  265.3079689094028
8  54  292.5897994146946
10  66  93.45908736090972
12  38  408.99115686538767
14  49  385.13024190914689
16  30  494.60905303327769
18  81  138.60358215815597
20  45  568.19116474743635
2  31  80.51667609759896
4  21  124.93565255312511
6  51  223.34121731665039
8  41  55.794597253152283
10  53  210.90580293099285
12  53  211.24545759878438
14  61  41.024690165014164
16  70  167.17455008360804
18  42  310.56921922677674
20  50  295.81139359458138
2  18  135.7037714365436
4  7  175.79267279544882
6  35  170.82049432738086
8  50  149.48383524709774
10  24  450.53023077686788
12  46  275.54560829615411
14  48  214.58141020188432
16  60  25.812435951145574
18  33  156.27441116894198
20  49  63.779253816814183
2  11  75.671515988333994
4  21  209.5964854941889
6  24  92.579786627720779
8  45  106.43744162724435
10  50  235.49593880290155
12  68  137.40776847158153
14  58  281.19572360860553
16  48  488.52994464111464
18  70  121.21109746751189
20  77  125.09380658109586
2  4  129.72775861548394
4  15  196.82047841510857
6  40  242.89429799563663
8  39  108.46078002609269
10  47  203.58971349375435
12  72  77.535046552658116
14  66  98.312112436620438
16  50  192.31889137869865
18  59  125.07548849113414
20  78  147.3994475249296
2  10  76.697045155463854
4  71  120.43269117324404
6  34  65.846409134680684
8  69  127.39081975610799
10  24  367.59135048445489
12  35  272.9723962305942
14  60  77.043655570896476
16  43  287.38532185601491
18  89  116.61934232924773
20  73  123.32558529162613
2  0  35.0
4  61  88.579957168444864
6  52  42.826054349788834
8  56  100.70626024757289
10  63  139.60699044065711
12  53  279.976499252672
14  57  318.22294806969506
16  34  376.31475543210388
18  58  69.987298266843723
20  28  135.54122973881292
