1  69  168.77953452529135
2  84  106.63237934173334
3  77  200.01802046867104
4  61  217.67633077677451
5  29  385.63708272870269
6  47  216.3647271415193
1  74  141.14638747813495
2  57  160.10962327265486
3  45  355.37590496106418
4  65  164.0082720226558
5  62  275.69313015332642
6  36  355.39688315830222
1  67  121.39765509122986
2  43  456.35711222564919
3  58  192.38860997583251
4  35  302.79031947531126
5  65  297.43339450163069
6  53  178.71912028364545
1  48  96.247202259736525
2  53  252.90947346197765
3  38  534.49800649027929
4  61  219.57305539290567
5  68  173.82165797961767
6  48  303.11027419545781
1  74  150.6223374389582
2  84  88.098576567736345
3  60  302.64223164502374
4  47  429.14727511484585
5  54  301.1990704789327
6  52  136.18537322508212
1  100  4.2897338209983094
2  61  156.64065456566283
3  35  389.65467902333455
4  48  388.78243054928487
5  14  561.47702601800506
6  38  431.29795800061328
1  51  61.673509578290258
2  84  113.71298114911066
3  45  262.76557932777484
4  31  289.92345434348664
5  60  192.89459012515906
6  42  450.0808961384576
1  60  182.51011601362143
2  85  115.72421956944778
3  62  226.13447561963184
4  47  314.69153781791573
5  59  341.1713642112295
6  47  244.65221723656768
1  67  135.40073766160893
2  70  232.97823951171139
3  75  121.7992222247228
4  34  248.99716633088502
5  43  313.59313352165037
6  70  143.5585671554355
1  68  117.12372579724823
2  63  195.36031431689622
3  45  500.87369224558341
4  77  109.51383715851694
5  67  179.33977547947319
6  66  212.64244358494693
1  69  130.24314575633079
2  59  314.32282664824675
3  63  229.04048712072705
4  67  214.12080131697863
5  43  391.86371860055579
6  46  337.21789496158641
1  83  81.312787800903592
2  82  140.51291433716213
3  59  320.71458455050515
4  49  294.71910600624511
5  51  184.85785921788707
6  51  158.26170452634946
1  76  119.83450932524246
2  56  269.88390328141315
3  35  237.83145920976494
4  74  157.16664739331654
5  58  192.77976821199732
6  56  355.02619907119077
1  78  111.82726997232652
2  54  274.62524188225939
3  41  463.51567735734665
4  58  216.19916477140316
5  20  548.77036730335453
6  32  317.84211205093908
1  73  171.40580704357595
2  58  332.77572993055622
3  62  147.42506136862025
4  52  410.51111400967795
5  89  66.269185632331471
6  31  352.33032366313688
1  53  204.46085948475354
2  80  129.69352199423267
3  55  268.51973571751648
4  36  449.27547394121308
5  62  326.66648908177586
6  57  274.2213613299997
1  68  177.29585910210938
2  62  216.89804589855078
3  64  198.13577021015107
4  49  163.42326265322711
5  22  607.54683206688958
6  61  197.45132237827983
1  46  397.26845286524014
2  69  178.38721826729432
3  61  215.03460057541193
4  61  197.88914824434585
5  33  407.83738458875166
6  54  487.92434377616451
1  60  102.82317239015811
2  58  150.56478550995487
3  51  239.59643833338836
4  67  220.73128671354004
5  41  340.84970633846257
6  51  286.4863175209565
1  68  210.57757011190677
2  71  155.58900841053048
3  41  286.88206019156064
4  68  173.75023812590698
5  46  311.51991108074662
6  66  196.66930795161005
1  80  106.22641272210056
2  57  299.25154905380055
3  61  191.40339335109951
4  43  271.78542162203797
5  52  340.53593005335796
6  30  256.64344158343511
1  71  109.4382768001514
2  44  280.38997630721525
3  62  140.2078281504609
4  60  213.00753809664627
5  35  215.97507590821095
6  36  397.6104378626564
1  75  96.604327572815976
2  74  126.98030270059529
3  72  210.67776372198193
4  40  344.35063216737086
5  66  179.29765690478752
6  52  342.1331797600451
1  75  138.96223104892562
2  56  301.74639712901842
3  53  227.98987982339975
4  69  161.28119838487837
5  45  395.47742758004739
6  79  132.42914353912738
1  86  71.559295753173913
2  44  182.02229546811824
3  63  197.82611467569174
4  46  265.22576638276371
5  31  383.14389820061888
6  52  248.32820475012994
1  74  112.46102519164702
2  57  143.08917639456956
3  41  384.6794163921092
4  63  218.41690289426813
5  47  371.70649477352367
6  46  376.98812182789953
1  80  145.12598429513787
2  71  157.11160517035145
3  52  211.88262855275977
4  36  379.79867022498945
5  71  226.13952436455853
6  68  127.27619820860713
1  55  161.76302168801973
2  36  224.57760702571602
3  33  494.46616994176492
4  48  322.15010427250604
5  37  264.48753639433772
6  38  310.28076697844881
1  61  175.86645504272474
2  61  171.72488318703344
3  67  241.18538132384731
4  60  427.05988364135197
5  49  249.97643583113924
6  35  443.99049173042539
1  74  144.98990480247778
2  69  167.52260448946444
3  48  324.66126969498913
4  50  370.27819813792513
5  45  338.39732242082158
6  31  476.30969630307118
1  86  79.297477322218498
2  71  132.62479177411498
3  83  190.89168576065984
4  52  256.95586432560123
5  30  85.27714705756091
6  46  444.03334279380471
1  75  105.77109444222992
2  81  127.37231536326554
3  71  204.38216469376215
4  60  196.27838732300921
5  45  459.4432603209313
6  40  287.0313626807137
1  53  210.86528374313821
2  80  123.54778625937718
3  50  287.87837975399776
4  50  281.42119559472076
5  58  303.86430559599296
6  33  472.59922066602644
1  91  52.751934193122821
2  55  264.70008176635537
3  74  155.11104820898606
4  67  158.52484767150452
5  47  167.43652589513053
6  61  249.71320589700622
1  60  203.09460955231995
2  52  237.91415893557689
3  61  290.52926285799913
4  74  147.47097911631397
5  71  210.25655706733539
6  57  221.80597129710682
1  75  128.31881364353094
2  49  308.62072612825875
3  37  335.30159935585641
4  47  244.50133095492626
5  44  355.63720662270117
6  38  410.11188166695854
1  80  82.812832902964971
2  48  188.53198238878247
3  63  264.64455881100298
4  72  170.36386831450542
5  67  148.50085941357619
6  47  286.76523187276024
1  91  62.344060228519147
2  69  195.75254145712248
3  46  403.52730830713091
4  37  136.59560881415754
5  57  231.65260182994064
6  37  262.95664777455784
1  72  122.79629605766027
2  54  155.66893168202719
3  76  107.69198633277034
4  68  189.3643350527492
5  68  214.7228417628113
6  61  173.00854849574324
1  81  104.17405915780805
2  82  103.3514606973625
3  72  157.70729102547659
4  69  181.83616055249166
5  63  266.40638219013118
6  46  299.43388163327842
1  85  83.8299322704801
2  80  112.04003072143544
3  66  251.36690766243711
4  63  218.07143339908939
5  43  142.7563087127696
6  30  520.85187575340956
1  63  152.0200275030941
2  52  172.07639746145014
3  60  231.46104112096216
4  35  377.4273531018855
5  25  486.333210575458
6  62  197.7416804593831
1  55  309.42943980338146
2  62  277.49928657460111
3  30  351.01159638629616
4  51  365.61756690862188
5  65  221.30964945705887
6  60  257.21892669875979
1  87  63.582079650562584
2  41  213.39470264217488
3  68  176.74390858603851
4  64  228.36223903196083
5  62  192.58730836962329
6  39  472.57919897821427
1  79  156.77394765834259
2  88  60.416089899419546
3  61  226.71176652878992
4  51  258.19542049029189
5  43  310.80772764497237
6  65  232.6948466557229
1  72  156.74786409901961
2  50  308.09600582145947
3  62  104.1207447455339
4  67  203.28725078373412
5  69  127.23575049697403
6  37  353.36628538946849
1  76  87.82744500277434
2  62  256.33934470803769
3  61  209.9139103381155
4  62  222.49501880590182
5  47  259.40922953776004
6  61  211.61833448820775
1  68  187.98085279635612
2  70  148.07022431183665
3  45  227.36499566050068
4  53  257.8591221727545
5  51  206.51078976304115
6  46  248.60111856602799
1  59  190.80555244972854
2  84  48.225673261362566
3  81  147.5581152748839
4  47  266.22440188825379
5  52  136.87906387248898
6  33  303.2521625848164
1  69  252.19284086321869
2  51  208.93075394742917
3  26  459.36284239887493
4  36  378.73254452780714
5  63  189.80810470269432
6  69  221.68474528036094
1  71  146.46299404188682
2  34  486.79178474905711
3  54  291.49248028690596
4  74  132.90759921411126
5  69  173.38789086042505
6  35  369.95375755502619
1  63  154.10240105197451
2  64  196.27401025150741
3  71  176.75255150869793
4  46  242.43694137510181
5  51  223.30162229337338
6  43  373.05251847321159
1  55  338.97500734015068
2  64  271.45358612355432
3  61  197.01530408958448
4  28  507.84018043675928
5  54  341.62188784283836
6  63  288.12851794811428
1  72  176.44200998949771
2  73  185.55440093619208
3  36  311.00721283224578
4  64  149.72000757399633
5  25  158.38060430349239
6  86  68.731998357846052
1  61  154.61640231262894
2  59  266.35769058414155
3  39  272.3137168126384
4  58  140.36723851933769
5  54  214.27618747059265
6  50  253.19620962619487
1  69  127.05451207113141
2  67  105.69815697624394
3  55  368.32458501138092
4  58  235.29604475959206
5  47  324.50086935002258
6  57  142.30358916182325
1  72  109.90798677616259
2  65  216.34045107478812
3  19  617.98938529264353
4  60  410.44373450020572
5  41  396.65646907438361
6  65  177.45750939717476
1  80  88.931542211384979
2  65  163.02270368504463
3  60  240.35107828317237
4  61  175.90245356379103
5  24  382.2504324053001
6  40  251.97826256961093
1  83  105.10457585343453
2  75  111.8209937047119
3  35  450.45552157413249
4  57  169.57494131068998
5  66  198.89709490883547
6  26  598.73968544000559
1  62  134.52597282742664
2  71  125.69985121436449
3  48  245.02528101037134
4  31  387.89566355811968
5  50  399.24186087423334
6  50  200.63567534081142
1  65  249.8603440733404
2  92  60.760383571363697
3  63  253.62639055644183
4  37  427.29723431756184
5  47  354.97709685605525
6  77  138.31260963870727
1  56  276.84101527215961
2  65  217.97507650536755
3  73  124.25880617670225
4  38  254.73851820260754
5  51  292.66897483046057
6  49  353.14101095933006
1  84  88.080926602779371
2  73  199.67930231608824
3  52  236.46607667760338
4  53  295.47384455655941
5  50  162.21961064420802
6  46  375.90240424052575
1  67  160.26044240314681
2  51  331.39208041405726
3  60  265.55109082491521
4  63  195.88363642693102
5  61  229.92369877727327
6  26  417.1149916568088
1  87  91.223528832612672
2  40  51.619622228040669
3  25  515.5181659481816
4  36  329.70370374627487
5  70  142.56122578576765
6  48  303.44259431146241
1  62  146.13232198626133
2  50  325.86270390298432
3  59  310.72251803386979
4  50  224.19002141370731
5  61  240.81298745239945
6  50  321.12992929597772
1  69  207.57138646032274
2  89  61.94376106517845
3  29  418.62876232719543
4  53  139.52399799472394
5  40  355.8607404419617
6  50  274.0235402615595
1  73  150.06695319650592
2  70  136.71049353128927
3  71  137.44864238680321
4  74  90.772767060062336
5  41  265.94539303342287
6  66  234.83737953659178
1  81  72.217799618746696
2  84  57.778772668403313
3  60  235.5341195593154
4  56  248.56797203753942
5  79  93.328907692925014
6  60  273.7402983844853
1  65  165.53886078031687
2  82  101.16961479642583
3  40  374.73931895473953
4  57  274.64745873043796
5  43  343.70876708367229
6  41  375.03255263657007
1  53  181.91051065509544
2  69  146.25987852975112
3  51  321.4264608589844
4  49  347.84365888035671
5  35  421.63375308496398
6  39  363.08395339333021
1  79  100.43226017700083
2  60  229.21159797046016
3  34  465.57147054480288
4  71  139.02660637268937
5  51  214.19549175395747
6  34  210.79348271165304
1  79  157.4035797224991
2  51  332.18562787372082
3  58  258.44467347475052
4  54  296.4191215697806
5  50  282.2059506403445
6  74  190.15547385302719
1  71  132.00608154055803
2  58  293.29358995618509
3  55  260.19992561906463
4  39  381.35390570329156
5  48  415.25123037386527
6  63  160.39935832492148
1  64  168.19075367295372
2  36  204.76729063213207
3  63  301.13900298354389
4  45  344.7376181728622
5  70  124.49703702075604
6  71  182.05551947014609
1  71  111.59743203343555
2  56  259.49979512562686
3  70  88.686001510866717
4  26  469.80627983856976
5  9  566.20316823158873
6  32  401.62234638943193
1  77  163.33242131034783
2  50  177.2194231312034
3  17  498.52925989849757
4  49  395.24717364618277
5  37  475.89395884554528
6  43  320.80417074789841
1  69  164.19613404149362
2  22  536.66366885457262
3  64  151.89973031584236
4  70  102.86653271625103
5  85  94.611809079848513
6  61  254.48621214669214
1  41  328.52452363400857
2  50  368.93775729678822
3  52  282.48244063406202
4  62  212.89254731253968
5  40  256.61961192085374
6  63  211.77399276520319
1  73  182.83629123108858
2  44  188.1946100554604
3  65  245.29869789685083
4  37  502.80878263674617
5  69  150.95599852530589
6  43  341.80075456889671
1  57  270.32415900487808
2  87  65.986579853483647
3  53  276.06123150376726
4  57  284.69553777993013
5  54  246.68057397791617
6  49  261.23862546482383
1  58  153.6711632199922
2  58  177.27407067496168
3  48  361.88572094473113
4  20  528.32716549811107
5  36  451.48941620489938
6  48  345.20584893016417
1  59  167.93300178059189
2  68  217.66621710783019
3  59  220.9389481522567
4  64  281.62008538864131
5  29  383.92977281194527
6  42  397.28962180835975
1  60  197.79398570447782
2  66  136.38042861869889
3  64  219.74916503160111
4  48  336.80057919755671
5  42  339.9980757514756
6  84  91.10083549319026
1  59  117.64701871768322
2  59  214.27755342487524
3  48  355.74005796559118
4  72  283.31911326094627
5  50  324.22749227242724
6  48  267.98442429233933
1  63  167.62848961834376
2  87  64.505816511108989
3  59  226.4235173236041
4  62  221.87178608408027
5  60  177.0883186023006
6  55  211.91452703647829
1  77  98.849352632614867
2  62  251.22747796261461
3  52  178.25296342120726
4  53  345.41267923443183
5  67  205.95996472666869
6  61  297.31869127334477
1  81  106.23629092640648
2  56  154.18565311823278
3  74  159.45871644524166
4  48  445.1305428148944
5  62  242.44976523958672
6  24  472.42809515282164
1  87  75.519778798265705
2  70  148.08478505798979
3  69  214.42511085906793
4  82  100.31741187498261
5  54  342.45641892441211
6  69  162.51282235921937
1  61  208.37743522422551
2  73  134.08129737764193
3  56  323.63442291208702
4  39  327.30088089311022
5  52  353.0292567543255
6  25  436.88236627921435
1  54  212.20959168628963
2  73  149.59706805149233
3  47  258.63673525089354
4  74  103.99510835120304
5  44  302.45951988104486
6  61  334.52082788935849
1  83  83.515077554460404
2  68  196.92918371254123
3  37  462.17840319969105
4  42  422.10808551459422
5  51  291.92070494151449
6  42  371.76878216071157
1  91  50.51124960215266
2  29  407.0471231131055
3  80  70.022411486778537
4  40  323.67884024879476
5  61  193.62291565386863
6  65  220.93021415597747
1  69  56.023140910862836
2  57  209.63695415436362
3  65  146.87405820910649
4  35  294.55953909641391
5  14  780.98169596936634
6  47  324.20200709846051
1  75  69.630174117187011
2  71  78.014882199196663
3  69  152.67430182836182
4  67  187.98431725466833
5  54  208.09757960717855
6  48  264.67818277750513
1  63  193.21136034382917
2  56  203.48431672254756
3  58  215.02538772128568
4  57  186.72315941983089
5  31  245.39606762044122
6  69  202.05866728626461
1  65  191.35320180130569
2  63  153.30743196502738
3  18  697.83532898533167
4  52  213.93983841824075
5  41  450.03550339367689
6  37  506.76542986842759
1  61  213.79987446446617
2  75  176.43417139256437
3  44  285.013172528327
4  57  319.38303963857282
5  71  156.015221577619
6  51  232.58364885390287
1  69  162.82919215880636
2  68  146.10643200863231
3  29  265.59956187912331
4  69  137.19942399437852
5  21  455.51158761456577
6  44  316.99174631678778
1  65  180.01787381642851
2  65  259.00691679437699
3  44  245.87894549238044
4  32  406.95462304099567
5  53  351.58732801378648
6  35  381.9116200499617
