10  60.333333333333336  512.50824241559064
15  77.666666666666671  322.13612187508301
20  82.333333333333329  479.88221021795948
25  89.333333333333329  377.86964402096942
30  99.333333333333329  218.69257517838497
35  81.0  553.93493519524088
40  92.0  342.35642209093879
45  94.666666666666671  312.76980759085143
50  91.333333333333329  405.60021419227195
10  69.333333333333329  390.6801664712529
15  83.0  330.69692553819743
20  89.666666666666671  347.23104836326144
25  83.0  472.78172268347237
30  90.666666666666671  404.0901641179766
35  91.0  360.29695987135699
40  86.333333333333329  514.20113268418993
45  98.333333333333329  231.24085789906638
50  90.0  442.40934079189998
10  76.666666666666671  344.36059373785224
15  75.333333333333329  380.07363504449143
20  72.333333333333329  539.63461975280472
25  84.333333333333329  402.84364905398365
30  81.666666666666671  530.26365369582163
35  86.333333333333329  472.94798040281177
40  91.333333333333329  393.61450647806618
45  94.333333333333329  340.56758706547424
50  94.0  343.543578256194
10  61.666666666666664  412.28094645080284
15  76.0  413.32854403345397
20  78.666666666666671  543.27134839129235
25  89.0  372.95681232755493
30  87.0  381.88230215822222
35  81.333333333333329  639.30117526043841
40  84.0  575.69823379263471
45  100.0  208.21327385257146
50  97.666666666666671  222.25122412308326
10  65.333333333333329  405.40014615679797
15  74.666666666666671  498.71777175378514
20  79.0  561.45538404344882
25  90.0  368.69400882413061
30  91.0  375.20680995078544
35  98.0  242.19068625721016
40  93.0  340.41899303107391
45  92.666666666666671  366.62797725652786
50  88.333333333333329  486.39261581562806
10  76.0  383.81321758103752
15  71.666666666666671  512.52480780327073
20  89.0  347.81635021378503
25  86.0  445.26599911411091
30  95.666666666666671  282.27062312154283
35  90.333333333333329  443.15571053613837
40  82.333333333333329  649.82043094918151
45  95.333333333333329  305.53190501832268
50  93.333333333333329  356.08433052124445
10  75.666666666666671  395.58242202848277
15  65.333333333333329  532.34775735472635
20  83.666666666666671  426.49022248048516
25  88.666666666666671  433.68565697484769
30  77.0  715.65652622381731
35  93.0  373.56243554447008
40  94.666666666666671  314.41165301301169
45  97.0  258.73651520618301
50  93.0  347.01402952365555
10  69.666666666666671  351.76178955326122
15  74.666666666666671  528.13638504589437
20  81.666666666666671  486.21571556410271
25  82.333333333333329  467.97571920446472
30  80.333333333333329  622.77721705749116
35  92.666666666666671  347.85429012186393
40  88.0  457.82785919856002
45  95.666666666666671  262.11243190494474
50  90.0  426.10795972610214
10  74.0  294.66882150253258
15  96.0  262.15760393106126
20  88.666666666666671  337.05650915129115
25  90.0  320.90433872215215
30  81.666666666666671  561.32912864962134
35  85.0  531.54345542731176
40  91.666666666666671  414.71187744288039
45  96.666666666666671  269.13813871079572
50  96.333333333333329  242.79925476927636
10  71.666666666666671  360.26274421842595
15  79.333333333333329  417.88854866024644
20  78.333333333333329  513.74918903896184
25  90.666666666666671  357.1338495435038
30  86.0  513.19747022548154
35  92.666666666666671  349.66212442677732
40  88.0  488.72275613094672
45  95.666666666666671  295.62878075518819
50  95.333333333333329  298.82306192095535
10  76.333333333333329  393.4890736234525
15  60.0  595.62681048613831
20  78.0  496.47294591255519
25  91.0  360.14066896554243
30  86.666666666666671  513.38733916995216
35  83.333333333333329  580.98722771767461
40  91.333333333333329  395.60958092595831
45  94.0  363.25723001476752
50  97.666666666666671  251.40026133685035
10  85.0  276.38499510356928
15  74.666666666666671  410.92829212310505
20  92.0  308.91158299827424
25  81.0  517.48135335850361
30  86.666666666666671  517.31594103438624
35  95.666666666666671  313.41999834368193
40  88.0  454.76771105599926
45  89.333333333333329  453.86130667477204
50  95.333333333333329  316.66889702163979
10  68.666666666666671  397.60189434335388
15  79.333333333333329  441.6548558984141
20  87.333333333333329  389.425404904625
25  80.0  408.3763596614117
30  84.0  506.84142487652326
35  89.333333333333329  452.15754880596535
40  90.666666666666671  391.25868894482142
45  96.666666666666671  249.22278732557544
50  94.0  341.25040466213534
10  57.666666666666664  468.66366214388228
15  83.333333333333329  363.87867998339232
20  72.0  567.51015222876561
25  84.0  470.94103917993129
30  85.666666666666671  496.0939680445922
35  91.0  408.97295715846911
40  93.666666666666671  314.81812673825669
45  93.0  368.40242805503749
50  96.333333333333329  292.45558280203329
10  69.666666666666671  300.0596091759096
15  88.666666666666671  289.74668657600671
20  74.0  538.70464560082121
25  87.666666666666671  319.06487228920724
30  85.333333333333329  439.95547850056619
35  86.666666666666671  506.83472473101943
40  89.0  461.75131193067836
45  96.333333333333329  304.20092083651059
50  94.0  315.72804001855582
10  64.0  410.25485381800337
15  79.333333333333329  386.60015227241041
20  83.666666666666671  449.00532476285395
25  86.666666666666671  410.72761026869591
30  89.0  476.46281527656583
35  98.666666666666671  237.95225030770845
40  93.666666666666671  373.97968171125149
45  95.0  331.20531290273919
50  95.333333333333329  307.5762416211914
10  59.666666666666664  420.13680868024767
15  75.666666666666671  426.25582979706178
20  82.666666666666671  516.19904895053764
25  84.333333333333329  392.1628822087489
30  85.666666666666671  508.39518347142769
35  94.333333333333329  341.47848187579331
40  95.666666666666671  287.26233311547804
45  93.333333333333329  315.29768401091877
50  94.666666666666671  312.91611212894281
10  68.0  481.79969947859155
15  73.666666666666671  484.77455399920495
20  79.666666666666671  403.74524841557115
25  85.0  438.45065164125606
30  90.333333333333329  358.37130191222388
35  85.666666666666671  517.77018633142518
40  88.333333333333329  467.23416110373961
45  86.666666666666671  490.62337156481101
50  98.333333333333329  234.78621487071428
10  85.666666666666671  256.1980047241646
15  69.666666666666671  488.31038839039917
20  69.0  501.2928118380222
25  92.0  335.84112579585951
30  90.0  425.15973814785406
35  93.0  366.92848197133452
40  92.666666666666671  389.67623105130582
45  93.666666666666671  359.08894837219452
50  95.333333333333329  297.09630568340856
10  70.333333333333329  374.39501990689399
15  73.333333333333329  501.57146685481615
20  80.333333333333329  488.78549995487469
25  89.0  362.88485868207772
30  92.333333333333329  384.31722359872396
35  90.333333333333329  442.85805982896568
40  84.333333333333329  523.86272123249569
45  91.0  406.39126042968297
50  98.0  255.24386238990016
10  81.333333333333329  258.98551235701689
15  68.0  500.35591691688984
20  87.333333333333329  379.84800005449608
25  83.0  466.23372871897845
30  92.0  320.98183845219393
35  94.666666666666671  315.0683876929279
40  92.666666666666671  352.01712891462182
45  94.0  364.17010592763938
50  93.0  363.07607047016728
10  82.666666666666671  280.55752606940564
15  78.0  409.23222714956108
20  82.0  421.01685072218692
25  75.333333333333329  691.93328012267284
30  98.0  237.64135991788848
35  83.0  488.64007894103526
40  92.666666666666671  363.69860196107999
45  96.0  263.48990089545106
50  94.666666666666671  304.1873871711968
10  65.0  413.23972995559132
15  68.0  525.59335498430971
20  84.333333333333329  414.98223277565643
25  85.666666666666671  427.15036035317752
30  90.333333333333329  388.68354548602014
35  92.0  369.54851681597791
40  93.666666666666671  331.37297858690567
45  93.0  368.29993406763589
50  90.666666666666671  420.77674939365176
10  78.0  348.22795301703019
15  69.333333333333329  455.7630965800235
20  84.333333333333329  459.9429148073994
25  90.666666666666671  350.57671368335974
30  92.0  350.33979844524629
35  93.333333333333329  320.73319318383352
40  94.0  316.3044802123797
45  96.0  271.2041912903336
50  98.0  233.08302278301596
10  62.666666666666664  451.06027713972077
15  87.333333333333329  364.50350777231938
20  83.0  461.93577811437461
25  93.0  309.07715753433541
30  85.666666666666671  506.12679729291887
35  83.333333333333329  559.0710687362581
40  91.0  386.20148048377365
45  97.666666666666671  236.61441420635316
50  94.333333333333329  292.42858224345593
10  64.333333333333329  408.38607980576091
15  76.666666666666671  451.70500667945782
20  87.0  328.32696488052619
25  91.0  317.81391039521725
30  87.333333333333329  486.05177537247937
35  88.0  446.80696321714532
40  95.333333333333329  319.7512976187536
45  95.333333333333329  294.75203476358234
50  91.666666666666671  359.636113597519
10  55.333333333333336  543.67434632493985
15  88.0  275.7337829577292
20  94.333333333333329  273.20658335713131
25  84.0  498.58971871633349
30  91.333333333333329  355.30174849552981
35  97.0  278.9901504480199
40  94.0  324.95221604348433
45  93.666666666666671  326.20044583035087
50  94.0  340.74169334499237
10  55.666666666666664  487.19430244342067
15  70.333333333333329  463.66512824616177
20  85.0  424.95969106697447
25  86.0  424.14352786030184
30  89.333333333333329  409.16064106945942
35  86.666666666666671  481.3995958746666
40  94.333333333333329  312.66464541194597
45  92.0  364.10475638159096
50  97.666666666666671  240.65863653210982
10  83.666666666666671  289.4214768030406
15  81.666666666666671  366.23550640533347
20  82.666666666666671  444.58912658774278
25  73.333333333333329  597.01793462462513
30  89.333333333333329  413.7381482078971
35  94.0  339.83315104501855
40  91.333333333333329  407.8046117176101
45  90.333333333333329  406.02562562898271
50  97.0  270.81342285094257
10  68.0  415.27045793375606
15  81.0  322.91755326081193
20  81.666666666666671  406.15932316125242
25  86.0  468.41743115140997
30  93.666666666666671  326.08949538402231
35  95.666666666666671  323.46325862576896
40  88.333333333333329  483.81914513501596
45  92.0  389.52026546913578
50  99.333333333333329  224.19261198785975
10  57.333333333333336  465.05188997659189
15  69.666666666666671  578.61829588324883
20  80.666666666666671  501.50326615758019
25  82.666666666666671  469.37606323359637
30  90.666666666666671  410.41644242834332
35  89.666666666666671  402.76487528381699
40  95.0  336.76683507475985
45  94.666666666666671  294.69770062320964
50  95.0  267.3787319328888
10  70.0  390.11999095160184
15  81.333333333333329  384.32391192308233
20  68.666666666666671  624.13416141372409
25  89.333333333333329  360.6779757412171
30  86.333333333333329  495.73436891679489
35  96.0  270.67397836074383
40  98.333333333333329  246.75674309971794
45  97.666666666666671  222.94674252791998
50  93.333333333333329  372.64884715993406
10  62.333333333333336  420.96487276098378
15  77.666666666666671  450.38414759804135
20  85.666666666666671  437.71955082426882
25  67.0  738.35340326849303
30  84.666666666666671  442.52778487185998
35  92.666666666666671  372.02953168749349
40  91.333333333333329  397.40716459343616
45  92.333333333333329  377.36712457764435
50  95.666666666666671  310.34158657352509
10  83.333333333333329  316.67705703126052
15  76.333333333333329  405.08240149525074
20  85.666666666666671  419.3133619052835
25  85.0  416.31138255470188
30  94.0  302.75704345223971
35  88.333333333333329  483.49668901324873
40  86.333333333333329  522.80297222538195
45  90.0  386.31755894986344
50  96.0  281.44424142035678
10  58.333333333333336  407.3664025128495
15  85.666666666666671  345.57476250199858
20  82.666666666666671  456.03205739683199
25  81.666666666666671  444.34552180547837
30  89.333333333333329  434.33058109350463
35  86.666666666666671  504.20021046992764
40  90.666666666666671  400.85530542528818
45  92.666666666666671  369.32874487811034
50  97.333333333333329  246.12133586472345
10  60.0  439.28975184774345
15  79.333333333333329  395.04338847841797
20  76.333333333333329  502.06585927737996
25  89.666666666666671  397.56463032393742
30  86.0  509.29569941004888
35  84.0  499.26282336062712
40  96.333333333333329  252.28114603668493
45  89.0  395.19502296918046
50  97.333333333333329  247.26846991016484
10  73.666666666666671  414.66764953583919
15  95.333333333333329  275.20586079423572
20  81.0  464.99082002868448
25  94.0  313.29097030234169
30  84.333333333333329  569.12795278229612
35  83.666666666666671  600.52384481611136
40  97.666666666666671  223.5072056217424
45  89.0  448.37815282336538
50  99.0  230.96272173910515
10  53.666666666666664  517.54872636614607
15  81.333333333333329  382.72404286057701
20  79.0  455.17649773334301
25  82.666666666666671  465.98550033029522
30  87.0  448.25103968453146
35  90.0  402.46916014934925
40  94.666666666666671  319.82252442136888
45  95.0  299.05151764461692
50  96.0  286.69607571877265
10  62.0  475.69139410474406
15  64.666666666666671  553.42190954418004
20  88.0  337.82706268555893
25  82.333333333333329  489.06771420306632
30  84.0  586.5292242796836
35  91.333333333333329  444.82598694326191
40  95.666666666666671  321.84654802931982
45  96.0  284.47139659874864
50  92.333333333333329  388.86382887507108
10  92.333333333333329  276.56008926435771
15  88.0  323.85236786828352
20  75.666666666666671  505.38302430600078
25  78.0  490.78854573197754
30  92.333333333333329  314.17952666986355
35  91.0  401.33577273157908
40  96.333333333333329  287.65059923147271
45  96.666666666666671  290.30863147863789
50  95.0  324.81394963684733
10  78.666666666666671  319.65799218576291
15  77.666666666666671  374.62200800260973
20  77.666666666666671  458.91845269367644
25  89.0  379.74153405192033
30  89.666666666666671  386.59970451549509
35  91.0  389.39739772655764
40  95.333333333333329  308.60191690223616
45  93.333333333333329  314.49701194256676
50  95.333333333333329  286.2213606016814
10  80.333333333333329  319.05819710034029
15  76.0  424.81680273981948
20  77.333333333333329  499.31405967241409
25  88.666666666666671  371.63759530205232
30  95.666666666666671  310.64246180423731
35  93.333333333333329  326.49962713928591
40  92.333333333333329  376.08388941260398
45  94.0  355.98305024871439
50  95.0  296.29440726544084
10  71.666666666666671  402.16153515665189
15  66.0  471.73571890090585
20  92.0  304.48586566290891
25  85.666666666666671  454.09689066709052
30  89.0  393.19997060156714
35  94.333333333333329  313.75192217027563
40  92.0  359.34932925518598
45  88.333333333333329  404.15450483423689
50  93.333333333333329  327.76608592628617
10  82.0  285.33203991279743
15  83.0  380.09152824745019
20  76.666666666666671  469.57462425960813
25  95.333333333333329  297.48497840583457
30  83.666666666666671  561.22637116884312
35  98.666666666666671  205.29120074282162
40  96.0  311.15689816762972
45  96.0  272.7755012096008
50  94.333333333333329  339.24408595525472
10  51.666666666666664  402.66397555174495
15  83.333333333333329  341.46465412244754
20  87.666666666666671  364.27446434482641
25  90.666666666666671  388.7025423931164
30  78.333333333333329  524.73549696672228
35  89.0  469.03150775227601
40  87.333333333333329  505.48337501264723
45  99.333333333333329  204.56686221710666
50  95.666666666666671  319.42044618976661
10  75.0  359.54227342611688
15  64.0  477.33739115505222
20  67.666666666666671  668.30204315050548
25  80.666666666666671  539.89950766096263
30  71.333333333333329  786.36213238689891
35  91.666666666666671  370.5974786117535
40  91.0  392.52845495697238
45  92.666666666666671  360.39788473168392
50  90.666666666666671  428.14556629214525
10  74.333333333333329  359.00145167387808
15  67.666666666666671  544.76251189343475
20  83.666666666666671  369.61908031840676
25  85.333333333333329  499.0203723016748
30  87.666666666666671  464.39312204891809
35  74.333333333333329  748.07434010920792
40  96.666666666666671  232.03622379822147
45  99.0  210.78144548820873
50  85.666666666666671  533.28483676419489
10  65.333333333333329  362.4603067054959
15  84.0  409.06544057929455
20  83.333333333333329  436.57016373768965
25  87.333333333333329  407.01068026803324
30  85.666666666666671  514.91196864688072
35  80.0  564.78456954016406
40  88.0  473.12369790429597
45  86.666666666666671  526.53835558730691
50  96.0  301.10999626737015
10  75.0  412.30783229199955
15  75.666666666666671  424.16065418974
20  74.666666666666671  493.33656725743424
25  78.333333333333329  506.37844950899711
30  86.0  463.32642413915067
35  93.666666666666671  349.60236068609402
40  91.333333333333329  402.58185901302232
45  95.333333333333329  262.08370552850562
50  97.333333333333329  273.23272204352418
10  69.333333333333329  368.73399913908543
15  69.0  434.44801973837394
20  92.0  339.95647548974068
25  89.666666666666671  354.98691040997306
30  86.666666666666671  506.99298055507967
35  92.666666666666671  373.73534500325667
40  89.0  446.07287330339028
45  92.0  362.21858299211794
50  95.0  297.62753274952087
10  69.333333333333329  385.70747573272774
15  83.0  407.03924254381297
20  85.0  367.3702369242007
25  87.666666666666671  401.82086215198478
30  92.0  402.43395608648575
35  92.666666666666671  351.26002609555047
40  95.666666666666671  245.92782629172871
45  94.333333333333329  308.49316643247931
50  97.666666666666671  247.44809348981147
10  58.666666666666664  458.509546284615
15  71.0  534.67823366339746
20  90.333333333333329  342.77226647193686
25  87.333333333333329  382.23894046240025
30  90.0  399.4545288772469
35  86.666666666666671  476.81055716401829
40  93.666666666666671  316.93606981196575
45  98.0  237.28830608659007
50  99.0  205.83218267360837
10  60.333333333333336  442.45856924157414
15  82.666666666666671  319.81954803282531
20  83.0  444.70881641497965
25  76.0  672.72538330768452
30  93.333333333333329  302.11849792104954
35  96.0  263.53235653094214
40  92.0  396.46360838400886
45  87.666666666666671  505.12568038587108
50  92.666666666666671  330.28491670348444
10  78.0  295.34853933119126
15  75.0  472.12512822783521
20  77.0  503.57865590843272
25  91.0  344.54003354742963
30  82.0  549.66723104269522
35  94.666666666666671  303.87645916886754
40  90.0  424.83487317254645
45  93.0  346.62950974902321
50  93.666666666666671  321.47342628332234
10  67.333333333333329  436.05475700510118
15  77.666666666666671  407.61161888733585
20  81.0  504.44387701130375
25  85.0  340.10960771532353
30  92.333333333333329  350.39729034565892
35  85.333333333333329  561.65996813617517
40  90.0  427.28381491798712
45  91.666666666666671  383.10639097189846
50  92.0  377.25851876513889
10  62.666666666666664  482.6484622278017
15  74.0  506.61707904157612
20  81.666666666666671  443.09798829768135
25  77.666666666666671  576.52470920278506
30  85.0  541.66830330158018
35  96.666666666666671  237.56416883956587
40  87.666666666666671  498.7935185148803
45  97.333333333333329  241.75713070300642
50  99.333333333333329  221.9567204710936
10  70.0  331.78029789858601
15  77.666666666666671  388.5018509361181
20  91.666666666666671  300.02998530278296
25  87.0  478.19954679728835
30  93.0  335.53159190964078
35  91.333333333333329  440.68206043446025
40  92.333333333333329  369.14319483054135
45  95.333333333333329  298.95807990264632
50  93.333333333333329  323.34688417072283
10  59.666666666666664  439.27633139961404
15  68.666666666666671  501.2964057896902
20  78.333333333333329  484.02596016822372
25  79.0  617.02270846284762
30  88.333333333333329  464.52381864628381
35  89.666666666666671  403.82070712416947
40  94.0  315.34822532960908
45  91.666666666666671  404.54350051945681
50  93.333333333333329  360.54580128873783
10  78.0  338.60281517230436
15  78.333333333333329  384.60373011112648
20  83.333333333333329  447.21538183939629
25  74.0  693.54785724884584
30  90.666666666666671  424.57761318583914
35  96.333333333333329  246.60109815429473
40  92.0  351.19650529081929
45  89.666666666666671  408.71413367118907
50  90.0  301.09055625325891
10  58.666666666666664  433.48255969584125
15  72.0  422.62465838369883
20  89.0  355.05592296829587
25  88.0  409.07445558411717
30  91.0  363.33819094987075
35  95.333333333333329  264.29401109392535
40  96.666666666666671  282.6736114155168
45  97.0  252.16198451802964
50  96.0  288.66361990428447
10  58.666666666666664  460.95418421175373
15  84.333333333333329  348.23905036519398
20  79.666666666666671  468.42962275077662
25  90.0  409.68272821757228
30  79.333333333333329  596.39084743377782
35  80.333333333333329  581.54698941424476
40  94.666666666666671  311.93676827714506
45  96.666666666666671  251.11752424376985
50  95.333333333333329  296.83862398363107
10  82.333333333333329  299.97557130257582
15  85.0  363.34669787766853
20  84.0  386.27305511719607
25  88.666666666666671  327.46019600979275
30  92.0  352.91571194111367
35  93.333333333333329  352.95912162094538
40  97.333333333333329  228.75922823449432
45  94.666666666666671  319.24506193116133
50  99.333333333333329  240.97469957953618
10  71.0  421.88672820749787
15  76.0  441.04925006503498
20  84.666666666666671  385.76922358897775
25  83.333333333333329  533.42821610515261
30  92.666666666666671  363.23266080776204
35  84.666666666666671  525.24641346890269
40  89.333333333333329  431.05434981386264
45  97.0  242.71928827175404
50  98.0  264.27535443398091
10  59.333333333333336  448.06237353434551
15  84.0  377.6533696950724
20  86.333333333333329  446.99067168560578
25  93.0  382.3649230738294
30  91.0  371.50369621387813
35  95.333333333333329  278.54887582483497
40  96.666666666666671  258.13701889169499
45  91.666666666666671  422.04120784050502
50  95.666666666666671  306.20466224146526
10  66.0  397.30519172108518
15  71.666666666666671  412.21849778677114
20  81.666666666666671  432.77715442574601
25  79.666666666666671  645.83609048447556
30  95.333333333333329  304.36991971246198
35  93.0  328.9919543817158
40  96.333333333333329  289.42298103826823
45  96.0  320.78165911075189
50  97.0  261.56090026565869
10  85.0  299.15447946528002
15  68.333333333333329  453.63945282963539
20  87.333333333333329  418.42477203547469
25  93.0  297.55195177192462
30  88.333333333333329  431.68021558360829
35  87.333333333333329  478.23530571035809
40  97.333333333333329  274.30597988894459
45  99.333333333333329  214.25889831735148
50  89.333333333333329  451.83375049113926
10  51.666666666666664  517.63687634117014
15  82.333333333333329  336.96993644278064
20  83.333333333333329  461.8365352699181
25  81.333333333333329  462.99101996955073
30  91.0  363.91937986146763
35  90.666666666666671  392.92827792471695
40  95.0  297.29369130146927
45  98.666666666666671  216.96197758972139
50  95.0  265.1951168886705
10  69.666666666666671  378.14126490267404
15  64.666666666666671  522.66698841739242
20  83.333333333333329  390.35545368478824
25  90.333333333333329  367.24320546197549
30  92.0  358.13031003825381
35  95.0  283.21299105450964
40  97.333333333333329  255.71099077148165
45  96.0  279.11864577168365
50  91.666666666666671  379.91732505073708
10  60.333333333333336  401.45268091467727
15  73.0  483.60845767005975
20  89.0  367.03305964902853
25  97.333333333333329  242.05147725475132
30  84.666666666666671  456.51010009715264
35  88.333333333333329  475.84922554328472
40  87.666666666666671  495.4199537147324
45  94.0  339.7366940922202
50  92.333333333333329  386.97876333900115
10  71.666666666666671  323.23669374720987
15  79.333333333333329  426.19118728269683
20  85.0  395.65028158929056
25  86.333333333333329  429.79020400981898
30  86.0  485.68852174953474
35  94.333333333333329  302.65363391502194
40  90.666666666666671  388.92641209976614
45  87.333333333333329  499.41052868023348
50  96.333333333333329  263.67393910020974
10  82.333333333333329  339.1776087699331
15  78.0  410.17450305401314
20  87.666666666666671  376.3625379802815
25  83.333333333333329  468.84904473805909
30  89.333333333333329  410.60257782850795
35  83.0  607.93885988982447
40  92.666666666666671  366.39654853091776
45  84.666666666666671  555.53140108986952
50  93.0  350.6185510358905
10  54.0  514.08663238167753
15  73.666666666666671  468.80351377499716
20  79.333333333333329  477.56257922461708
25  90.666666666666671  348.23258548318017
30  98.0  229.93056147086278
35  83.0  556.79804297806049
40  94.0  320.01228497830209
45  92.0  387.96831429255076
50  96.666666666666671  252.90605191291206
10  53.333333333333336  441.82963980081428
15  76.0  486.97171851169782
20  89.333333333333329  365.430154176874
25  92.0  305.28406259851164
30  91.333333333333329  371.86662679952838
35  97.333333333333329  273.90486622504841
40  98.0  232.81252046874002
45  92.666666666666671  342.9356720414487
50  96.333333333333329  298.71974177328644
10  57.666666666666664  490.828175035188
15  74.0  514.25242572956438
20  93.666666666666671  286.43663015411079
25  88.0  422.94786280541189
30  85.0  395.14670394668872
35  97.666666666666671  251.29095360860822
40  90.666666666666671  404.46395109599166
45  94.0  330.48469350633792
50  99.666666666666671  184.34382716367085
10  66.333333333333329  452.95669332815044
15  77.333333333333329  416.42636382284547
20  84.666666666666671  461.7465731759645
25  82.666666666666671  539.37892150953337
30  88.666666666666671  460.32810583847737
35  95.333333333333329  304.55227926723887
40  94.333333333333329  318.78061626801804
45  90.333333333333329  410.50744997441825
50  96.666666666666671  255.78544249672422
10  44.333333333333336  617.31227318659978
15  78.0  416.10530704528867
20  87.0  296.53750279082976
25  81.666666666666671  518.18238630827625
30  86.666666666666671  481.44750062839893
35  84.666666666666671  545.16656119873358
40  93.333333333333329  336.09058285163593
45  97.0  277.08230843707111
50  95.333333333333329  306.30236639541505
10  78.666666666666671  334.23130083917596
15  83.0  322.27367452791185
20  89.0  367.84811078676586
25  93.0  302.75480140273373
30  81.666666666666671  608.73642397106494
35  85.333333333333329  516.71808221363722
40  94.666666666666671  334.17580471620295
45  95.0  299.12451232666723
50  96.333333333333329  276.01781169895634
10  69.0  394.32627882739041
15  80.0  428.41257789267019
20  91.666666666666671  295.96928072349294
25  82.333333333333329  505.0531448790104
30  87.0  512.26389479723207
35  98.666666666666671  203.63911640738542
40  91.666666666666671  401.97943854709575
45  92.666666666666671  381.15780592231596
50  95.0  296.34063656971216
10  36.666666666666664  605.25294211388814
15  69.0  502.99649518249123
20  85.333333333333329  462.98214071162977
25  86.666666666666671  446.09759155237572
30  97.333333333333329  248.51365755764922
35  97.333333333333329  251.09132661407853
40  82.333333333333329  637.7314359226159
45  91.0  398.78535000495918
50  89.666666666666671  448.02865988889613
10  64.666666666666671  412.51461334633308
15  91.0  293.56933783135077
20  91.333333333333329  310.08845424060388
25  82.333333333333329  496.33330682608334
30  93.333333333333329  340.95218485853803
35  93.333333333333329  298.95725103660135
40  93.0  342.80912729104278
45  93.333333333333329  333.88900273474218
50  94.0  366.04528735625854
10  74.0  324.41057742043091
15  70.0  578.58211348952022
20  81.666666666666671  451.89381381743527
25  93.666666666666671  317.82808496894575
30  91.666666666666671  393.50561131064853
35  88.333333333333329  469.93419718378976
40  97.0  271.71985979210496
45  97.0  261.81492025600176
50  96.0  289.76264735000183
10  68.0  427.81814718474601
15  73.0  524.14051463039743
20  75.0  504.34301361399815
25  89.333333333333329  367.06806809651829
30  94.666666666666671  319.68111368894063
35  93.333333333333329  354.31822512089065
40  92.0  384.30579487911308
45  97.0  286.06202900887246
50  97.0  282.63523208661132
10  55.666666666666664  420.55714150001694
15  82.333333333333329  388.77429876312317
20  87.666666666666671  434.88926987646789
25  92.666666666666671  349.34606628443288
30  83.666666666666671  517.08143596702109
35  91.333333333333329  336.53657473333351
40  93.333333333333329  360.63262982573804
45  90.0  403.85083883548867
50  96.666666666666671  291.92004864097669
10  54.0  534.10844677170849
15  79.333333333333329  378.68872254250795
20  91.666666666666671  349.77812678233977
25  80.666666666666671  525.23443806619468
30  87.333333333333329  467.42708860364701
35  84.666666666666671  552.37883923649702
40  95.0  302.03385131872852
45  97.0  273.88517468947293
50  92.666666666666671  362.94360470017546
10  70.666666666666671  404.49601104276985
15  61.0  522.36168327309485
20  73.666666666666671  589.15611965757216
25  90.666666666666671  380.41009857711305
30  86.666666666666671  506.28776721329899
35  89.666666666666671  442.22178736022471
40  88.333333333333329  415.19673539195088
45  97.333333333333329  243.64172450831768
50  96.0  260.35737209398042
10  54.333333333333336  457.83660745893076
15  77.333333333333329  424.97465775414497
20  82.666666666666671  405.29124491548544
25  92.666666666666671  340.28023319309904
30  79.333333333333329  564.69063744139794
35  82.0  568.05412101354955
40  87.666666666666671  508.28940624328135
45  94.666666666666671  306.11172394326741
50  92.0  393.60735974308682
10  68.333333333333329  344.42486176297768
15  89.0  282.3693845454747
20  90.666666666666671  314.08378294711463
25  78.0  616.19990786180938
30  87.666666666666671  479.14505554968673
35  95.0  318.61797473691882
40  92.333333333333329  377.33677945328043
45  94.333333333333329  345.8679024416524
50  97.333333333333329  250.95489298590357
10  68.666666666666671  414.05578521793791
15  89.666666666666671  370.59666069155236
20  79.333333333333329  456.23974109818045
25  91.0  372.97710522637567
30  96.666666666666671  276.82178176332673
35  93.666666666666671  310.89773941564334
40  93.0  347.77190371047004
45  97.666666666666671  260.30553945950078
50  97.333333333333329  259.72309919799312
10  64.0  460.22633348837212
15  79.666666666666671  424.55453988933101
20  86.666666666666671  316.64297381318437
25  84.333333333333329  474.52674367232885
30  90.0  349.1654314773802
35  85.666666666666671  531.29146667492091
40  96.666666666666671  269.52945666921624
45  97.333333333333329  270.56529760309883
50  94.0  306.33690802393374
10  61.333333333333336  411.35161766468639
15  85.0  331.01989851321486
20  77.666666666666671  565.94130853700301
25  84.333333333333329  427.95082173125206
30  82.666666666666671  545.84825101178967
35  91.333333333333329  381.07700674174026
40  96.666666666666671  266.95471006516192
45  93.0  356.2178550316911
50  96.0  294.82242616153559
10  54.333333333333336  372.84012119851252
15  75.0  444.85769433751892
20  87.0  429.1344740249391
25  92.666666666666671  347.64196144500772
30  96.0  282.31567677185586
35  88.0  469.1165741618978
40  95.0  284.33056157581382
45  96.333333333333329  274.46474974441867
50  93.666666666666671  345.62027515814037
10  57.666666666666664  399.10653236588581
15  68.0  472.78624979465735
20  78.666666666666671  354.43149755403357
25  84.666666666666671  488.96649981774658
30  91.0  363.02719790058552
35  85.333333333333329  557.43195388622883
40  91.0  404.90024515761957
45  81.0  655.87368654253783
50  95.333333333333329  293.05235838009469
10  69.0  397.93222886948183
15  82.0  406.0224833097991
20  81.333333333333329  494.12679394334032
25  82.666666666666671  453.47938396940629
30  96.0  263.50193910832405
35  98.333333333333329  231.26877123442981
40  92.666666666666671  361.26743579320777
45  93.666666666666671  361.16593439881439
50  94.666666666666671  278.14161835072957
10  39.333333333333336  410.41926465711362
15  72.333333333333329  531.2894904211006
20  88.666666666666671  327.29829070324075
25  93.666666666666671  254.26073273456038
30  88.0  452.64471292610125
35  90.0  463.49892233257378
40  90.333333333333329  418.04004812970106
45  88.0  491.65767026955865
50  98.666666666666671  199.75111032486902
10  76.333333333333329  360.22597580663017
15  72.0  404.94084385656873
20  71.333333333333329  559.99513492798917
25  92.0  316.96181755857401
30  97.666666666666671  234.95183421936559
35  92.0  382.41252561934073
40  98.0  228.63126434382093
45  95.333333333333329  310.56021317529434
50  94.666666666666671  325.69174739645752
10  55.666666666666664  484.32941902231295
15  79.333333333333329  403.10923886912059
20  72.0  512.98315755220278
25  75.0  726.70822303090392
30  93.333333333333329  350.49541535841507
35  84.333333333333329  580.98344682444736
40  90.666666666666671  408.14465832020329
45  95.0  315.02020254190506
50  92.333333333333329  356.945527464929
10  69.666666666666671  388.96982407075348
15  79.333333333333329  436.70302861397471
20  78.0  567.67142620931111
25  87.666666666666671  452.08456185139039
30  80.0  626.66810189042678
35  87.666666666666671  516.46816034820006
40  96.0  266.52848462845049
45  92.666666666666671  371.96126363999684
50  97.666666666666671  263.3150227073956
10  49.333333333333336  395.33721116355883
15  65.333333333333329  560.75878235471384
20  83.0  459.85485384776456
25  87.0  432.48424411004112
30  88.0  399.84038860646251
35  81.0  545.85593420436908
40  95.333333333333329  307.22739004806408
45  97.0  249.52631333272072
50  89.666666666666671  470.26269474011661
10  84.333333333333329  325.39382242038761
15  88.0  321.83383827769285
20  92.666666666666671  321.75463839048433
25  88.333333333333329  374.67883656537873
30  88.666666666666671  400.97184824210399
35  91.666666666666671  395.62874423445516
40  94.0  359.06625918117913
45  94.333333333333329  323.31604468880954
50  97.0  278.31496065865775
10  76.0  388.35956850153144
15  84.0  385.07448930740497
20  82.666666666666671  377.68123443907615
25  88.333333333333329  323.58447089930814
30  88.333333333333329  466.38219880050292
35  95.333333333333329  309.87258062977565
40  94.666666666666671  309.8708594028468
45  87.666666666666671  495.62837133192977
50  99.333333333333329  185.13858946493949
