1  90  70.049071914617684
2  66  183.66073172565683
3  60  240.18321329518332
4  75  150.14917397954156
5  57  181.33346520534133
6  72  141.05820763934699
1  97  85.647629920636362
2  84  112.05133804920806
3  84  117.97817269875227
4  65  228.29040406074992
5  67  207.47934832141758
6  31  315.41933464901507
1  81  77.228070064632149
2  68  194.61688297246704
3  63  266.89044773312071
4  93  97.045721315623268
5  48  311.8724908969474
6  37  353.07127690617511
1  95  90.351332706823172
2  73  154.88141229707711
3  100  62.848076634488251
4  84  150.28846327267163
5  75  179.38527150706756
6  62  206.20836294953762
1  96  82.865975148688037
2  96  83.735943739580506
3  70  150.03403077498086
4  54  230.47254105717579
5  62  225.56582826844621
6  89  77.925338245133787
1  86  95.65701389864789
2  92  109.58445963051261
3  93  81.437970070592129
4  83  121.92995666848672
5  68  192.0937120475119
6  37  299.14475721155225
1  95  70.227834530756382
2  87  84.782783036683512
3  64  215.48658427789323
4  34  273.53963171656477
5  73  179.30648353619662
6  93  73.811640903752931
1  82  91.574824414110168
2  93  91.645950298129279
3  50  233.89032169153813
4  67  169.54224253639001
5  79  177.99033686316267
6  52  340.51812356444179
1  100  72.45543773856771
2  66  199.36909200450862
3  85  129.60149820222716
4  99  80.876082262159969
5  80  79.645754175663711
6  61  236.79322291057375
1  100  67.436643792069006
2  82  139.77518087485407
3  83  133.33102978673318
4  71  200.96330514303475
5  62  212.22149062102042
6  63  220.13015879598612
1  94  78.968682350498469
2  66  268.06072903725612
3  88  110.65354513932314
4  70  135.50357643128024
5  80  159.65887423279085
6  46  229.57189101356249
1  91  86.819037614005381
2  88  109.71361471105257
3  86  118.31706066781167
4  67  192.64496381563893
5  55  239.26175812167938
6  76  126.85947964047278
1  100  75.59921806183857
2  82  151.27548178391632
3  98  57.241760343181383
4  89  128.39064676393315
5  43  315.57028797239735
6  73  178.4110388238357
1  94  57.89958369022294
2  96  85.082559901580836
3  73  127.41758709618001
4  48  315.25094198777015
5  68  229.79169897893632
6  47  265.58558746738009
1  81  142.92211680035615
2  88  99.678010902828589
3  82  127.28356855393854
4  75  175.18478695769423
5  64  186.46518902428133
6  73  189.41706190775409
1  74  134.14680907214651
2  83  82.331920816265907
3  57  240.77216400115907
4  44  285.28841637188816
5  71  227.09820275239568
6  52  313.44255153614426
1  96  68.404183263488008
2  89  112.28729790500677
3  83  120.58374366022609
4  40  336.49165321868406
5  49  279.54694742650315
6  65  213.41656540144427
1  96  70.350560581645382
2  86  87.258207874408242
3  84  161.97321543404377
4  92  100.08652158796369
5  61  221.10470936131094
6  67  176.4503389746481
1  64  77.813224519075533
2  87  122.27791097791456
3  78  129.8886190421558
4  50  170.67884912823811
5  60  205.10425417111134
6  56  258.19874113384321
1  93  116.30649352710442
2  74  130.3566433451781
3  86  123.65036278224808
4  50  119.90054819043914
5  27  143.38134700058976
6  57  223.58886678014591
1  97  81.408002615613015
2  67  214.15009001682077
3  52  283.77620130780372
4  81  77.312863992400082
5  53  223.41440222358972
6  85  133.64078595762862
1  100  49.864150765122552
2  71  171.37997870281396
3  48  226.39391148271397
4  93  94.252783488134327
5  62  199.83207323462653
6  42  355.66994673181597
1  89  103.26322631540036
2  91  109.64938415537502
3  80  143.2764526926145
4  68  209.64990444103566
5  42  294.91825903765084
6  88  97.097459865558505
1  84  99.608885510845511
2  90  112.0645431585845
3  94  95.554617057119046
4  72  161.55685944815428
5  86  102.24360082767944
6  100  75.548685761618074
1  84  100.79008715832866
2  85  132.43996770213724
3  51  169.40115001046109
4  80  179.08897015176342
5  86  95.087771672574789
6  55  259.3530009554471
1  93  73.505299071185348
2  77  139.77517859187091
3  81  147.18089220560182
4  61  166.37994027536934
5  81  172.19211617601496
6  60  249.86328827207115
1  91  78.542583270131203
2  91  75.320729706096046
3  78  157.18985173321445
4  78  156.27222259785736
5  72  184.86619883770942
6  16  407.588828571124
1  100  66.382893132563183
2  55  177.80770028090726
3  66  230.73472557260004
4  67  188.83778827647635
5  78  135.50044800891581
6  63  232.70802124752979
1  88  110.84568678815549
2  85  90.492464323661181
3  85  124.31661204280032
4  85  110.57470358012213
5  93  77.963091995045957
6  69  256.04109112456587
1  100  62.410082346860442
2  75  184.70576962582481
3  59  234.40779349822753
4  52  204.66116015512907
5  58  220.93129289385402
6  67  193.63219343148347
1  100  53.606266602364428
2  92  67.8232885234587
3  100  88.836327360762638
4  97  82.917233834198385
5  53  200.29577096877836
6  63  207.90087223529682
1  89  110.69105017350005
2  82  96.066527040095039
3  85  139.96687749873158
4  57  227.01419732007128
5  61  198.62916155462651
6  61  226.99103127625463
1  100  70.928860079176346
2  100  60.148000627112509
3  66  192.17757169920614
4  79  160.8477403542841
5  62  217.64007448992726
6  51  253.61987824685741
1  83  73.744056268880797
2  84  111.0993302013615
3  73  202.35534154379457
4  100  62.051281282565135
5  52  266.17792970211087
6  48  297.2595491340644
1  90  92.75872514578991
2  77  114.03072339844222
3  70  243.31017581133793
4  53  280.45088568294
5  58  230.4764132624538
6  69  199.58513437084773
1  81  111.48362117515968
2  87  157.15934157479418
3  72  178.68322005463801
4  86  124.60546893901257
5  40  314.60114351866116
6  56  223.15198064854093
1  76  68.254396773058787
2  63  257.5936556763001
3  100  77.283951342651989
4  58  251.82800010220035
5  46  224.28334024230793
6  78  136.89347827041735
1  100  57.40851903466254
2  50  190.66356131689315
3  67  155.18560667563722
4  65  227.67309821778113
5  29  200.48235088784708
6  73  169.05891909059687
1  95  85.470427892500282
2  84  106.10830551157196
3  73  205.01590727164768
4  69  160.26289147444461
5  95  86.680906479766023
6  63  241.61996929722406
1  85  120.08725684297434
2  40  153.25093562182948
3  86  83.944357941763727
4  75  157.77719677766913
5  54  211.31739992896863
6  38  183.74525637928801
1  100  66.436580549074648
2  96  103.12241902315816
3  56  203.59768627239666
4  89  114.80275686315913
5  68  188.0906154024083
6  44  257.03270561651237
1  95  70.206882576266921
2  62  236.38660861461699
3  70  189.01498375139602
4  59  239.06505787496997
5  91  100.86604997357382
6  88  94.097529313361662
1  84  120.25310503952356
2  77  106.95749887216279
3  73  193.63455471026907
4  68  141.68012202134207
5  59  264.28864779339858
6  90  129.10937272435339
1  92  97.768109761118595
2  59  134.96097997381111
3  88  103.34857317929746
4  70  154.22485342658447
5  27  410.02896903737911
6  77  186.90553322505389
1  93  69.632566096048436
2  65  245.66211480113896
3  61  220.09102803192337
4  85  120.51376155677768
5  41  253.45204149246476
6  62  229.51316244019372
1  100  46.063645766428394
2  27  311.59378697589489
3  74  157.0416915478695
4  81  136.73691653686834
5  54  250.97263610881319
6  58  260.15356483977308
1  91  101.73897932396473
2  88  120.21955855568126
3  86  113.5590279286627
4  51  280.87359319449513
5  47  322.87002006594759
6  88  125.93279267961326
1  91  77.682026004558168
2  76  229.44916484360317
3  73  204.02870906204069
4  71  159.15450080409519
5  45  290.30533291724896
6  61  217.28851832662431
1  75  175.85272046921446
2  91  98.78429511795035
3  54  253.13077607362246
4  87  127.23590065212052
5  49  302.08402282599144
6  85  139.54387604731357
1  96  68.411575303767421
2  77  209.28937896926055
3  92  84.137466260805652
4  66  200.3652049799758
5  47  227.54184061958443
6  88  81.247878756034908
1  100  63.722704839404393
2  80  131.63545372190478
3  75  131.62556241350788
4  79  139.75024785285117
5  47  321.38590045283433
6  61  209.3044359755379
1  89  74.570677565213998
2  100  62.445575177034421
3  90  116.5576689365772
4  49  300.8361684284784
5  57  264.29883694853339
6  36  271.00940743971296
1  97  70.445952849925945
2  73  188.30130301411029
3  75  161.2364609198942
4  87  74.988095404446568
5  71  182.88918503084219
6  37  351.41141898275356
1  98  51.409482186226157
2  77  148.30681043091508
3  93  92.065136479626133
4  68  133.07500101035282
5  80  151.40535527096068
6  62  222.42451220944611
1  100  64.086658943829576
2  76  154.58245811959469
3  89  123.02827800606985
4  74  175.61906575918982
5  84  106.68804928563137
6  79  136.92432017124281
1  87  118.59618813555603
2  57  269.63330323581147
3  100  61.002934640915718
4  69  197.95691961918638
5  62  154.55769930413854
6  76  169.90137579609902
1  84  81.021331845085854
2  76  188.31769452340995
3  31  192.36764136703823
4  77  136.53428336577122
5  62  214.31484920298476
6  66  222.44193819731984
1  92  72.907140878741814
2  67  138.85763491091325
3  64  236.63343382708644
4  64  260.02284111208246
5  59  228.47620747729633
6  59  254.29673264240893
1  70  104.61057172353397
2  94  63.374800766216453
3  70  196.86355649228412
4  79  158.35450404200705
5  63  179.35943184376038
6  66  211.02711763181543
1  91  76.853774887648797
2  77  89.206012998292536
3  94  88.880219421716347
4  59  260.41433925564769
5  92  87.96153978936556
6  29  313.35616474229829
1  98  51.626906587872853
2  57  254.15695127883069
3  75  143.63849737025737
4  32  304.37754625424822
5  86  89.49860445996795
6  79  183.69851358100502
1  100  41.568205881120797
2  75  108.91616330098415
3  39  238.06155918551818
4  78  155.20200392540426
5  98  64.23471801760914
6  69  201.73038702993702
1  100  58.034040219834701
2  100  68.71594950143934
3  88  109.7764850982645
4  45  243.75591960213168
5  91  103.4441427294671
6  41  298.14461128954423
1  100  61.257039973669521
2  100  71.334723763727936
3  60  197.58797020755986
4  75  204.33883310482176
5  86  86.554438179930031
6  54  195.37936130454889
1  91  88.499065101058221
2  92  101.4119002957267
3  72  141.49679176543401
4  77  118.43548328562008
5  99  59.528206085694542
6  34  342.07804834752574
1  100  71.130527795844031
2  70  148.12114570017397
3  78  72.02896482954813
4  77  103.10819479075417
5  54  251.47689437429045
6  52  264.44995538087068
1  95  69.845744993421945
2  90  100.43568757114217
3  77  185.33682731416857
4  59  214.80057091724061
5  78  195.15013549133059
6  60  215.26948482084879
1  85  129.95417167119285
2  100  51.376892990547724
3  51  146.48993742647804
4  96  72.50292978882365
5  63  262.84837890527029
6  85  114.66673927751516
1  100  57.927115657025311
2  95  84.112052898495719
3  39  270.86503391990601
4  74  213.6391180397689
5  89  106.99356402893376
6  57  192.83363161588903
1  81  93.910604668462184
2  67  204.43634478597247
3  46  307.75810794812287
4  78  149.29992723446287
5  71  172.32124985765225
6  67  190.91269950248014
1  99  49.482691950190954
2  91  62.534415983392137
3  89  120.41395865469724
4  84  138.92371057635711
5  71  183.14748894122255
6  89  140.49321120781141
1  93  80.34393778504257
2  77  141.03470022214682
3  70  167.5383475556954
4  82  101.45960948268375
5  79  110.71565754669425
6  53  286.23996838721126
1  98  80.04901382184643
2  88  129.62995685398181
3  82  126.67394640550698
4  70  188.60751308260799
5  79  154.99376208668855
6  65  136.21002972153545
1  92  100.78847348595228
2  98  79.781739104461266
3  78  153.25519320198586
4  47  283.04081850883108
5  100  73.161842871813647
6  81  161.94233184577595
1  91  119.25382482592093
2  82  105.5444962606387
3  83  153.84159022828675
4  73  219.35866272726832
5  76  170.41549878592986
6  76  127.36538297489976
1  100  55.868946601756804
2  71  152.57858178855088
3  93  89.028507837321513
4  78  145.742141465196
5  28  123.89355807246258
6  85  163.1349816072952
1  99  65.157996247070642
2  91  99.846762819991781
3  66  194.45731770275177
4  75  157.65030419687383
5  74  145.69283737174362
6  17  201.66544678157965
1  88  101.76993618396621
2  99  51.139890939438352
3  62  151.8005564364143
4  79  169.63562465493038
5  61  177.35442390830124
6  40  217.94615595562038
1  100  49.914295076818263
2  69  116.7075634955366
3  81  152.62530625650638
4  70  178.24956254131632
5  71  140.457489592055
6  90  95.102813752828112
1  95  57.675313366743346
2  79  154.49318417081875
3  62  261.55661282563585
4  70  225.6504037873213
5  86  103.87744029056817
6  71  182.6251010142212
1  100  45.666754674586933
2  100  66.097621818871332
3  59  246.45307043735201
4  41  288.39814945109043
5  53  260.2755554111904
6  52  230.51043152499417
1  75  63.780509714800843
2  70  135.12754444832308
3  100  44.41805283115184
4  96  73.090096504608852
5  60  178.60104243613441
6  48  213.02518807058283
1  92  84.173256947952751
2  85  108.63712370027307
3  91  120.98799731514853
4  82  148.34525776101225
5  56  207.34091216493746
6  68  260.13020103541533
1  56  214.63529308769805
2  95  44.740291817769467
3  62  172.6712259299463
4  52  210.56912350958194
5  74  190.9314345750814
6  58  277.15251010096443
1  96  81.559292685348652
2  89  95.835070860523444
3  54  203.46876629858505
4  80  156.82252087898635
5  46  285.15689821759656
6  51  188.20159038328683
1  100  65.412353902801939
2  92  115.65663603588652
3  44  279.05782733677091
4  73  173.57351386929687
5  86  106.91831049144798
6  77  163.24180637607941
1  68  117.47948864031083
2  94  84.575309373127368
3  72  191.41427835456295
4  83  150.77750614263479
5  81  64.846935692233842
6  47  276.62927368952268
1  100  68.279043900686105
2  65  159.1845165755787
3  65  237.31860639590957
4  38  414.26338476027848
5  35  224.20711039569557
6  64  260.56678073140239
1  95  87.606270357584577
2  87  103.19974623800834
3  68  275.13081120858538
4  58  210.42746769008565
5  66  200.09519941744497
6  51  195.05578167425128
1  99  66.38738683891269
2  86  107.88934990982658
3  36  302.03296508195729
4  92  114.17201305042028
5  58  179.02317758107014
6  75  128.94859339630889
1  100  59.331194196460174
2  88  62.268702152382119
3  35  287.60861775119344
4  85  110.20229655206606
5  32  259.29910137370638
6  66  238.9462253417648
1  64  98.699042753577658
2  79  111.39385507103064
3  99  68.390740775255594
4  67  230.15852620062157
5  76  185.29721383274321
6  88  112.99750094197746
1  99  88.359250932212746
2  85  139.4410881145464
3  84  141.02931900917312
4  53  291.28288677881346
5  64  237.19017073940844
6  77  105.85198203777085
1  100  61.600036901362451
2  89  87.256596102116163
3  37  350.50063020687605
4  49  300.66992250370271
5  40  285.58672249236565
6  46  216.34349392348659
1  93  98.085565567261455
2  69  168.91202567521592
3  67  250.6885602587185
4  77  155.87519168281509
5  65  215.71147179088499
6  52  203.73699201334284
1  100  63.727722079751352
2  93  86.152864801079389
3  83  125.54605271726462
4  61  213.33868689066998
5  61  261.74939660662096
6  68  166.65691901663155
1  96  77.625754920442915
2  79  163.02341019292254
3  53  207.90276437710037
4  73  143.00585309742971
5  67  186.80659587138675
6  51  177.56202317845609
1  80  101.61910126482806
2  84  132.70805551594179
3  61  194.33994417566387
4  48  310.56622890915469
5  46  244.05345340735482
6  53  311.14276891036837
1  100  55.125544957355636
2  97  82.681993615433512
3  77  169.37826715342766
4  44  323.1503229724355
5  52  350.36367236412872
6  73  159.10137077516399
1  92  69.250945488196066
2  88  111.54561533978065
3  75  151.37126005027966
4  73  190.35815541736946
5  50  303.09748664647543
6  88  129.80672928591062
