2  5  138.77589775859246
4  38  82.38590123883688
6  44  85.511729685706939
8  54  86.66687633825758
10  22  410.84019558696639
12  49  350.01995115095121
14  31  333.9875576716521
16  60  18.870761753061831
18  71  144.51271189393407
20  37  378.04992497488166
2  27  154.51959746977386
4  0  122.00000000000003
6  51  156.62651542717495
8  46  290.71107697439186
10  65  44.20849249787144
12  33  398.3908626482451
14  68  127.11476163189832
16  62  69.266814642051472
18  58  259.2885687364967
20  47  239.46845647839598
2  16  81.454923424976172
4  17  224.08079849433372
6  36  121.35753911987008
8  52  156.50462041956183
10  47  215.25619749500922
12  79  76.326613722680932
14  37  265.80588652744296
16  74  174.60207473753431
18  45  322.92783258743077
20  73  110.21825041569083
2  20  107.81741389984158
4  21  245.06059774968671
6  36  216.32330040673995
8  53  68.947747320574962
10  54  210.48441025201353
12  1  411.85197836909549
14  41  314.99999999999989
16  67  117.16207169574875
18  52  140.26558620159142
20  43  91.578760612471171
2  0  22.000000000000018
4  52  91.504755655395442
6  23  75.092004533896926
8  31  161.75920579907199
10  26  353.73999136814029
12  60  119.42860448789568
14  72  166.11365070330547
16  46  185.74175580317299
18  44  463.40156388557631
20  56  461.54071697412144
2  22  56.279898351614946
4  39  190.03351581939273
6  40  155.97083760474908
8  68  165.4357217856782
10  58  153.62759840913071
12  53  282.90927408024504
14  76  134.87858920200586
16  47  474.8445439173471
18  39  50.456811781609623
20  88  90.812610079099002
2  17  49.758381170432386
4  15  123.55462643544985
6  32  135.68084714965138
8  48  221.26906085753279
10  21  328.90702393035963
12  85  74.92792418011561
14  53  120.16531742433665
16  51  220.26641649387972
18  53  273.60185428253754
20  63  103.12552686090723
2  5  164.77173208303057
4  64  86.057395674155813
6  19  258.94596030895281
8  50  214.30591024438985
10  41  116.33302529886045
12  73  192.92507432314832
14  34  427.8333710324689
16  44  175.31606791974986
18  46  216.33855721233718
20  20  29.037566494652584
2  41  36.211934976838961
4  35  100.32749619763968
6  28  180.58990593283875
8  31  154.98950190405529
10  28  170.06019922807508
12  58  172.87368147180811
14  79  121.76915472616881
16  49  512.90903457317495
18  63  68.17356574120484
20  43  160.02788875390473
2  51  48.90965192028245
4  13  79.075748923790371
6  20  256.64770480211416
8  26  88.72630383863897
10  62  99.158443575699351
12  25  546.1639838579182
14  64  179.8938087990729
16  32  450.20141594319881
18  75  38.759219560866917
20  84  33.100689820530945
2  57  55.648740591043349
4  42  75.251642659670736
6  82  46.368179508580774
8  46  259.46867424417144
10  56  49.513504950024078
12  46  209.98444921970528
14  75  198.34721363272592
16  56  89.952743158231044
18  69  255.69787277543085
20  94  70.567661694252706
2  15  63.224842288431674
4  13  152.3910832192233
6  17  349.73753858945679
8  17  243.97536499413133
10  28  301.79735999200449
12  63  139.42401008296571
14  44  406.08972529283227
16  68  151.34025873606123
18  68  237.38854260761161
20  46  376.77031280417691
2  12  142.52132999280258
4  44  75.963984680327272
6  44  79.282451609472048
8  40  147.77398426771413
10  11  43.281223783334056
12  57  72.095915399149845
14  68  102.57022901161852
16  46  328.33839024983536
18  43  159.61010349193282
20  9  1214.2277798468058
2  6  69.764841789836979
4  57  17.477260860116484
6  50  170.84736281567305
8  8  134.17975151592378
10  53  139.87060603695767
12  53  138.1213342302502
14  43  497.01986679588191
16  62  169.41238647772138
18  54  168.44100823705384
20  67  137.46309749251449
2  0  29.000000000000004
4  35  81.580060409132628
6  37  193.75307013137564
8  56  107.31844407222482
10  67  91.821320623695527
12  63  393.30187116221316
14  42  155.01689647229813
16  24  218.9148240786503
18  48  599.5768494569204
20  42  626.33934149105494
2  23  93.438990155825095
4  26  228.3897152432489
6  31  273.47351021758158
8  66  157.56525927644839
10  18  477.86284412826677
12  55  197.39612639761276
14  83  22.172253765416659
16  65  147.41614570873597
18  40  224.79329857786809
20  68  147.36519813655914
2  22  85.879051145442958
4  25  203.19572911860189
6  60  106.71230612176366
8  38  296.36607302542365
10  95  24.520053417072408
12  48  223.05010122092455
14  61  208.18840991367537
16  82  119.37076076325597
18  50  177.7752615117727
20  76  145.14520568124689
2  0  62.000000000000007
4  26  49.972795662022683
6  36  254.0631996334576
8  86  63.931044342965421
10  36  267.12976630189655
12  54  252.37863697860038
14  60  190.35846755767886
16  37  353.76972009765041
18  74  105.17955680098947
20  57  311.89245134846436
2  6  140.33671808205952
4  25  146.99717919070483
6  14  213.83556379358129
8  35  176.84976738777823
10  56  41.904667077114944
12  39  258.18636381271301
14  76  66.176001125678553
16  76  81.391350457384931
18  71  51.758840502865908
20  57  244.94046937773911
2  1  151.30239489183114
4  29  186.1354331399761
6  60  64.443233011787328
8  61  173.93274932721977
10  51  203.32322154106333
12  52  151.46513095200325
14  69  188.91146193941205
16  57  282.9977734690093
18  68  161.57845604310481
20  69  79.814470487451374
2  38  54.58454554911836
4  12  142.99999999999986
6  35  147.64266488365277
8  27  114.89312053447378
10  38  372.9584632876041
12  67  201.03819773265042
14  24  325.31688158864779
16  70  63.841378785461664
18  67  69.101497411868365
20  56  8.7660258695173994
2  36  103.77197262638637
4  27  153.59686745388373
6  16  406.12796923399861
8  69  110.46109977673437
10  54  159.13194918083292
12  56  225.78529888779821
14  57  428.76079311799845
16  49  264.5652193877541
18  50  437.29372843711815
20  55  378.25348027511927
2  21  131.53917693847518
4  6  228.28021721896948
6  18  431.84581348141722
8  28  215.20635799088546
10  49  329.18809786249932
12  71  141.11123006431598
14  15  476.51355089848943
16  79  112.07362939861454
18  74  172.94966468212607
20  90  37.177225618712008
2  15  68.105849163461372
4  43  108.1900602864755
6  58  50.265813944961778
8  22  167.18104487810933
10  39  291.72018845171817
12  46  391.01074679158967
14  57  149.16768476927791
16  91  58.696816884135558
18  65  145.23671123504178
20  70  280.46409331148851
2  31  100.7039873202373
4  31  112.46202646491274
6  40  201.60200406740094
8  39  220.81292958054249
10  47  265.46222110301227
12  59  157.6551103277138
14  52  192.5295769035985
16  71  73.731832172956757
18  58  329.55846431811108
20  70  123.09812943792443
2  20  79.514249899707238
4  11  227.65832844825977
6  36  75.606565013822049
8  55  74.201251303886551
10  72  105.40405875050207
12  34  451.47775448775957
14  73  131.43219035969636
16  77  193.15928169980162
18  61  109.10708566208771
20  58  100.65289912343523
2  25  59.134468292331391
4  30  124.60315812812323
6  20  141.69751483138796
8  43  193.79784597074212
10  64  121.41303510627458
12  41  279.72933842080471
14  64  185.45575936995721
16  76  189.23325950606238
18  63  26.653344681908425
20  27  511.62206619733655
2  0  127.38103273552487
4  49  122.55885942907572
6  54  47.2174903132575
8  25  343.98341173642228
10  72  109.37250228884695
12  76  199.57257448485743
14  52  89.233051154699027
16  72  129.90154877302592
18  46  629.59899816486723
20  68  150.32159070159651
2  30  93.631597253462871
4  11  188.58852396878413
6  42  282.27983461494273
8  72  91.811019564713732
10  25  205.63036294662197
12  39  327.47258897622277
14  29  483.25239127895026
16  49  117.55742481134219
18  48  206.90320690240833
20  56  163.58924944410469
2  39  78.483429698896657
4  8  230.01451999939809
6  28  339.90153838392411
8  60  106.42155458868177
10  50  202.8402884773445
12  60  233.75609259991222
14  50  125.36441561710784
16  58  221.04943811760305
18  69  279.82893340198603
20  65  92.255997450438969
2  19  150.93580415228919
4  14  89.975235764192533
6  37  318.77567094229568
8  46  102.84695279008213
10  16  532.44909776058455
12  55  42.356845656190004
14  79  88.826456002463729
16  45  289.34937057805121
18  84  56.046514675680996
20  53  276.26133856144389
2  19  104.3300262840273
4  30  209.39436762367035
6  18  399.99470629625324
8  43  211.44629679804052
10  39  219.23361907593809
12  84  86.402087579167102
14  63  229.24326942705309
16  48  163.70880997728776
18  65  165.54591205693532
20  51  124.82554829975706
2  13  140.96271598121115
4  12  113.48485033346982
6  41  148.72085954087964
8  79  26.807074075937361
10  54  298.63737100427574
12  46  308.98430898299631
14  73  158.16900964805521
16  66  214.75597756926575
18  54  374.63500862631048
20  70  130.7575226085001
2  33  78.630880155269153
4  55  96.258064876144502
6  51  124.02935167620768
8  33  53.091405049741958
10  29  243.67207304815912
12  53  259.4565301229718
14  53  107.08234258226094
16  61  254.01605616597462
18  76  49.295332011529815
20  65  119.64404994417691
2  27  118.24380122952959
4  14  82.130617770888719
6  16  278.82619486427484
8  32  303.85317373451409
10  38  74.825451831147589
12  42  228.09850040147774
14  70  358.94507833408124
16  50  184.25823110117196
18  49  68.567958297893469
20  67  159.18730194431285
2  11  75.893219438289691
4  47  143.03994236364215
6  20  295.73948173954744
8  53  39.932202373621649
10  51  73.763352710133219
12  32  376.26247450658434
14  31  434.02471950164227
16  4  473.69222928489262
18  48  366.48773043342402
20  68  153.36434275122878
2  4  123.63613209661109
4  27  45.819157108289616
6  33  192.14072734558789
8  32  199.48514174317589
10  43  292.49481220813561
12  34  493.91881387954174
14  62  166.75156719702599
16  61  280.84460827235699
18  46  518.00555937110755
20  46  68.139759687413289
2  42  112.84247894468311
4  34  140.04412157012817
6  22  303.30633791869832
8  50  51.14730822170921
10  48  253.5761543650361
12  51  178.5477849559098
14  65  212.71489954610738
16  81  73.544697687499379
18  78  147.11992210735679
20  77  90.805150802649649
2  19  126.93013929853684
4  22  182.89222733675314
6  56  150.86445060560393
8  42  245.35344538107847
10  33  395.62418686686419
12  35  462.61074563079535
14  39  216.58795302226864
16  62  363.07420588920519
18  54  250.5013279850242
20  63  192.02690336682736
2  7  136.78753984303125
4  32  241.84010668140746
6  44  87.015117506612995
8  5  266.84716974336482
10  17  125.70108371924087
12  77  73.527640074296798
14  71  108.61254012686418
16  78  61.000000000000014
18  26  988.78659305507688
20  63  22.841036956203855
2  29  84.004648536564687
4  0  251.62622369951006
6  48  125.97691613394315
8  48  250.53180947832817
10  27  152.05600198953886
12  14  190.47217849571689
14  60  189.9798257873847
16  31  537.3395652056073
18  69  155.27883730681063
20  38  133.49789033271685
2  45  76.69715444887089
4  36  147.9146953860307
6  72  90.140350309375563
8  21  162.80529790116162
10  39  170.911623041805
12  65  162.10168459272879
14  23  661.52115402551487
16  18  450.04788548161218
18  43  522.4645950508019
20  83  111.60465975233431
2  0  96.000000000000043
4  48  141.79474546268756
6  28  170.57386043693251
8  48  64.034365459276927
10  66  148.56143627322439
12  62  102.57375725291966
14  63  104.89932364465862
16  45  278.06748622642351
18  64  41.310490861814436
20  59  98.15567490171874
2  14  150.85758619821928
4  28  157.05888119792368
6  19  161.72500824340949
8  58  217.17852777121061
10  23  160.69334812537465
12  65  121.68397602756473
14  54  279.12634495918957
16  47  331.79053143467183
18  46  159.63443280633194
20  71  112.99847275046609
2  18  75.622760500576618
4  0  212.0668024369516
6  61  130.99397399187023
8  23  81.88422578178006
10  42  230.32638738665383
12  46  109.43952874660175
14  34  309.3561756174679
16  67  126.06210854146978
18  74  61.068826635534755
20  66  101.25562661137241
2  19  92.290231727634676
4  9  158.03151111325454
6  31  184.87377311823138
8  55  264.49267215882082
10  65  121.04447680555801
12  57  207.56408171328459
14  82  256.91989570855475
16  79  167.48671515042244
18  79  209.23176765098063
20  79  125.82165080169045
2  28  129.03870797864775
4  22  148.08974606283908
6  59  116.9604258742761
8  51  60.949663938286648
10  49  154.99971657465062
12  41  391.42468970483804
14  59  167.62645943986692
16  49  424.98580537066539
18  51  299.32603272948995
20  88  58.233381830014615
2  26  72.802824723511037
4  27  116.26157477514751
6  74  106.43504020299692
8  39  278.10173552322948
10  40  245.48356268708275
12  69  175.81597594991877
14  81  67.401358328939125
16  62  23.543367249244664
18  99  4.0252391959375498
20  87  53.342445338543243
2  0  144.49937237079786
4  35  119.56211728406196
6  53  207.26561874304872
8  50  225.06943331486741
10  50  146.52938985096958
12  44  459.82181361590108
14  45  220.35648655648001
16  57  354.26200289724272
18  67  101.75139706609754
20  57  269.50746050923914
2  41  125.2799314357847
4  43  180.70114639187824
6  59  181.20037708681295
8  57  133.03542903267711
10  38  173.5044244862772
12  54  319.76110217855421
14  61  286.29035455301499
16  36  540.26985309729264
18  37  499.91753143197934
20  67  244.58779556678871
2  22  76.50837690414717
4  4  81.437767481106263
6  16  266.8721253230525
8  23  187.39525607074938
10  38  394.98930292141432
12  84  77.084281516649057
14  61  271.60131205307971
16  66  310.02384672549562
18  48  195.5530870572409
20  69  133.30964215678935
2  23  56.945390128890182
4  28  219.68202658448283
6  26  141.78730502630938
8  53  238.4237394025713
10  32  314.08224249242028
12  49  213.63882554874633
14  35  192.35276014619751
16  56  177.30065266490556
18  49  254.07113056898646
20  73  194.98540359694135
2  14  90.020676546269783
4  35  62.533829510821988
6  42  207.98375160285732
8  42  233.66946386119352
10  52  224.08883321423082
12  32  406.2167173165808
14  36  259.41571876319966
16  56  222.81434580033746
18  78  53.210435705543169
20  50  617.50843435287857
2  22  70.855636889349825
4  49  100.2379216441494
6  26  234.72466155396035
8  38  251.68089264846262
10  58  128.46345446527897
12  42  325.03958587971243
14  48  275.31013700830283
16  72  78.761322692703857
18  53  158.52102573229308
20  59  171.12795115631155
2  7  171.39241560824479
4  22  237.9203172157751
6  26  135.09819749634252
8  29  215.99457877291985
10  58  199.90363048593596
12  64  156.06042861414437
14  96  0.0
16  50  273.27553160844678
18  57  32.873808830228398
20  90  33.401399273371887
2  7  158.0037983283367
4  40  109.06954919752874
6  31  228.09029905992156
8  33  343.50688136521921
10  66  37.544618097647842
12  30  495.07034225175727
14  71  221.70852077259542
16  83  124.80055351756346
18  60  206.14963178873845
20  74  318.65945581434801
2  7  84.960047136259206
4  29  124.29359915927546
6  15  101.78221566952607
8  49  160.85171022946744
10  48  177.67931792871661
12  63  227.11078090959901
14  13  107.63341999152712
16  71  85.914848639381844
18  70  217.42558274788632
20  55  195.32953180819658
2  17  50.402216664353489
4  26  89.796003287333122
6  52  150.99117718581664
8  57  100.73654831027153
10  75  93.618017264101027
12  67  95.174241644587426
14  67  160.14638850217042
16  43  375.56510628485989
18  83  20.770611174877548
20  49  558.54117870173138
2  3  112.90772888361155
4  18  249.73324113975886
6  30  123.70119256948892
8  31  432.80176610804074
10  60  262.73550245445472
12  31  211.14263290353637
14  35  350.86654764233032
16  65  36.451909244616388
18  47  85.264756357929699
20  82  61.520452442779458
2  36  89.43222831119455
4  46  127.99164691249717
6  40  225.23755513540038
8  14  311.57035117555273
10  51  151.56633760757467
12  62  87.978342502381253
14  21  592.60642803285691
16  65  214.34550538888342
18  54  199.70418650564872
20  70  95.178692026307573
2  17  59.916342375392034
4  34  124.06118752053828
6  51  173.07877477606249
8  53  164.4145837218787
10  51  276.67227248017485
12  71  212.01330412981915
14  66  86.838316525412822
16  69  42.741825354626535
18  68  121.6668596505081
20  90  109.5466704418311
2  35  32.094461305187451
4  34  107.43638138395406
6  35  161.26649223127322
8  54  13.999999999999986
10  68  192.54669361764925
12  53  378.78884840264061
14  67  51.897791237082323
16  78  183.92289003091619
18  33  368.80634099689951
20  71  110.98636194592
2  49  82.117142373383928
4  29  106.13277945036465
6  34  272.79085474070001
8  52  133.74461153371738
10  44  100.35158597095214
12  65  274.31612612597763
14  80  95.847177033280673
16  59  162.4807245731013
18  41  71.777117719981007
20  39  391.36820337376963
2  0  0.0
4  50  98.097241826508991
6  59  201.16406669083335
8  19  287.81609643690791
10  10  463.51460256384883
12  41  292.78377926426475
14  71  154.96582437749183
16  35  513.38635095750885
18  44  204.91016167895785
20  50  304.32744035322168
2  0  67.072077559698386
4  16  64.221145278207985
6  29  94.347429123290993
8  33  266.26415409041505
10  55  64.764637055802439
12  36  398.10471544353391
14  63  228.26597189281367
16  47  608.97833756998057
18  24  261.92233243454211
20  65  343.01444716195385
2  11  75.273029761277598
4  34  94.358608127579672
6  56  77.526950516320341
8  45  255.89765353032567
10  68  141.56618010320102
12  54  121.1631480722408
14  76  153.95406988370658
16  60  264.47139098876022
18  64  149.94496271871552
20  72  174.27636316151398
2  0  60.782189717514456
4  19  201.92758059174341
6  31  129.96244425809527
8  52  200.21797558190096
10  28  206.37467168498844
12  57  225.90101848464698
14  44  368.78915436460056
16  43  71.278872809304929
18  58  68.953440478817569
20  69  273.78956175242769
2  26  112.47803824995265
4  11  12.749979493174703
6  36  217.13698768669244
8  41  126.7027422299906
10  41  331.45880901556035
12  30  287.16704767061367
14  34  373.75355892444571
16  43  322.63197863591233
18  74  181.95946192044946
20  53  447.52446718448368
2  27  95.226278557908685
4  36  34.074404215729835
6  36  106.53941638686118
8  38  320.98361512190309
10  50  148.364464946281
12  38  183.6051692322894
14  38  206.71676288907423
16  72  34.754264053545164
18  47  139.51635817411437
20  75  324.47305589798367
2  12  33.086801652009207
4  0  114.0511685524729
6  47  221.69885812705746
8  37  224.81178006064602
10  51  261.59341529784353
12  34  188.27539799106256
14  79  106.52615945167187
16  52  164.85419423778936
18  70  3.3635428672151049
20  37  481.31853151820275
2  2  55.999999999999979
4  23  176.35638498642885
6  31  208.54665242088043
8  42  143.87394652859666
10  19  401.69197288627106
12  56  204.70652338790913
14  53  120.19534477471146
16  66  248.53708188105475
18  48  162.12550342325264
20  74  167.5335012434989
2  0  194.40037192200595
4  38  142.86474386670002
6  53  47.772722529434233
8  55  140.8657258282723
10  29  193.07703298962792
12  29  234.19988242946982
14  40  417.71585658553244
16  61  110.3787157327403
18  64  149.60021127618583
20  69  42.838493536772177
2  36  71.602579997302087
4  18  195.69684823196798
6  24  266.95761933884472
8  66  113.11664608043894
10  44  128.51750367561371
12  49  173.54334045452086
14  53  143.97539170701265
16  26  264.16705504596956
18  79  51.384712345692229
20  68  228.77744585787562
2  0  97.50808723040474
4  9  269.31294060900024
6  31  176.87138285950914
8  37  170.98704149952403
10  43  98.787245128172756
12  37  169.50581508989379
14  24  466.12656591999132
16  63  169.93475172165356
18  85  34.078771645009709
20  70  138.11039229440371
2  0  54.13320052617194
4  29  164.79640314878336
6  34  140.30755468067431
8  46  68.064928159309019
10  25  339.8211807219609
12  79  71.622019787212807
14  73  57.650796156312829
16  57  260.49666303000856
18  66  287.75856404950383
20  69  20.09190950064777
2  8  164.13403873453913
4  26  80.883007047258985
6  21  327.4930536536873
8  33  141.30599828536955
10  60  174.15415268147439
12  62  128.96260579361166
14  60  106.67854186938042
16  65  270.28080673686748
18  82  70.680752768796097
20  53  289.79703311564725
2  29  64.478357419613261
4  31  166.24876581125687
6  49  164.74588019411226
8  55  261.7545527490733
10  51  263.42357092419473
12  77  108.27627690769951
14  41  562.63195681295792
16  73  57.219433465789066
18  85  3.665589466109882
20  68  365.22370648922885
2  17  158.61143879076391
4  40  79.745371719474932
6  23  169.44981161983688
8  53  131.96754349689252
10  44  165.73926649546689
12  24  638.9993957616183
14  62  139.85551622980304
16  60  50.662974889702575
18  78  202.47975087608563
20  71  54.296285073638252
2  0  0.0
4  12  324.04016921368759
6  18  85.866593435603775
8  61  126.84783194683475
10  2  172.16809541575901
12  64  241.36289960379344
14  52  247.12498619829879
16  53  122.05133329666243
18  66  26.512684180807994
20  73  293.13601446759588
2  18  115.92553241085626
4  25  217.93098242990175
6  23  252.77727108729016
8  27  348.13616555687202
10  56  238.63478341297517
12  83  16.084328292469312
14  26  49.489762844688478
16  42  293.63092118731561
18  70  48.642598525573639
20  54  381.03385389411261
2  19  69.058191047079859
4  15  288.31580022217616
6  15  182.5696657828546
8  45  208.64700430800013
10  65  75.278597132703425
12  57  151.58190009938744
14  42  317.19647928977508
16  60  88.394474017378357
18  62  65.114165459572476
20  61  297.66856190916104
2  11  108.0435982429405
4  30  243.23647366671034
6  7  84.412339209892451
8  29  242.96708414136293
10  39  128.60465553168115
12  41  195.67460618836949
14  46  387.03555455617044
16  49  540.53224222974518
18  57  487.46595549576847
20  47  214.62001597442392
2  11  14.552518819426256
4  5  320.01688967140421
6  35  103.73373923899292
8  49  195.20212765031587
10  18  533.17238952060256
12  62  133.60706175279816
14  62  346.31370309140152
16  73  183.96426256451542
18  57  87.621907373227316
20  34  606.09472884617662
2  14  116.67060996383094
4  35  221.51144179704738
6  46  152.85448528756203
8  28  355.35656014644366
10  45  168.70168378478337
12  56  260.36457889699471
14  48  336.19084388621388
16  22  487.08279999198851
18  51  247.74725739461641
20  43  294.94841676866207
2  16  47.10475529705608
4  12  151.35807129494356
6  14  256.73349588999918
8  26  422.79552261116737
10  49  255.93374808658206
12  9  606.39130018851756
14  33  243.36888363807705
16  58  13.326588614115012
18  41  343.09198125744217
20  41  568.72828855510511
2  26  59.654643923103222
4  24  176.66256258178441
6  22  219.82108440452839
8  47  299.04943413838885
10  64  126.27090912346119
12  74  144.33948293085723
14  46  200.78141917100481
16  66  46.942804786050118
18  57  205.74115272771985
20  85  116.76557349183618
2  30  66.426420800622452
4  63  69.426758600149185
6  29  112.04870499561974
8  48  200.77692422735868
10  34  350.58086489444293
12  60  92.937222786865959
14  42  440.5019039884649
16  70  231.43013720037843
18  72  69.742598932388248
20  59  329.97667466069879
2  9  56.455709332606496
4  20  120.69343228087645
6  30  182.57879787228046
8  24  73.785870812586751
10  59  158.49615972566428
12  52  104.81827141108305
14  55  398.62694570239717
16  56  171.69599267701571
18  41  364.03862656135175
20  65  284.38229238667549
2  20  43.664580511543782
4  42  63.689445814957978
6  48  217.99996048972258
8  37  218.53800506301948
10  41  48.318492889403409
12  53  337.56213020275567
14  68  84.552660157887487
16  58  293.07213215177103
18  46  200.57807655184854
20  55  217.03035118872037
2  41  64.483243136231536
4  26  128.43977916494521
6  22  188.12582858884198
8  45  76.12098455621431
10  55  137.66806765668048
12  58  29.875834504545058
14  37  71.24520984453487
16  65  307.53809486604791
18  72  71.029856850488898
20  71  370.81987091294849
2  33  69.484496708546459
4  42  113.97916348297478
6  26  94.586721635623206
8  54  85.012014633909303
10  36  139.24319284677139
12  13  304.74995886394845
14  80  79.57507417311686
16  48  106.44384312548156
18  56  387.69994012981385
20  39  131.4782924837489
2  34  123.53897434174547
4  55  113.61834059044743
6  34  144.13006813517708
8  43  101.10472773634849
10  66  189.03390263942367
12  38  268.01503645792604
14  69  31.544391822195077
16  43  287.15562097228155
18  46  153.6303963326007
20  59  173.89741674777235
2  17  110.2808083442841
4  36  36.05814788516755
6  23  161.43849931370309
8  32  202.30662383594648
10  33  266.76756592308777
12  72  75.719325238887009
14  29  697.08033055795363
16  23  126.1679604062806
18  62  370.08014748638658
20  58  104.71081876518618
2  29  120.85566482737426
4  65  79.982862059197885
6  65  137.90381506861027
8  56  345.19924164395155
10  34  333.91589835840625
12  59  213.21347522277176
14  70  166.11662640770399
16  44  344.00052455167054
18  79  23.109722412388958
20  80  176.34919829392811
2  30  53.339482791776341
4  34  160.77548075226105
6  73  107.85379329731292
8  56  88.255135536758686
10  70  165.646769800345
12  64  256.7348489941362
14  47  599.09323276728355
16  54  198.05211525535847
18  57  378.59603958501833
20  85  108.16550160976108
2  0  66.668635673909549
4  24  112.11170930850462
6  29  169.96878598472489
8  33  51.304613966173349
10  56  207.97160138650642
12  45  179.78992578106099
14  65  128.14578143746354
16  49  229.97814856405313
18  54  289.65399308742951
20  51  150.01946265902157
2  19  35.359633594310175
4  46  117.75738989816851
6  45  92.292205213644635
8  19  214.53655521249487
10  0  477.2541683172268
12  48  338.5706700442704
14  42  145.02557867493113
16  65  91.251365819751697
18  48  415.60139938595012
20  88  110.91654411469158
2  28  72.650172023765748
4  45  64.528562209461626
6  34  204.60588693611669
8  31  233.36785394038745
10  67  55.680878034870013
12  55  149.39662376998729
14  59  237.29965677044197
16  64  320.97672669250193
18  78  178.91353642040377
20  76  36.027103006716629
2  0  0.0
4  44  99.904754317226704
6  48  102.83769823687246
8  59  42.91499795637958
10  57  299.31993160099228
12  75  189.0590765293513
14  69  109.95325108461061
16  65  48.85627453721429
18  51  208.32993833578522
20  76  99.327434525620575
2  3  128.37496067969417
4  50  68.385959482099565
6  21  280.3610072683054
8  30  159.54114801776629
10  39  212.47322795006733
12  43  324.46671230715589
14  58  389.53283683753227
16  50  337.40311514158788
18  64  167.66181090093906
20  67  156.76522505119084
