1  70  169.98260880518012
2  54  309.17878704476311
3  65  96.868581529464549
4  59  315.12047681255501
5  46  273.14765174605907
6  66  192.86965092782984
1  61  213.24307312395439
2  69  179.54605048809063
3  38  202.9093845679854
4  92  45.925186753192008
5  50  193.92867153011244
6  43  508.15918255674802
1  72  162.66884194467445
2  43  203.88194602337032
3  49  393.47935846539792
4  75  169.48650707810071
5  30  393.99477320720837
6  62  218.19752972202517
1  67  80.445261362544315
2  72  91.87640881011464
3  40  384.52086580716377
4  45  361.07383785119555
5  54  265.14554364439681
6  62  183.64657090343132
1  57  168.51365356614158
2  61  226.06358696234167
3  37  410.03452920360269
4  34  377.54994809063157
5  35  420.45946471431142
6  60  236.6294390150513
1  58  229.50952295465771
2  90  66.968468084938536
3  75  155.40939391478651
4  34  186.78141017511066
5  48  349.27358611184729
6  55  292.06701498430652
1  42  394.92370202840328
2  43  289.26717747352615
3  49  198.37123864033384
4  48  324.74750663069642
5  63  189.59803398165704
6  52  319.13832820244227
1  84  73.955102333819326
2  73  154.67466902383975
3  66  184.54401456602818
4  60  257.77154621943549
5  57  421.16868364111895
6  43  338.22669616845934
1  77  148.67349874243928
2  62  191.66841089248763
3  29  622.60503702057997
4  77  174.19329836469964
5  66  167.68778259711533
6  50  302.8704153848326
1  82  86.694885988663529
2  38  379.25102702793674
3  62  162.85250053920785
4  59  254.63382656953797
5  41  313.20755546750718
6  72  135.62243073785237
1  49  188.02861218521767
2  48  199.98181474289811
3  56  402.35152605017942
4  32  662.89283507999505
5  48  372.57591351333525
6  36  499.54060172595592
1  58  256.65528130590826
2  75  170.67219147311684
3  58  221.74517689127276
4  21  463.35287034504154
5  66  199.76494756377647
6  45  436.40998702210328
1  42  135.29802414350502
2  88  87.845381827331778
3  55  239.55118622096603
4  74  179.28521879467482
5  55  268.57283883826159
6  45  321.82945237000206
1  57  163.93933262704917
2  66  200.18208435950868
3  71  252.67580406656484
4  44  354.85115820841685
5  48  268.91424436321552
6  58  182.13646594667634
1  77  123.98139284610649
2  66  149.22384313374124
3  58  250.74494494349514
4  35  510.62975788170996
5  65  198.71902971210511
6  40  389.96156262222104
1  63  187.83054775214472
2  68  240.28978363516484
3  64  171.77237019844762
4  43  425.3890357009048
5  39  476.53179281888981
6  62  252.69927043183839
1  56  142.34135042614571
2  55  265.44035225558088
3  47  292.25945756658314
4  79  85.066205513800085
5  46  340.77105036935995
6  52  254.62145664329512
1  50  221.93371721096739
2  64  301.73462132732482
3  38  229.93018474071889
4  59  265.14047070357992
5  72  145.30333396191347
6  40  433.97522032695633
1  66  192.61497421687537
2  44  270.3738024822897
3  62  218.16907600783364
4  43  353.84545412553069
5  63  207.72909430231365
6  67  166.11688068053542
1  53  75.372695166915648
2  70  192.89365505181502
3  44  214.0269079410474
4  51  249.87602969034216
5  41  406.21794324802028
6  60  239.30124691029386
1  74  126.1267718696579
2  85  100.09318868093449
3  64  237.07055243447687
4  36  268.49343250885676
5  72  179.62490011976206
6  75  184.37325575743949
1  68  163.19751097302898
2  31  333.33911958035173
3  77  111.80828945758596
4  40  449.51854015723296
5  42  375.55431208521117
6  45  326.362665828665
1  49  104.47080137618546
2  66  199.97256251728939
3  56  264.46168466520118
4  53  391.09643534975226
5  68  207.48773897253182
6  19  294.68906582017985
1  86  83.048106151582274
2  61  196.70047358729161
3  60  136.64413328944755
4  72  277.87032023962621
5  50  356.75740891205788
6  29  393.74345035587578
1  69  155.04193087457739
2  71  149.3352954645807
3  46  323.0189707624354
4  74  118.97016223721235
5  49  235.56273983593431
6  43  287.27231020375439
1  87  72.348846176862125
2  68  79.026789031361858
3  59  162.07866422632492
4  40  583.05881179790435
5  67  147.61849565103864
6  27  375.74676898358774
1  62  67.569133418929255
2  48  306.95681567384759
3  31  501.24231546770307
4  79  130.21148750629754
5  71  108.18137905431355
6  43  414.34392049132435
1  83  75.792183730800801
2  36  596.01892931210193
3  58  236.15641745083119
4  67  144.31751737756016
5  71  151.86499054555071
6  48  284.0466779562197
1  57  174.76609226560916
2  39  305.46405627280274
3  65  182.56793182990907
4  67  295.16930878622168
5  33  265.35411275584545
6  55  225.25049084122125
1  54  193.6179669664179
2  70  126.57256218854698
3  68  216.07249584289232
4  69  166.10465319359506
5  59  170.56660440579014
6  73  188.11071030639323
1  80  98.012984924788654
2  43  248.36725187605077
3  66  272.55497775710808
4  43  428.12703728958235
5  51  283.13272965420356
6  41  282.44229317774005
1  84  64.889226255222937
2  65  199.19335851763694
3  64  215.9860403062203
4  35  204.36843554730891
5  57  378.91652703845074
6  55  262.9442564103677
1  84  90.31176021106107
2  46  202.35375722405141
3  72  140.10306778066482
4  66  242.21482202899168
5  72  178.92661307348058
6  29  559.61950365432222
1  80  101.68035727386466
2  70  145.52336507359314
3  51  322.89472029391629
4  37  342.8307277201672
5  42  256.4973717633498
6  72  167.24690875503694
1  62  234.79654586192743
2  65  321.08359057975031
3  59  235.94347041568844
4  51  336.32526885788224
5  36  310.99970079469216
6  66  190.20445924225427
1  91  50.011660336587944
2  44  424.35759065743167
3  61  199.68537914716427
4  51  285.37462959921402
5  34  501.31926723132705
6  44  364.61518420810222
1  86  64.236269570720907
2  57  193.35543775176868
3  50  229.51881947005199
4  53  281.38677331307957
5  56  279.73967201173417
6  64  234.14667929044106
1  85  105.52643301110729
2  81  133.13295105603666
3  59  172.08147713771194
4  34  502.77524026919838
5  56  310.7416304227981
6  62  192.55156587714896
1  59  66.722993961105246
2  40  213.67471692102643
3  59  302.99430566663301
4  73  182.61681245328938
5  52  309.03449728558945
6  54  226.17872721622541
1  79  144.20254677400885
2  75  186.74724824035994
3  82  128.51917962385389
4  49  291.01594160139877
5  57  280.40566275281469
6  39  334.2093444961381
1  76  109.8314774440163
2  54  219.48908329871591
3  32  328.90168014967929
4  34  482.39100712106676
5  57  146.76687796130039
6  54  367.59489261765953
1  88  76.431856844830264
2  67  122.38084657867486
3  63  306.85711905826122
4  39  233.59524313332213
5  28  302.28512669034234
6  65  185.72578275903811
1  64  174.87559918197721
2  74  102.918246081533
3  65  282.47763112926191
4  42  357.90688097994774
5  47  356.7076657066163
6  59  205.09384735386033
1  53  135.74621951844978
2  64  150.88744634294974
3  70  99.557194434507608
4  43  493.44089596858856
5  51  273.47571650882048
6  47  355.74725225500515
1  74  182.45266456094902
2  27  183.04282240507695
3  37  364.03333355077984
4  47  320.59597752397252
5  55  289.2347638634651
6  52  282.07479843653033
1  65  142.43006615659942
2  66  242.80864492406832
3  75  114.692098193916
4  67  166.86199715013103
5  34  576.60008568843273
6  48  328.79646543474564
1  77  130.37036266783153
2  67  198.13055768693579
3  43  273.12953729620529
4  45  196.1354667360192
5  65  236.75896517117951
6  36  381.65695237443606
1  72  144.4007207879352
2  48  250.26685569911407
3  68  116.7376665222219
4  40  304.97309901724793
5  62  210.07988530530486
6  51  218.33653300357784
1  91  48.029794264828674
2  80  103.8132291314478
3  60  222.79253271833628
4  62  298.2591979076654
5  89  40.369451916919296
6  69  175.76054021032564
1  82  101.89132207376123
2  60  154.94857815832782
3  53  279.20053050260032
4  45  314.43696097277461
5  64  232.93089658909227
6  56  375.84482924464265
1  66  168.47331041615118
2  57  307.78408134355288
3  43  292.22778441737074
4  62  273.74884226974063
5  19  410.35344579027787
6  53  267.68639508700528
1  64  205.49659910999497
2  66  168.66066050495684
3  63  179.2927834666834
4  56  281.52221612648754
5  45  369.38103697826165
6  33  466.44243839166779
1  62  195.67901722884596
2  51  218.47153317302693
3  69  218.452567327726
4  34  559.85642083034588
5  30  442.56177011308711
6  49  302.00617913522518
1  72  175.72442423320359
2  59  234.01946266914499
3  69  158.8511395433961
4  71  119.55254593179005
5  29  361.51913024095506
6  42  227.53234546653363
1  78  126.87938058766323
2  43  344.43378489953886
3  49  396.07039233330136
4  45  282.57336773658443
5  47  405.27680226066394
6  20  543.1134491635413
1  81  121.62053929790306
2  64  141.75079137160225
3  76  97.677853364958708
4  51  239.34431608047313
5  57  188.54990203739493
6  74  181.09438812824109
1  82  100.67900771451724
2  50  307.95198246654115
3  68  128.98969887654499
4  51  409.74521201927143
5  59  319.32725500122194
6  74  165.47874012587397
1  73  122.40945793612208
2  75  122.43123440011985
3  48  285.49607524269254
4  72  219.64216323392773
5  52  360.09953604935572
6  34  451.45310596846485
1  69  174.67899789777366
2  80  88.265379865774605
3  52  243.26113857737238
4  82  88.734619220562905
5  37  242.67051575703269
6  75  176.25587328669923
1  73  122.88454058288254
2  75  193.29971094122618
3  72  107.1581396966708
4  54  319.35311551451161
5  50  387.6578612606113
6  64  158.45355757155843
1  69  153.59240015895625
2  58  279.79237076953558
3  64  210.9642346418043
4  63  210.32216883940623
5  56  275.53200371886805
6  38  376.42539639468794
1  59  45.999593965487847
2  56  269.04217167317807
3  75  162.1955867618579
4  48  406.84524826837486
5  45  183.25805400559074
6  45  249.63882650868905
1  71  131.30609832045303
2  68  182.24952787374926
3  57  235.94586074825514
4  47  244.79851118980696
5  69  187.4813840433948
6  37  609.54906671900528
1  70  136.55174031916079
2  55  225.26296066737402
3  64  106.73064649846853
4  69  251.12446038109908
5  27  517.56259595361541
6  71  127.28036950373642
1  80  88.891036713913664
2  75  146.53583073339158
3  69  132.84022529661166
4  53  156.3797919171559
5  69  132.97168634567137
6  37  356.47419374190889
1  71  173.87555472399768
2  63  214.61635220409048
3  67  77.860611912998905
4  42  218.82390997689623
5  32  426.42398482199985
6  30  348.43247930028997
1  90  74.617158719351679
2  40  304.96475189308507
3  29  342.19217124754266
4  69  154.32303897801296
5  26  493.92699351480201
6  53  214.72345633341638
1  76  186.24476366685647
2  59  295.17260353742529
3  44  233.92043114917362
4  50  300.40388402210345
5  53  339.70048492341817
6  45  312.54374360680305
1  80  106.19592969697774
2  83  90.042610303741256
3  41  244.94359892235801
4  44  383.98844726656307
5  70  143.19340165546507
6  42  471.51681565347485
1  67  245.9497369957422
2  87  103.07154563691846
3  51  200.89936309636462
4  75  154.1254931502711
5  56  203.49410755930273
6  73  200.52853483108598
1  80  138.62336040055288
2  61  241.23258143367289
3  42  291.30200389576225
4  50  362.27876320443295
5  61  224.34599339881649
6  46  455.39916119830525
1  83  114.94011223288767
2  70  207.51562759780447
3  65  221.46191613174295
4  38  511.92124642484504
5  52  349.17373578344154
6  51  265.21346403206945
1  68  151.40127085419712
2  52  244.73087191342185
3  57  203.43190270136449
4  24  394.11701832636538
5  63  200.75409527605657
6  50  335.20453351274125
1  63  199.73406871616777
2  58  217.67309540882732
3  35  381.41805009947672
4  55  305.3474738648909
5  68  155.75219092951747
6  22  655.42878475391592
1  69  157.42838447439391
2  82  104.35079740679186
3  49  396.86953777535018
4  38  280.02450310263021
5  73  85.360407373327092
6  37  189.24930232256989
1  63  174.71859637517184
2  70  149.56799403560126
3  55  325.53400603437007
4  56  279.61198774728723
5  62  165.98150759346586
6  41  307.76447171211436
1  70  171.62617983739131
2  46  354.70328792972225
3  31  158.83631435691711
4  34  449.81774702571255
5  60  265.28098816536385
6  55  232.4278876891749
1  60  147.71818566874441
2  73  172.91547601962603
3  73  146.08571527259093
4  69  176.84013507519307
5  38  474.942259658701
6  53  118.28660191426495
1  68  76.00480110345805
2  50  273.42065402029556
3  43  427.79146356133691
4  50  312.64800540383465
5  54  165.26485074401998
6  59  214.73562769767261
1  40  90.227020514192134
2  75  144.29457231979541
3  70  176.04698360156746
4  44  401.96206947951833
5  67  248.23486462302716
6  49  241.2847272710319
1  69  176.46281259683164
2  73  169.65917533340317
3  61  196.67406166693902
4  55  179.12023271242924
5  62  183.91563495755736
6  43  490.43722530202774
1  62  203.59670820750338
2  49  188.00930687168128
3  46  404.79393543936146
4  35  362.34478822788657
5  59  192.07123376186627
6  20  694.58835339827112
1  80  120.26100697257951
2  49  286.60620002861424
3  39  320.86083200622738
4  55  177.06696865795652
5  31  408.22668428829218
6  34  402.93886816096943
1  54  245.71916473941775
2  56  175.18876063105949
3  43  436.35206187661578
4  77  152.50320935786388
5  69  207.31190848235303
6  53  215.25761206777787
1  67  180.72207994546767
2  69  192.34608603671779
3  46  369.40991764948058
4  74  140.53599656396028
5  40  435.93497822685367
6  54  323.01612979585042
1  68  122.1557862142283
2  62  153.77039240946672
3  67  235.75246985025984
4  58  207.79371993892582
5  49  294.78714249012779
6  38  357.27857302137704
1  71  189.26475245969701
2  43  411.81247100984967
3  77  97.093287194766262
4  64  247.47677698518933
5  31  353.89466877821201
6  57  217.64660089184829
1  57  152.16801739059008
2  56  346.97751352200953
3  69  157.64329086044438
4  67  121.00323823546844
5  70  162.14971581902333
6  29  519.43110710111102
1  71  113.04544755082652
2  79  141.9265942864385
3  79  97.757141012689388
4  31  567.87521748481902
5  24  488.43826321229005
6  57  308.8281022116463
1  76  126.5216080046746
2  61  242.3157980338581
3  72  134.23601669493851
4  60  177.27705547210428
5  45  373.335449179259
6  86  103.41500198880772
1  57  275.3622858900053
2  54  163.07894475026455
3  52  289.1553104718185
4  53  130.76141437754333
5  34  335.86335952786749
6  26  429.53021158805831
1  61  166.4305726139047
2  44  268.67691815362366
3  73  113.54324798112214
4  58  203.97722878798669
5  30  218.38850150374387
6  40  280.91737654049803
1  80  81.821956748607718
2  48  305.21679470702423
3  68  147.74126502634667
4  61  292.40094484621153
5  46  305.01068331814787
6  55  203.19264255597932
1  75  86.149925303728068
2  61  182.89137381165403
3  58  287.65164188104364
4  74  190.49922347308473
5  46  310.88673236671599
6  59  275.00128021119895
1  82  119.1189096452192
2  52  285.98013027407575
3  55  333.56178641050695
4  47  212.6000206807675
5  37  421.68975841439635
6  36  379.32306836484292
1  69  83.762153149242579
2  57  246.61477938576945
3  64  182.21809582250052
4  65  174.39479078108036
5  65  259.26793408400363
6  36  200.53217184914402
1  65  124.48084829398327
2  32  333.82716579364262
3  52  220.9750892510078
4  76  108.0645878863468
5  69  177.39055748210055
6  47  300.48312861221706
1  77  150.54117032717579
2  57  273.85424950081153
3  67  111.97761029768101
4  69  191.81432489790365
5  29  656.78551189184111
6  65  240.71546800025035
1  61  230.5659640113015
2  52  162.51807297381262
3  73  165.71515465289622
4  52  225.2675135775865
5  57  227.73772113376717
6  43  361.25167117892175
1  87  97.979821378640708
2  74  180.41054706876204
3  35  193.36841754945124
4  66  146.75566291195531
5  58  231.45085278699412
6  67  217.88644808071564
