10  70.333333333333329  394.20932517523232
15  81.333333333333329  398.91069131220729
20  81.666666666666671  446.34726335993616
25  93.666666666666671  301.79515822439527
30  97.333333333333329  263.01930503622555
35  95.666666666666671  306.4043750416356
40  93.0  348.02414227493426
45  99.333333333333329  224.4337217183037
50  91.333333333333329  406.19334580445076
10  76.0  359.39836932033091
15  83.333333333333329  314.02624895789302
20  97.333333333333329  224.28823880964021
25  82.333333333333329  531.94690363964185
30  83.666666666666671  473.85732598178191
35  87.666666666666671  501.06049254740441
40  93.666666666666671  351.38857719022758
45  97.666666666666671  229.75851242119748
50  96.333333333333329  262.09228039351672
10  80.0  355.1139661031952
15  76.333333333333329  381.0405710807949
20  83.333333333333329  421.11837934749252
25  85.333333333333329  459.53681987506189
30  89.0  427.27034544920713
35  89.666666666666671  404.65363289722734
40  93.0  337.33229606828974
45  92.666666666666671  356.64445810428003
50  93.333333333333329  328.55140418850937
10  51.333333333333336  540.16981418328896
15  69.333333333333329  535.90680057414193
20  85.0  413.98516475276227
25  90.0  373.04288435249953
30  91.0  373.74354140268582
35  93.666666666666671  343.9844641866988
40  94.0  336.61218732881071
45  87.333333333333329  509.24571676918021
50  93.333333333333329  360.38970497853791
10  78.333333333333329  380.1381113232415
15  69.0  524.19911727057035
20  68.333333333333329  717.82481497429194
25  86.666666666666671  441.03578103417857
30  87.333333333333329  493.94346486392294
35  87.666666666666671  494.73696419643119
40  97.333333333333329  260.30397110747674
45  88.666666666666671  437.55856401981731
50  92.0  382.48516857344271
10  71.0  417.59912950665398
15  73.666666666666671  452.28373227543312
20  92.666666666666671  297.14159440087406
25  88.666666666666671  439.01839664888132
30  85.0  529.19110398438204
35  92.666666666666671  355.30285053312019
40  93.666666666666671  351.23692211841569
45  96.0  263.60405506074306
50  94.0  317.77660180816292
10  59.0  534.74614601254052
15  80.333333333333329  375.8259798939946
20  84.333333333333329  396.3768882545329
25  80.666666666666671  514.57423997098624
30  87.0  436.06108257518895
35  85.666666666666671  474.46503511022235
40  88.666666666666671  450.37557094766669
45  96.333333333333329  294.67730755518767
50  90.666666666666671  396.04089427272021
10  71.333333333333329  394.05826614275685
15  73.333333333333329  495.02143050541338
20  88.333333333333329  345.43817384265759
25  77.666666666666671  539.48850044703897
30  90.333333333333329  357.85076462977821
35  84.666666666666671  539.69478920139727
40  89.333333333333329  450.22139917308704
45  94.333333333333329  349.84782349317442
50  95.666666666666671  280.70469674728099
10  61.0  387.4492456883998
15  65.0  596.58675239268609
20  80.333333333333329  451.59566748368889
25  89.333333333333329  407.51300499909161
30  87.0  387.89626457200922
35  97.0  250.70013194096128
40  93.666666666666671  327.04216414030816
45  95.666666666666671  302.67039813704895
50  94.666666666666671  311.28428470673646
10  63.0  487.36972376508027
15  78.333333333333329  394.21697685204697
20  78.666666666666671  484.08330818531175
25  79.333333333333329  497.44058022448468
30  81.666666666666671  485.50434850955236
35  89.333333333333329  400.97974380942821
40  95.666666666666671  306.93226799370802
45  90.333333333333329  445.72057717131395
50  88.333333333333329  509.5364151556638
10  84.333333333333329  312.8838939034336
15  77.333333333333329  452.06434163047697
20  80.0  444.67649773325286
25  88.666666666666671  415.53036329506085
30  88.666666666666671  374.73788235520374
35  93.333333333333329  334.78016432221983
40  86.333333333333329  526.24705279816317
45  95.0  324.93287441994443
50  90.666666666666671  398.75891455483657
10  64.333333333333329  411.44531083760108
15  86.0  351.51236677516715
20  86.333333333333329  375.85898053021884
25  92.666666666666671  339.39846529474647
30  90.666666666666671  361.476592923449
35  92.666666666666671  321.15708139819458
40  85.333333333333329  546.73256766165821
45  94.666666666666671  304.22499201627613
50  94.666666666666671  334.1047803108861
10  49.0  536.01758582736807
15  87.333333333333329  359.14983737237748
20  78.666666666666671  446.24935058813776
25  83.666666666666671  468.31682871587878
30  90.333333333333329  363.23387518730999
35  94.666666666666671  300.74792080773216
40  89.0  446.45742084231784
45  92.666666666666671  397.03711973911334
50  97.333333333333329  253.06266244440445
10  36.0  538.08353321913671
15  69.666666666666671  458.26880824742091
20  95.666666666666671  251.05290482833411
25  82.0  381.29872410704468
30  92.0  369.96378396627983
35  87.333333333333329  476.34177036994691
40  95.0  286.37474473883759
45  95.333333333333329  326.06427289864035
50  95.333333333333329  282.62260228459706
10  45.333333333333336  524.4855678654975
15  62.0  360.34714721754216
20  80.333333333333329  457.58913049297848
25  86.333333333333329  457.38758122312964
30  94.0  333.79551868861108
35  92.0  395.96172919806054
40  90.666666666666671  426.36278745702191
45  90.333333333333329  433.94817220495446
50  97.666666666666671  225.88106534250517
10  67.333333333333329  480.0826191470307
15  88.0  321.78673637228763
20  84.333333333333329  476.69251960389943
25  79.333333333333329  588.14586278434206
30  91.0  382.94890359582729
35  96.333333333333329  286.20474991831173
40  94.0  326.43610031618653
45  97.0  271.72441909045693
50  96.666666666666671  280.55099973673174
10  83.666666666666671  276.82751670782727
15  89.333333333333329  339.74952774311305
20  80.333333333333329  442.64789390857044
25  93.333333333333329  272.81271275893442
30  96.0  307.37818694010502
35  87.666666666666671  502.13710849140369
40  89.0  485.35830271831105
45  88.333333333333329  497.75838656961281
50  98.333333333333329  239.06582469449046
10  60.333333333333336  402.99569395179856
15  82.666666666666671  410.49767588639173
20  81.666666666666671  475.70040369813404
25  89.333333333333329  362.66432766691071
30  89.333333333333329  439.87963964590097
35  90.333333333333329  386.29890480647617
40  94.666666666666671  308.84367790240219
45  90.0  401.91029949551768
50  99.333333333333329  219.2872223506304
10  79.666666666666671  329.29043800814264
15  79.0  441.22132804726073
20  80.333333333333329  514.41942728882054
25  90.0  366.91783223594246
30  90.0  411.49246073576398
35  97.666666666666671  261.1067681497953
40  94.0  334.80938101240594
45  95.333333333333329  330.10840716019987
50  92.666666666666671  379.79585296838178
10  64.0  457.44798575369936
15  82.0  365.82143393390504
20  81.0  426.93778015502716
25  92.333333333333329  289.57260081232255
30  87.333333333333329  461.90826541534597
35  90.666666666666671  414.80450169493116
40  91.333333333333329  329.30904470006658
45  93.0  355.22438516599027
50  96.0  273.75231547484759
10  60.666666666666664  458.88453946228594
15  68.0  505.24055963717382
20  80.0  498.49124405550066
25  90.0  352.63106821090992
30  88.333333333333329  461.34233057116319
35  92.666666666666671  373.79306863148395
40  96.333333333333329  258.5253332766095
45  98.666666666666671  203.67081978117272
50  93.0  376.37055474945333
10  67.333333333333329  397.18285905879026
15  52.666666666666664  359.83634133556944
20  68.0  647.91378817786813
25  84.333333333333329  426.10701478807721
30  90.666666666666671  372.6551753699913
35  90.0  364.8615222838755
40  98.0  249.74771908272638
45  96.666666666666671  270.66024251961022
50  98.666666666666671  236.8322931537551
10  68.666666666666671  410.31186992534174
15  57.0  566.78560632400854
20  79.0  450.36717921141741
25  80.666666666666671  473.2743980922491
30  90.666666666666671  406.36987581348541
35  87.333333333333329  451.01179564655229
40  95.333333333333329  310.86021337451882
45  98.0  231.39067687873921
50  95.666666666666671  286.33783290275153
10  55.666666666666664  460.3343967039479
15  87.666666666666671  349.80644014989616
20  73.333333333333329  518.51829184274266
25  90.666666666666671  299.98495200995569
30  84.333333333333329  552.75681196186224
35  93.333333333333329  323.93753144523458
40  97.666666666666671  255.28620483490903
45  92.333333333333329  357.8440047996844
50  93.0  343.30131912232679
10  67.0  401.60333350639132
15  73.0  543.42790775424089
20  85.666666666666671  417.52628028429348
25  84.666666666666671  437.45001879076841
30  84.666666666666671  457.58340622664116
35  96.333333333333329  280.43986449572355
40  92.333333333333329  341.6185910641866
45  87.666666666666671  476.37637485505581
50  92.666666666666671  373.97947994983366
10  77.333333333333329  323.14327709496109
15  60.333333333333336  582.08265942309561
20  78.666666666666671  521.94201658353484
25  91.0  318.06800622234698
30  90.0  416.3576609940726
35  87.0  494.64843183931583
40  96.0  292.29434337583098
45  96.0  281.89507492517902
50  88.0  448.79794230386017
10  77.333333333333329  361.0893265913225
15  89.0  287.59603861686605
20  87.0  382.05605077110141
25  92.666666666666671  344.61922596585362
30  90.0  405.64703872903033
35  96.666666666666671  282.12550322270744
40  88.666666666666671  459.58604276002126
45  93.333333333333329  356.19616506611402
50  95.0  312.72465032423389
10  68.0  339.23540847687678
15  70.666666666666671  450.19938339071354
20  84.333333333333329  443.20205043741612
25  74.333333333333329  690.45421336730169
30  85.333333333333329  492.31134557914044
35  96.0  300.39484867946106
40  93.666666666666671  311.34507335691001
45  91.333333333333329  374.83099669317761
50  93.0  341.58137049254896
10  72.666666666666671  378.16222465406247
15  72.333333333333329  387.98856263712599
20  79.666666666666671  479.67858849871652
25  89.0  301.84709823630953
30  86.666666666666671  455.53512475901994
35  96.0  273.9678820695608
40  89.333333333333329  443.9040918989316
45  95.666666666666671  295.88169452767886
50  96.0  279.85533032388275
10  63.666666666666664  476.69245014988485
15  69.666666666666671  400.4769024882234
20  93.333333333333329  329.4135947831993
25  83.333333333333329  475.32394864005903
30  86.0  431.05127777100199
35  92.666666666666671  331.67246501739311
40  95.666666666666671  277.73168313906223
45  96.0  264.300194924349
50  95.333333333333329  278.63081924363286
10  75.666666666666671  409.34577706538232
15  76.666666666666671  472.4746824105261
20  74.333333333333329  605.46183696390392
25  75.333333333333329  629.95302899426315
30  94.666666666666671  299.1248291530149
35  88.0  405.77959951125627
40  93.333333333333329  359.0781475393087
45  91.0  383.56184214306131
50  100.0  191.2287886816859
10  69.0  320.36380450720469
15  67.666666666666671  480.87969512212084
20  80.0  449.89361273672682
25  89.333333333333329  372.42990453664663
30  86.333333333333329  457.94546427908188
35  90.666666666666671  395.28352555266491
40  99.333333333333329  223.97127313678251
45  96.666666666666671  293.41152104133465
50  90.333333333333329  436.49977554048473
10  62.666666666666664  462.92798614747062
15  94.0  231.31473603902671
20  89.0  355.88851753679472
25  77.666666666666671  543.29520008474367
30  89.333333333333329  420.12303432215703
35  88.666666666666671  460.77042509824196
40  89.333333333333329  439.13726340620929
45  94.0  311.83911163870437
50  97.666666666666671  215.25282326227423
10  60.666666666666664  463.14593432301905
15  76.0  470.61858851610884
20  75.666666666666671  541.0137276570357
25  87.333333333333329  446.4314899575154
30  79.0  575.73244051550603
35  95.333333333333329  307.75220372170293
40  95.333333333333329  317.64352702813915
45  88.666666666666671  443.12124424545641
50  95.666666666666671  283.58417850942249
10  51.333333333333336  448.7055447476734
15  87.0  356.87753168001893
20  73.666666666666671  532.85424857041721
25  93.333333333333329  287.06978498103473
30  91.0  328.54936412360712
35  84.333333333333329  589.87365816110923
40  87.0  502.45511350605113
45  98.666666666666671  201.42925848158882
50  89.333333333333329  474.4772157307001
10  88.666666666666671  284.89201097070111
15  88.666666666666671  274.1760091275745
20  85.666666666666671  390.66124905561821
25  82.333333333333329  454.14978103643904
30  88.666666666666671  447.05288650662385
35  89.0  430.86927890566824
40  83.666666666666671  601.21574606819354
45  96.0  280.55472645425732
50  92.666666666666671  369.34353696773798
10  59.0  473.30608984641327
15  81.666666666666671  413.9887439902119
20  90.0  314.33660400190189
25  85.333333333333329  435.39914532263555
30  95.666666666666671  307.35677890612578
35  88.666666666666671  455.78617904807959
40  97.0  233.2705570338731
45  85.0  569.90193195153768
50  88.333333333333329  462.0002506195687
10  60.0  425.88188043237182
15  82.666666666666671  403.63474567123274
20  87.0  405.234531229092
25  90.333333333333329  371.9827216098181
30  94.333333333333329  354.60125476282059
35  93.666666666666671  362.69449941939376
40  85.666666666666671  545.25765251916084
45  97.0  247.20135854555031
50  97.666666666666671  246.80272896288577
10  73.666666666666671  381.16207270721407
15  64.666666666666671  563.89365914114023
20  75.333333333333329  485.06468554352449
25  91.666666666666671  339.50147818398256
30  84.333333333333329  513.80764445049465
35  90.333333333333329  385.61637474828979
40  93.666666666666671  300.53532712153424
45  97.666666666666671  238.83485507563211
50  98.666666666666671  235.84675590364151
10  80.333333333333329  346.89633386044648
15  87.666666666666671  334.60128953056807
20  94.333333333333329  293.65595965195104
25  90.0  403.24653460581118
30  83.333333333333329  495.31586633575603
35  89.333333333333329  446.65776336946891
40  94.666666666666671  327.95200666121616
45  96.666666666666671  256.99032857658176
50  97.333333333333329  249.69649127656845
10  77.666666666666671  323.944453928087
15  82.666666666666671  364.65655832445361
20  80.0  549.55568794222415
25  89.333333333333329  396.37008675255635
30  90.666666666666671  373.94785967517328
35  84.0  511.32067102325811
40  91.333333333333329  409.14849265353484
45  91.333333333333329  397.6178715047609
50  97.666666666666671  229.31249757320714
10  66.666666666666671  441.09404424350259
15  81.0  379.4836357524124
20  77.0  507.77272806945035
25  82.0  515.78883381884395
30  93.333333333333329  334.4796037301266
35  86.666666666666671  504.94548176804159
40  90.333333333333329  419.29645388291055
45  97.0  231.95794079684887
50  96.666666666666671  268.06668326581871
10  79.333333333333329  346.13108184177963
15  71.0  495.91531313336321
20  80.333333333333329  481.62238888381808
25  82.0  575.77094065407539
30  84.0  447.18973926975411
35  84.666666666666671  536.24199845068324
40  86.0  532.52889709516967
45  97.333333333333329  270.55144631297878
50  97.0  280.0199967032533
10  72.333333333333329  359.05558984140407
15  71.666666666666671  437.62855495028089
20  89.333333333333329  319.39665238284778
25  93.0  310.12524489343735
30  84.0  561.96779860908589
35  94.0  363.0497493298538
40  89.666666666666671  444.09345116856508
45  92.666666666666671  377.29923682925505
50  95.0  287.4845207144902
10  75.666666666666671  351.14422064979232
15  82.0  396.91347569564994
20  84.0  422.66703319663139
25  89.0  377.76541247950826
30  88.333333333333329  459.53157288666392
35  93.333333333333329  338.47935403489237
40  93.0  361.07074576069698
45  95.333333333333329  316.28172438951759
50  98.666666666666671  220.48550307194265
10  89.0  287.07566895767337
15  79.666666666666671  326.4207394181073
20  85.333333333333329  420.52740379846693
25  80.0  553.57529325378255
30  94.333333333333329  306.63816607959768
35  88.0  397.00142371846295
40  91.666666666666671  388.6046555561195
45  94.666666666666671  353.17832730163286
50  93.0  358.22315715533529
10  75.333333333333329  313.13812026773519
15  88.0  307.97277336512951
20  94.666666666666671  283.1517413361567
25  84.666666666666671  457.18338112260085
30  96.0  276.96116131541561
35  90.0  396.6950119804672
40  91.666666666666671  411.9252315480137
45  92.0  418.44761048370475
50  94.0  335.9638376928728
10  70.666666666666671  347.0462983614363
15  69.0  440.61759987914809
20  84.333333333333329  455.56918708732229
25  80.666666666666671  508.84528134968184
30  93.666666666666671  304.42116087342987
35  80.666666666666671  669.37995918660692
40  97.333333333333329  256.68656544039169
45  94.666666666666671  333.67939499509566
50  95.666666666666671  280.28142226045173
10  68.666666666666671  357.23402472578152
15  80.333333333333329  337.45798642043235
20  78.666666666666671  365.43984166837163
25  84.333333333333329  415.46103133008194
30  82.0  627.02279585295855
35  83.333333333333329  606.23327801514415
40  95.333333333333329  287.25071358045511
45  96.0  305.59741897420969
50  95.666666666666671  287.40526748544772
10  61.0  405.25768751499095
15  81.333333333333329  334.90285885365796
20  87.0  400.78725738023212
25  92.666666666666671  340.61267604838099
30  86.666666666666671  489.28123888715788
35  94.666666666666671  329.60687609168889
40  99.333333333333329  216.93577647596865
45  91.333333333333329  390.32557802163802
50  91.666666666666671  405.32047679055199
10  76.333333333333329  414.38810560165257
15  75.666666666666671  417.41011288175139
20  69.666666666666671  565.12781656409459
25  96.666666666666671  288.90360522855843
30  92.666666666666671  363.45033357410273
35  83.666666666666671  556.71990700291121
40  93.0  332.38586663202773
45  94.333333333333329  292.847309802925
50  93.666666666666671  322.75775284283043
10  63.666666666666664  465.7240040383906
15  78.0  406.28096181308672
20  87.0  407.07862397203172
25  84.333333333333329  494.33085230136732
30  96.0  245.35263376417265
35  90.666666666666671  396.01867046449945
40  95.0  285.2905688022027
45  90.0  435.62487655457534
50  98.0  240.84871631068944
10  85.666666666666671  300.85301618141068
15  62.0  684.23368484008984
20  89.0  310.79623322080278
25  73.0  568.62631981646132
30  83.666666666666671  560.62005558154283
35  91.666666666666671  422.95157212549282
40  91.666666666666671  349.72245523271437
45  95.666666666666671  299.33375940785061
50  94.333333333333329  339.63336072504433
10  76.0  387.88116464958688
15  80.0  342.93355537106055
20  71.0  630.05723084140243
25  86.666666666666671  374.89542148455547
30  87.333333333333329  478.54552246046092
35  87.0  436.39698756031629
40  94.333333333333329  333.75334360382624
45  93.333333333333329  345.67304823863373
50  90.0  433.44371280013218
10  70.333333333333329  404.77370095428222
15  68.666666666666671  503.89173043017416
20  85.666666666666671  402.19919310841442
25  78.0  604.6978330700515
30  91.333333333333329  389.96358380035593
35  87.0  494.86088297923175
40  91.0  398.5386793077447
45  92.666666666666671  338.22190495777761
50  94.0  353.80578085614729
10  66.0  443.53330375169082
15  73.0  487.62682947197322
20  77.333333333333329  508.0399076820205
25  93.333333333333329  330.54491662118551
30  91.0  348.81628914515164
35  87.666666666666671  466.34506949280797
40  90.333333333333329  426.59128323533679
45  93.0  330.20161291039824
50  97.0  235.84432779900177
10  67.0  382.61543225764029
15  62.0  553.04709420952281
20  86.0  383.66400313395638
25  85.0  477.10570749064215
30  92.0  386.42584848138131
35  91.333333333333329  376.39293280956616
40  97.666666666666671  257.06698683399929
45  92.333333333333329  356.06242063566344
50  98.666666666666671  239.58189240989859
10  80.0  351.36874383507865
15  73.0  518.4515809867487
20  72.666666666666671  498.04635307497614
25  91.666666666666671  332.52480225586345
30  87.666666666666671  406.37148505378013
35  85.333333333333329  464.2190401749275
40  97.666666666666671  258.98016274891165
45  96.0  295.05534854689552
50  98.0  254.04230232735742
10  66.333333333333329  391.95444196941446
15  92.333333333333329  296.98506334799606
20  87.666666666666671  394.06079368478743
25  82.333333333333329  513.56086856101342
30  91.333333333333329  339.37593527871422
35  94.0  360.35586569201666
40  99.0  205.85325088973008
45  89.333333333333329  450.91745159185882
50  88.333333333333329  491.21211157770762
10  84.666666666666671  338.07572642882292
15  79.333333333333329  377.92487966670427
20  84.0  364.85384638098725
25  98.0  208.95394334660867
30  90.666666666666671  349.91092189050335
35  91.0  362.86972477819756
40  94.0  294.72196413810013
45  98.0  225.8641911819372
50  94.666666666666671  308.50290697807213
10  84.666666666666671  282.44448029157002
15  72.666666666666671  412.08557879862394
20  98.333333333333329  235.50440651184911
25  89.0  427.02679355457013
30  92.0  284.13230509977279
35  92.333333333333329  369.27834890005875
40  93.333333333333329  328.59997358546036
45  91.0  394.15589632945273
50  97.666666666666671  240.05710025004581
10  75.666666666666671  370.5848433914486
15  85.666666666666671  366.88184061547645
20  84.666666666666671  416.5428935775069
25  87.333333333333329  424.28184023300776
30  75.0  742.37295650824592
35  88.0  475.62084288815242
40  87.0  513.4477063624048
45  90.333333333333329  398.34816077849308
50  95.666666666666671  288.27192986099186
10  55.333333333333336  435.70821922568263
15  93.0  234.98012393417545
20  69.333333333333329  549.69365247631606
25  91.666666666666671  340.70005624755106
30  91.0  351.62702351185288
35  96.666666666666671  267.17028836091635
40  97.0  256.58518758363545
45  95.666666666666671  276.61982239084887
50  97.0  241.20717983227993
10  72.333333333333329  445.59525878587192
15  76.0  439.20401693031016
20  71.333333333333329  480.60379569360509
25  86.0  390.3620314657864
30  82.666666666666671  532.81458080895811
35  84.0  606.72906178871472
40  92.0  395.98101596608603
45  92.0  385.50471936818309
50  94.666666666666671  295.0643708291804
10  56.666666666666664  471.07153097883719
15  78.666666666666671  443.0610258427223
20  79.666666666666671  425.79756358402079
25  81.333333333333329  526.9960208457785
30  91.0  413.782048837079
35  85.333333333333329  544.23531551207714
40  93.0  320.66852048138355
45  94.0  339.98762942079321
50  97.0  254.68131782072513
10  73.333333333333329  350.19665623678679
15  78.666666666666671  362.85105683549699
20  78.333333333333329  474.39725753204254
25  85.666666666666671  465.05139715232394
30  86.333333333333329  495.93397807876397
35  90.333333333333329  380.63900804144959
40  97.333333333333329  293.51722809440986
45  90.666666666666671  407.88811219986525
50  93.0  350.67696587735861
10  58.666666666666664  528.57575605466263
15  85.0  397.23115539223255
20  97.333333333333329  242.37891616581754
25  89.333333333333329  373.18936941511157
30  90.666666666666671  398.19878070178913
35  87.0  493.79038420619486
40  94.333333333333329  306.45781984843052
45  94.333333333333329  334.12183672718561
50  96.333333333333329  262.94366529049029
10  65.666666666666671  370.63197575450403
15  70.333333333333329  379.94112247182511
20  90.0  308.64695467416351
25  89.666666666666671  331.0709738249555
30  85.333333333333329  480.12868489748786
35  89.333333333333329  427.18316538925006
40  91.666666666666671  396.61598265241054
45  96.0  264.30176633107357
50  95.333333333333329  306.71564652094759
10  63.0  443.04795217991381
15  77.0  385.11564948485255
20  88.666666666666671  340.67680766024699
25  85.0  491.37322122325378
30  89.666666666666671  408.56058692353611
35  90.0  416.18859384133282
40  93.0  315.56678741196816
45  95.0  301.17891131285245
50  96.666666666666671  264.51510378801152
10  75.0  406.28020567032735
15  57.666666666666664  642.23716768226438
20  86.666666666666671  384.67529947536343
25  82.333333333333329  541.10877945473283
30  79.0  656.8230401426639
35  93.333333333333329  346.12342662477784
40  85.666666666666671  476.34201326332345
45  99.666666666666671  206.78493456250052
50  90.0  432.19574966580387
10  68.0  431.66945716905593
15  81.666666666666671  422.97291924986632
20  77.333333333333329  525.82290194291079
25  87.333333333333329  345.79018466110284
30  86.333333333333329  453.03098309768029
35  80.333333333333329  607.0149150190415
40  98.333333333333329  228.55642576365352
45  96.333333333333329  291.5385287497399
50  91.333333333333329  396.64536114189173
10  52.666666666666664  528.0771569295033
15  80.0  399.98803160019389
20  70.666666666666671  510.00037226764346
25  87.0  389.4062444198629
30  83.666666666666671  478.14455909011724
35  99.333333333333329  224.07009062191361
40  91.666666666666671  405.83187930318309
45  88.666666666666671  465.16678363855056
50  95.0  324.50582326044105
10  68.0  373.68196283625377
15  78.333333333333329  430.57887551473755
20  80.333333333333329  523.7263122797093
25  84.0  428.08360187944328
30  91.0  397.45870598735149
35  92.0  375.77571842171409
40  96.333333333333329  270.53933323481431
45  96.666666666666671  279.18945504082382
50  89.666666666666671  432.05338539427339
10  51.333333333333336  516.61581469590908
15  82.666666666666671  346.35612697709905
20  70.0  611.67520778363712
25  84.0  464.01476133478604
30  84.0  503.7005441139184
35  85.0  530.08522902874972
40  91.0  399.64678169020084
45  92.666666666666671  385.54008254726767
50  96.333333333333329  287.45304007731005
10  69.333333333333329  411.8407020607537
15  68.0  546.96449574921985
20  71.0  440.53867367789638
25  93.333333333333329  303.5184875093106
30  86.333333333333329  477.1494503157777
35  97.666666666666671  226.18335286647053
40  96.333333333333329  301.70995708835881
45  96.0  288.96625317313237
50  98.333333333333329  224.55556682239299
10  79.0  332.90016203010504
15  77.666666666666671  386.09007053183791
20  87.333333333333329  402.14547531367595
25  85.333333333333329  448.97627437557469
30  84.333333333333329  580.05912121753795
35  90.333333333333329  370.31710279794805
40  94.0  304.62708799111283
45  95.333333333333329  281.53239919493535
50  92.0  352.47710212204532
10  67.0  386.7094742458857
15  76.666666666666671  421.9773982077354
20  69.333333333333329  692.69102350649348
25  81.0  493.98804704317655
30  91.0  405.08740767489564
35  96.0  299.39666824081189
40  96.0  302.38511824940605
45  90.666666666666671  440.55826634322511
50  90.666666666666671  411.32685967507001
10  62.666666666666664  465.5695777521795
15  85.666666666666671  338.72384754759042
20  80.333333333333329  459.50693740583
25  95.666666666666671  283.38510041280165
30  94.666666666666671  301.42663980660006
35  92.0  375.21301888575368
40  94.666666666666671  317.62388002583037
45  94.0  338.60119126367982
50  98.666666666666671  190.64231953322636
10  63.333333333333336  423.73606956411334
15  69.333333333333329  499.33412861227401
20  79.666666666666671  448.99306505472344
25  84.666666666666671  483.1681513229592
30  94.0  335.49652946233726
35  93.666666666666671  342.34931636532502
40  93.0  387.05355932209869
45  91.333333333333329  385.61759343549977
50  94.0  315.02305682513673
10  56.666666666666664  467.78342359736882
15  70.0  516.78933310753632
20  89.666666666666671  380.74825827350918
25  82.666666666666671  532.8383185802478
30  92.666666666666671  373.34624718562878
35  89.666666666666671  436.56522923537665
40  90.0  431.15216650147215
45  85.666666666666671  543.68776721888241
50  95.666666666666671  273.56037888228752
10  54.666666666666664  493.03818018786598
15  81.666666666666671  395.08065418882524
20  82.333333333333329  522.41962711011126
25  85.666666666666671  360.19869816966428
30  92.0  365.04756849799855
35  96.333333333333329  291.80946091521912
40  91.0  402.01912093065897
45  96.666666666666671  264.23079960268518
50  97.0  239.72980168022448
10  76.666666666666671  378.00229446232942
15  62.333333333333336  520.5843078183575
20  82.666666666666671  442.14958323636927
25  91.333333333333329  333.93769526981913
30  87.333333333333329  347.92285784589643
35  98.0  211.59744453237229
40  99.666666666666671  181.32652383454547
45  92.666666666666671  337.14654488190592
50  100.0  206.8348339642944
10  55.666666666666664  486.03801296926764
15  77.333333333333329  396.84516581023684
20  68.333333333333329  440.03257942867185
25  86.0  462.62151576213466
30  90.333333333333329  425.60220942624341
35  92.0  325.16761350095373
40  95.666666666666671  271.45848005251247
45  96.0  283.27736860886318
50  95.666666666666671  299.45686959071003
10  71.333333333333329  329.27252360752544
15  76.0  476.55517232864401
20  91.0  364.32386098947211
25  86.666666666666671  449.23071534391704
30  90.666666666666671  384.72372556318368
35  89.666666666666671  412.00226812746695
40  93.333333333333329  347.67336434317286
45  90.333333333333329  403.72061713662674
50  95.333333333333329  294.35527763884505
10  59.333333333333336  468.2402828979362
15  73.666666666666671  527.07455227296327
20  80.0  497.94870305364162
25  79.666666666666671  520.65625912122823
30  94.0  339.88948919758468
35  95.333333333333329  277.27958452366613
40  93.0  337.51188602384065
45  92.333333333333329  355.26425466480862
50  97.0  284.46707786440936
10  67.0  403.10130428037917
15  68.333333333333329  533.42607558867394
20  91.333333333333329  315.67245646787535
25  82.0  462.07915528876515
30  70.0  792.46983985963266
35  93.0  345.56681117808449
40  94.666666666666671  314.89850405591824
45  92.333333333333329  402.80047384691812
50  98.333333333333329  220.28107181367352
10  81.0  340.04780753999665
15  82.666666666666671  365.41058625037658
20  84.666666666666671  458.91412668425824
25  87.666666666666671  420.76666002793246
30  92.333333333333329  350.74059050391469
35  87.666666666666671  473.65694471483488
40  95.666666666666671  314.58245423857841
45  91.666666666666671  374.1748234252106
50  92.333333333333329  364.10096363643754
10  59.666666666666664  384.41566229233649
15  65.0  567.56998314694397
20  86.333333333333329  361.49631839942833
25  81.666666666666671  509.85267248597637
30  84.0  532.73806036423503
35  92.666666666666671  337.09121952597098
40  93.0  369.00116581246084
45  88.333333333333329  464.08982118712532
50  95.0  323.658150562088
10  74.333333333333329  412.49608636285564
15  59.333333333333336  536.93989674642353
20  73.0  514.51119415544042
25  94.0  318.6378485202942
30  92.0  385.12360396419831
35  86.666666666666671  472.94034649986139
40  90.666666666666671  438.79090473735653
45  97.0  284.81726877247081
50  98.0  219.90391130266872
10  70.0  416.01242988047017
15  66.0  438.88870097937291
20  78.666666666666671  492.05029904043187
25  85.666666666666671  476.79114428747204
30  93.666666666666671  344.76137879964159
35  94.0  329.13327959586047
40  86.0  536.9379523734417
45  94.666666666666671  296.90670152708998
50  96.333333333333329  303.96609467857184
10  64.0  455.58356033254853
15  80.666666666666671  422.96455709846617
20  75.666666666666671  556.41098714794964
25  81.666666666666671  515.31512179132812
30  88.0  438.65049538396016
35  90.0  439.77692172036222
40  88.0  515.2284728222279
45  91.0  381.51634169582314
50  97.333333333333329  255.47972085219067
10  76.333333333333329  354.64509760187548
15  62.666666666666664  545.24040474885692
20  83.0  439.00871648126105
25  82.0  504.75362263148565
30  96.333333333333329  275.39560654050854
35  93.0  357.74774862645728
40  90.333333333333329  448.54012382210226
45  89.333333333333329  462.58545668793067
50  95.333333333333329  306.83438656115453
10  65.666666666666671  393.32204945496244
15  74.666666666666671  408.64727095570584
20  68.333333333333329  728.35123788581302
25  90.333333333333329  322.41453818015225
30  87.666666666666671  489.08566516861009
35  89.333333333333329  428.41404040956127
40  96.666666666666671  250.80760024227123
45  92.666666666666671  346.4216460418981
50  96.666666666666671  279.97011177511536
10  80.666666666666671  356.78105703304368
15  69.0  446.74350256019363
20  80.0  474.84804295615254
25  87.0  405.45955337501556
30  94.666666666666671  278.41509723916823
35  91.666666666666671  402.73474721987822
40  98.0  236.44799940952694
45  90.333333333333329  383.14932041381263
50  91.0  409.97894615251516
10  62.0  481.7038985548935
15  79.666666666666671  330.44462481031741
20  82.333333333333329  446.0478388988389
25  89.666666666666671  369.33583182247492
30  88.666666666666671  420.62576724923156
35  88.666666666666671  454.30582483607202
40  94.0  346.68850410795335
45  90.666666666666671  433.28755004262587
50  96.333333333333329  294.52011160577536
10  75.0  358.24639699551062
15  92.666666666666671  287.46744268322522
20  85.0  429.4009615338195
25  89.0  388.91924631770405
30  90.333333333333329  382.57571029649927
35  94.666666666666671  290.48819092728104
40  90.0  391.1551865559411
45  92.333333333333329  385.91709093265899
50  97.666666666666671  254.2181239845165
10  70.0  430.02367470811521
15  78.333333333333329  424.85763746283419
20  91.666666666666671  264.89161460038321
25  94.333333333333329  251.76693913320301
30  87.0  399.17629463848243
35  81.0  583.72212251637677
40  88.666666666666671  463.19680356592926
45  94.666666666666671  322.47373973670886
50  94.333333333333329  335.09317421046467
10  56.666666666666664  523.98034412565994
15  65.666666666666671  608.14489083443277
20  78.666666666666671  538.02029666666056
25  83.333333333333329  436.88703345478689
30  90.333333333333329  399.30636261530691
35  94.666666666666671  317.42606248712661
40  97.0  263.60593206149059
45  92.666666666666671  356.45148306686025
50  89.333333333333329  459.46770961802025
10  38.333333333333336  579.27936696729819
15  72.333333333333329  414.65140947501823
20  81.0  470.11950843484414
25  93.666666666666671  311.56249617110325
30  83.333333333333329  524.29613977483746
35  90.0  416.18626718106702
40  94.0  321.65825246411504
45  93.666666666666671  324.84099041262931
50  96.0  292.92400974612309
10  65.0  447.69681737508392
15  71.333333333333329  331.60044725941873
20  83.666666666666671  417.15263374449893
25  89.0  362.41666851070732
30  93.333333333333329  382.05605377066695
35  93.0  340.10307049168182
40  90.333333333333329  402.54725200121641
45  97.0  250.72267369786084
50  93.0  335.91887095217493
