10  85.666666666666671  292.41881952793517
15  72.666666666666671  513.97789541362806
20  76.666666666666671  544.1203599993928
25  83.333333333333329  502.54659498748413
30  91.0  368.73244331392669
35  95.0  287.76880561977401
40  87.666666666666671  487.1521708781188
45  92.333333333333329  406.47322802059267
50  98.0  227.19951864987317
10  60.666666666666664  459.18558607267545
15  79.333333333333329  418.45156035559847
20  89.0  331.81670679660635
25  96.0  258.59281292635404
30  70.666666666666671  788.13666178856215
35  94.0  336.04941766104798
40  95.333333333333329  274.30175089594576
45  94.666666666666671  328.37750414100293
50  96.666666666666671  259.50939490014377
10  25.666666666666668  720.63369428738486
15  67.0  546.54844168271813
20  88.0  360.33912303888417
25  83.0  475.55659269395272
30  81.666666666666671  517.14160011214653
35  87.333333333333329  515.46736045793762
40  89.0  483.14038321770272
45  91.333333333333329  363.2274874313639
50  99.0  205.82911714773371
10  68.333333333333329  391.0369170191417
15  79.0  416.88345947376826
20  79.333333333333329  516.98766276558365
25  85.666666666666671  354.65427319904666
30  83.666666666666671  545.19913334541923
35  91.0  416.90015645530099
40  91.666666666666671  408.2866538334269
45  89.333333333333329  441.68215136109529
50  90.666666666666671  385.27366617409768
10  56.0  418.21128294089959
15  69.0  444.53508969516275
20  84.333333333333329  406.78880851957121
25  86.666666666666671  445.77856519070815
30  90.0  399.40351955985653
35  90.0  408.74597652309308
40  94.666666666666671  318.67447109911501
45  90.333333333333329  436.46070402562049
50  91.333333333333329  378.08658113408023
10  61.666666666666664  458.53341285630421
15  74.666666666666671  465.6129599544721
20  96.0  256.03671200457325
25  96.333333333333329  261.2294125740728
30  89.0  430.77978949145108
35  89.333333333333329  442.55879673638702
40  96.333333333333329  291.54156649700036
45  97.333333333333329  236.41854328294647
50  97.0  254.73563679998023
10  72.333333333333329  374.54093917609464
15  79.0  409.39242790806833
20  87.666666666666671  397.55160520780441
25  89.333333333333329  357.50672346856709
30  93.666666666666671  327.13908877800969
35  92.0  392.00609938263807
40  94.666666666666671  329.22944147988534
45  98.666666666666671  217.23755152308951
50  97.333333333333329  250.66105956813254
10  65.666666666666671  419.29444470763434
15  82.333333333333329  366.8007513842058
20  79.0  512.15297553026505
25  87.0  448.10132604103137
30  88.333333333333329  424.27476044171601
35  87.0  529.78618565294835
40  94.333333333333329  328.25222660620238
45  90.333333333333329  441.4485091283176
50  92.666666666666671  377.19784294723098
10  52.666666666666664  459.33609699049248
15  71.0  500.02701584048094
20  88.333333333333329  337.90117592196867
25  93.333333333333329  308.39663797898578
30  90.333333333333329  382.94743341525526
35  96.333333333333329  296.05812041960934
40  93.0  363.56582215915398
45  94.666666666666671  283.41186492531858
50  96.333333333333329  264.02478830153342
10  75.0  315.11931741780296
15  69.0  487.82157108704058
20  81.0  485.88521951168769
25  86.0  451.78648227608073
30  92.333333333333329  307.86806226795488
35  90.666666666666671  399.92625378597012
40  89.333333333333329  432.71177048071479
45  93.666666666666671  344.5480712997508
50  92.333333333333329  353.12206753135922
10  65.666666666666671  425.88990022645527
15  80.666666666666671  398.56142310937264
20  78.0  489.10519277338284
25  84.333333333333329  493.82114405354827
30  82.0  567.99328972176158
35  90.333333333333329  436.42537974018768
40  89.666666666666671  448.7919806098709
45  96.333333333333329  304.13142433364942
50  98.666666666666671  213.8385122323659
10  83.666666666666671  307.65954953587624
15  80.0  440.68659345679458
20  77.333333333333329  493.31352339358381
25  74.333333333333329  651.46517991493215
30  88.0  443.49273173313281
35  93.666666666666671  351.19969462278681
40  98.0  232.52386812722648
45  96.333333333333329  289.14824034117015
50  94.0  344.27162407905178
10  74.0  353.56686481351619
15  92.333333333333329  287.61350544961306
20  84.333333333333329  386.81308099502201
25  85.666666666666671  507.54494022567127
30  87.0  423.28445504039655
35  93.333333333333329  308.76599377851426
40  94.333333333333329  305.36951475344569
45  98.666666666666671  224.44600756458706
50  93.666666666666671  318.75746226542554
10  73.333333333333329  421.5262839413341
15  66.333333333333329  548.57449601906364
20  81.0  462.08906909995244
25  90.333333333333329  356.66042762178535
30  86.333333333333329  449.91059330150955
35  87.666666666666671  442.83881849374973
40  95.666666666666671  287.20409761708117
45  96.0  271.54937495343825
50  93.333333333333329  336.6074504823232
10  67.666666666666671  420.7732884651785
15  74.666666666666671  452.55311132737688
20  91.333333333333329  288.55655112196973
25  88.333333333333329  448.47944201488707
30  88.0  418.22022200963562
35  89.0  461.3779479456166
40  91.0  383.92746144762907
45  87.666666666666671  494.37638195406419
50  94.666666666666671  299.71884887587311
10  74.333333333333329  414.97414953560116
15  72.666666666666671  515.09958411824834
20  79.333333333333329  432.52195511249187
25  88.0  388.53630183654906
30  87.0  448.80859530187848
35  87.333333333333329  496.61460958761694
40  97.333333333333329  276.29308983847045
45  96.333333333333329  287.66315130202133
50  93.0  321.20110253239631
10  75.666666666666671  372.93500094065428
15  76.333333333333329  444.63516756243547
20  78.333333333333329  462.8787910268087
25  99.333333333333329  200.56726271956288
30  85.333333333333329  482.27005026393795
35  91.666666666666671  386.73826402428193
40  90.666666666666671  386.31176179362029
45  88.666666666666671  462.38142166028985
50  95.333333333333329  284.30287342323703
10  64.0  436.1898537043146
15  77.0  409.31932055306379
20  68.333333333333329  447.00531018477818
25  84.333333333333329  454.10098953847563
30  89.666666666666671  398.72194629477718
35  93.333333333333329  339.44863725827656
40  86.666666666666671  489.51593240607144
45  95.333333333333329  290.01164428766469
50  97.666666666666671  266.29262648824096
10  68.333333333333329  378.81012591571084
15  72.0  505.11236972459864
20  77.0  540.16041891553073
25  89.666666666666671  355.93133021333284
30  89.0  404.71388126580143
35  99.333333333333329  189.67504818169243
40  97.0  264.49441703108994
45  97.333333333333329  261.40614508082791
50  96.0  248.12814515688504
10  60.0  434.91835443188864
15  87.666666666666671  300.33459424656581
20  74.666666666666671  564.05082557594505
25  82.0  479.27543381876211
30  91.333333333333329  313.72921729664
35  89.666666666666671  446.39548115504942
40  97.0  263.74883104341848
45  88.666666666666671  462.22009802171493
50  96.0  287.02067941649676
10  75.666666666666671  317.14688734556586
15  65.0  565.05792901737493
20  81.666666666666671  485.73965051000584
25  87.333333333333329  470.51245401876213
30  88.333333333333329  358.17820322364287
35  91.333333333333329  421.57783458910467
40  94.0  306.34448804527068
45  94.666666666666671  347.64860216624999
50  91.666666666666671  390.13072783977543
10  79.0  348.61207307209401
15  85.333333333333329  358.79015574635866
20  89.0  336.96775180910026
25  81.0  554.23283821815949
30  84.666666666666671  519.36894525473087
35  88.333333333333329  441.18004581448616
40  91.0  403.70422028334281
45  91.666666666666671  377.17342183979753
50  97.0  265.5266656873585
10  66.666666666666671  424.02263515834869
15  82.333333333333329  367.87923260816416
20  67.333333333333329  675.71158921311678
25  86.0  431.55496312506619
30  87.0  447.78143950081864
35  87.333333333333329  460.72935657754294
40  89.0  427.71397323067856
45  92.0  366.16460345013098
50  88.666666666666671  453.75576956323221
10  79.666666666666671  317.6259182326861
15  78.666666666666671  432.82295190492692
20  71.0  645.9423004450673
25  88.666666666666671  437.71399907142398
30  90.666666666666671  427.37432216090247
35  93.333333333333329  351.61299333876934
40  89.0  428.10673031895249
45  94.666666666666671  325.13751281956036
50  90.333333333333329  403.90307378689135
10  58.333333333333336  443.79426461007569
15  70.0  502.75507799953954
20  81.0  510.98909963845858
25  85.333333333333329  366.70319769409747
30  87.333333333333329  462.33977160740261
35  93.333333333333329  364.91733003111779
40  89.0  448.88630647664615
45  92.0  362.6252421776137
50  97.0  281.82131394749121
10  74.0  441.43900022810982
15  81.0  344.94847126866614
20  71.333333333333329  554.19866392081065
25  85.333333333333329  444.49469383154883
30  82.666666666666671  602.98548125449531
35  93.333333333333329  337.10838277680512
40  92.0  352.83334906439131
45  97.0  267.68040239451329
50  98.333333333333329  240.01659543940764
10  88.666666666666671  269.39471864969602
15  81.333333333333329  388.89629338610268
20  76.333333333333329  477.53067830796925
25  80.333333333333329  528.82520952044433
30  91.333333333333329  377.80582405261799
35  94.333333333333329  296.6428121579487
40  88.333333333333329  469.85236463055651
45  93.666666666666671  304.76903261958648
50  96.0  269.49287805629626
10  83.0  326.06947937631651
15  83.333333333333329  339.94938008221919
20  88.333333333333329  346.80087810035127
25  85.333333333333329  501.73850366488062
30  94.0  294.9790325187368
35  92.0  385.6226707398003
40  95.0  318.78300720422737
45  91.666666666666671  372.27942760841518
50  99.333333333333329  232.13538438337176
10  75.0  336.50656980994688
15  85.0  320.8846454731958
20  74.333333333333329  507.46447261913568
25  79.666666666666671  519.59407578292542
30  93.0  357.47435668839609
35  91.0  378.95301883080828
40  93.333333333333329  365.94760976843679
45  93.333333333333329  329.36819609506392
50  95.666666666666671  275.90507809117804
10  60.333333333333336  540.04837326513564
15  75.333333333333329  440.70446444177873
20  86.333333333333329  315.55128462840594
25  94.666666666666671  303.03308178200058
30  81.333333333333329  553.51173505757026
35  87.333333333333329  448.43700825091435
40  90.333333333333329  441.88131596870051
45  97.666666666666671  269.25207483144214
50  90.666666666666671  422.97875938895049
10  76.666666666666671  332.83656482644909
15  80.333333333333329  418.54071726668144
20  81.0  445.06197753123348
25  93.0  330.97893356563958
30  90.333333333333329  423.32099374198651
35  92.666666666666671  345.04634451773853
40  97.333333333333329  253.39645869793347
45  93.0  349.57807480343297
50  97.333333333333329  254.16833790560077
10  58.666666666666664  488.13320675618257
15  83.0  368.97840361428393
20  78.333333333333329  493.34069996836752
25  79.666666666666671  608.98800475225391
30  94.666666666666671  334.77366977758982
35  93.0  372.31734072800248
40  96.333333333333329  274.63262315987475
45  86.0  528.23610082729738
50  92.333333333333329  376.12399733951906
10  67.666666666666671  460.60607297943307
15  75.666666666666671  417.94163943225067
20  91.666666666666671  321.04261221617315
25  88.666666666666671  435.36159653632808
30  91.333333333333329  392.19951747687065
35  88.666666666666671  423.6271006997008
40  95.666666666666671  270.29443389638516
45  88.0  478.67268278220786
50  89.0  469.25079986038679
10  71.0  453.45947627654181
15  85.333333333333329  337.59045118828243
20  91.666666666666671  361.47242917303925
25  79.0  558.70521319259296
30  93.333333333333329  323.8047707726605
35  92.0  404.34138961598183
40  86.0  531.85858501099005
45  94.0  323.46259505908989
50  94.333333333333329  321.32043536799006
10  55.0  502.2650821304203
15  68.333333333333329  491.88724496443172
20  86.333333333333329  423.22221190247097
25  87.0  368.71459392209533
30  96.0  272.02026516340828
35  87.333333333333329  496.51069681289931
40  96.0  294.73371540515291
45  96.333333333333329  293.47440318579794
50  94.333333333333329  312.24868982627049
10  51.666666666666664  559.21541237399538
15  74.666666666666671  390.47568879381191
20  85.666666666666671  364.23423699798184
25  89.666666666666671  406.76888936127955
30  93.0  322.67877417647435
35  94.333333333333329  336.07597908626389
40  95.333333333333329  283.6748395409968
45  98.333333333333329  239.32288712749147
50  93.333333333333329  342.61565092435109
10  91.333333333333329  267.29351625507621
15  77.0  447.96262642554433
20  78.666666666666671  555.71570376785519
25  90.333333333333329  386.49533444633715
30  83.666666666666671  532.90702377298192
35  93.333333333333329  353.83675234974953
40  91.333333333333329  381.38211792138594
45  94.333333333333329  340.90953651641325
50  97.0  276.66626725388068
10  71.666666666666671  375.92942470485644
15  78.666666666666671  445.80019245482464
20  91.0  357.63888014245617
25  91.333333333333329  306.3676411990275
30  91.333333333333329  357.34982272797936
35  89.0  401.38834200006249
40  94.666666666666671  310.68713403943508
45  95.333333333333329  267.62382700051955
50  95.666666666666671  324.64002421987044
10  69.333333333333329  383.9927845676367
15  55.666666666666664  430.42432465543476
20  90.333333333333329  330.71140891458049
25  81.333333333333329  509.04328648665228
30  85.666666666666671  485.30946221945362
35  91.333333333333329  402.70928949615364
40  97.333333333333329  266.8045478073542
45  92.0  374.5447798844848
50  94.666666666666671  331.03938391389994
10  79.666666666666671  314.14256420291616
15  73.333333333333329  548.96856641219324
20  88.0  312.10259503833959
25  91.333333333333329  373.7762836863842
30  86.666666666666671  505.39674726397834
35  93.333333333333329  367.76169399918632
40  91.0  422.34045028252672
45  93.666666666666671  310.54026156294077
50  85.0  579.32899227317068
10  66.333333333333329  328.38122394887779
15  76.333333333333329  416.53697495548676
20  76.0  512.01700176623592
25  88.333333333333329  389.44488028688932
30  87.333333333333329  426.48209965543202
35  94.0  329.89084089826389
40  95.0  317.0171617237026
45  97.0  252.57537152255298
50  94.0  341.89863916940385
10  59.0  541.43116654553774
15  83.333333333333329  399.71986154540235
20  92.333333333333329  282.16358459801637
25  88.0  375.70608888798563
30  76.333333333333329  748.53629194505913
35  95.0  332.8245181916958
40  96.0  290.74554003195499
45  97.333333333333329  238.19055259917235
50  97.666666666666671  254.97687667438942
10  86.333333333333329  297.79772887538439
15  69.666666666666671  537.39897898769868
20  79.666666666666671  374.9310980698927
25  86.0  418.21488211023575
30  78.666666666666671  610.83589818987025
35  87.0  495.4952771661064
40  87.666666666666671  500.12839440668625
45  97.666666666666671  253.89995221175872
50  96.333333333333329  294.7943629066159
10  59.333333333333336  470.20034419855324
15  81.0  403.74578767929512
20  80.333333333333329  418.20672312816663
25  75.0  644.61584911855971
30  88.333333333333329  421.21459980283464
35  89.333333333333329  444.96618268746926
40  92.0  351.86583912231936
45  94.0  343.28364961989985
50  97.666666666666671  247.30668757939443
10  79.0  353.26475876950735
15  88.0  372.69136551592868
20  80.333333333333329  479.68719159889514
25  88.0  397.32967517549991
30  87.333333333333329  443.95902319345339
35  89.333333333333329  393.91406950649161
40  96.333333333333329  266.27584858162726
45  93.333333333333329  340.33817684219241
50  98.0  221.2867014685873
10  51.0  470.73512975169643
15  72.0  515.28260486059867
20  76.0  479.29095882877988
25  89.666666666666671  302.37598286464851
30  95.333333333333329  299.03064448464215
35  92.333333333333329  368.12765412570684
40  89.333333333333329  444.55172086566745
45  93.0  356.38481608394483
50  95.0  286.67806347532593
10  87.666666666666671  303.0591910692076
15  46.0  583.81741192903303
20  85.333333333333329  396.64273986734958
25  86.333333333333329  393.58146054337931
30  87.333333333333329  493.11995630968386
35  97.333333333333329  286.87206233830864
40  95.333333333333329  281.95204111182534
45  92.666666666666671  358.95916508250252
50  95.0  278.48756518073816
10  65.666666666666671  331.85354862895849
15  79.333333333333329  390.48836411648955
20  63.0  675.57566413463871
25  86.666666666666671  499.40419855329412
30  90.0  397.92501735543931
35  94.0  345.71066486274452
40  87.333333333333329  496.26627755730658
45  99.0  222.95177415497963
50  97.333333333333329  245.40633967296131
10  66.333333333333329  394.6071357329821
15  82.0  307.01276755567693
20  96.333333333333329  265.47890498334971
25  87.333333333333329  382.32088668835911
30  94.0  349.93314309598952
35  90.333333333333329  411.28291015581289
40  86.0  535.20542167410792
45  99.0  208.05808576551382
50  99.333333333333329  199.61259640836684
10  49.333333333333336  442.38225123746258
15  64.0  533.05965140385103
20  76.333333333333329  557.46065253399001
25  92.333333333333329  348.00419925959505
30  91.333333333333329  369.31743749998492
35  92.0  338.10036898418031
40  92.0  366.59161502409137
45  93.666666666666671  349.03622118574583
50  97.666666666666671  219.3371978563118
10  71.333333333333329  376.08825417959463
15  66.333333333333329  548.89719119980009
20  75.0  522.36661262872735
25  81.0  510.45612419947565
30  97.333333333333329  245.09940429097935
35  87.333333333333329  466.06152059687963
40  90.333333333333329  415.48285064295692
45  96.666666666666671  274.73363731599653
50  96.0  307.05087773201848
10  42.0  481.25485921349673
15  76.333333333333329  429.42407753369838
20  92.666666666666671  318.17462610215978
25  86.333333333333329  469.56005831742772
30  86.0  449.70314621176567
35  86.666666666666671  515.07469974695039
40  92.666666666666671  386.67068381834719
45  94.666666666666671  319.39315174909802
50  91.666666666666671  416.80840090974823
10  61.333333333333336  414.03110551592351
15  80.333333333333329  387.4858087908093
20  91.0  362.01613168743847
25  90.0  352.80294315968058
30  88.666666666666671  387.76217369911035
35  86.0  428.19211278316658
40  97.0  235.99244971902851
45  94.333333333333329  311.5276916767528
50  97.333333333333329  265.83624983698479
10  84.666666666666671  318.45599027425186
15  54.333333333333336  503.75689532679627
20  79.0  440.21515370174552
25  91.666666666666671  342.36773901194965
30  92.0  335.28131097021702
35  83.666666666666671  596.69064269177034
40  92.333333333333329  378.6012856242549
45  98.333333333333329  244.12280463239225
50  95.0  292.64256973477086
10  83.0  323.27543254236747
15  72.333333333333329  487.27227186771387
20  72.0  574.73142007933814
25  92.666666666666671  308.8527726476064
30  81.0  611.0015759093302
35  80.333333333333329  635.9838450179758
40  87.0  522.16151779282234
45  94.333333333333329  337.36576504807118
50  95.666666666666671  275.51945547502413
10  73.0  339.95587738438002
15  86.0  364.18083397722575
20  86.333333333333329  422.40790768352775
25  96.0  270.8293151291445
30  93.333333333333329  379.98516267952778
35  92.666666666666671  341.31506723727659
40  94.666666666666671  295.47554756727078
45  93.666666666666671  345.56695973899883
50  96.0  302.76274680168422
10  69.0  370.66376727942389
15  81.333333333333329  410.27010250129547
20  93.666666666666671  308.64381822642986
25  97.0  251.33580495542023
30  81.666666666666671  529.64711387124873
35  87.333333333333329  487.67739124157958
40  92.333333333333329  353.42293434982611
45  93.666666666666671  347.69511440052628
50  95.0  295.61730122001154
10  68.666666666666671  301.26540622034861
15  66.0  551.55921126070621
20  83.0  450.32677104781533
25  87.0  376.07784766257873
30  85.666666666666671  413.66764768976543
35  87.0  437.76448689911916
40  97.0  285.70905421814854
45  97.333333333333329  283.79576998652834
50  97.666666666666671  247.42929617825624
10  61.0  462.32066986180206
15  80.666666666666671  441.18155659034085
20  89.333333333333329  364.24716429368209
25  85.0  436.85580470838858
30  96.333333333333329  287.44431359983776
35  94.0  304.40592036582342
40  95.333333333333329  315.18297990375686
45  92.333333333333329  346.25044631523099
50  94.666666666666671  359.5565677110261
10  78.333333333333329  360.00554495132457
15  77.666666666666671  396.91038984307858
20  73.666666666666671  433.91698790136456
25  87.333333333333329  351.74801974307928
30  93.0  323.99428319069835
35  88.0  503.10750578502194
40  96.333333333333329  280.03082693653846
45  86.666666666666671  521.30089928030941
50  85.666666666666671  549.68585081511958
10  63.666666666666664  481.54452815745282
15  73.333333333333329  323.77336173179981
20  96.666666666666671  250.24435489983281
25  93.333333333333329  322.23968305578728
30  84.666666666666671  494.41505235120758
35  88.666666666666671  467.68962645555791
40  92.0  392.95013747827369
45  97.0  270.79972257925607
50  90.0  439.28667242002865
10  60.0  452.83565318815471
15  82.333333333333329  312.0281588618322
20  81.333333333333329  489.75549469464181
25  83.333333333333329  491.32315631324292
30  83.333333333333329  583.69341186439624
35  93.0  318.98468842054245
40  92.333333333333329  404.96798437159009
45  98.0  221.83074165422727
50  96.666666666666671  267.21550307724817
10  63.666666666666664  473.64801193654228
15  82.333333333333329  344.84382939570253
20  91.0  349.55700972200077
25  87.333333333333329  438.50437851897954
30  88.666666666666671  401.58940271936524
35  94.666666666666671  304.04745355639432
40  95.0  327.97083986369768
45  89.333333333333329  410.01364337815221
50  97.0  266.41446253709938
10  84.0  283.35165762837767
15  72.0  406.09625338895847
20  88.333333333333329  360.85367489435026
25  89.666666666666671  386.02775519243897
30  93.333333333333329  312.06821553805452
35  86.333333333333329  498.93147043841685
40  92.0  392.98020373134398
45  89.666666666666671  456.79747164543176
50  97.666666666666671  250.17625601644272
10  72.333333333333329  372.6203991539536
15  92.333333333333329  237.67420432136242
20  79.0  442.99517259130403
25  95.333333333333329  268.25680882793347
30  86.666666666666671  499.81336964080629
35  89.666666666666671  435.04652326294445
40  85.666666666666671  569.26146716212213
45  90.333333333333329  421.43349844617217
50  98.0  223.91636649772957
10  82.0  356.09323756365131
15  86.0  381.12138537651111
20  81.666666666666671  497.30980060258975
25  80.666666666666671  577.46216207711541
30  92.0  390.79318225080624
35  95.0  289.2818431807338
40  95.0  304.11977711459144
45  92.0  361.1883148092648
50  97.0  248.7555893648501
10  53.0  473.08216499441284
15  74.0  429.56399377432155
20  75.333333333333329  478.24566969933727
25  71.666666666666671  560.84416170844838
30  89.333333333333329  417.51575513104399
35  96.666666666666671  283.87762189524256
40  83.0  615.65278529020145
45  89.0  388.84788082016206
50  94.666666666666671  311.1990380107606
10  70.0  433.34011215858084
15  76.0  451.45593498206995
20  85.0  406.55070084938325
25  90.0  381.53207217860455
30  89.333333333333329  436.03988194593927
35  97.0  236.07473297095677
40  96.0  267.70980359641277
45  95.666666666666671  291.4993186943309
50  96.666666666666671  270.17117775588542
10  46.0  497.09260329932107
15  84.0  356.82327456129241
20  76.666666666666671  616.33288081972762
25  82.666666666666671  439.11111407369049
30  90.333333333333329  407.03987001187704
35  86.333333333333329  449.30497373120517
40  90.666666666666671  392.34790608545205
45  94.0  334.70827860565811
50  97.0  257.81293225516299
10  57.666666666666664  469.21594869667024
15  70.0  564.44230173689368
20  82.666666666666671  444.71553940244695
25  83.333333333333329  435.75973922456973
30  92.0  352.22602265290686
35  91.666666666666671  369.82859955274233
40  94.0  335.44462213508564
45  92.0  362.89778773039683
50  98.0  239.93204212534582
10  49.333333333333336  506.3535450512897
15  78.0  380.30528794057011
20  87.333333333333329  355.63648288550473
25  82.0  545.64008916956459
30  93.666666666666671  341.91674889106736
35  84.333333333333329  558.16275860828137
40  85.333333333333329  542.93624858187729
45  92.666666666666671  357.63135059704967
50  97.0  274.5371138712751
10  71.0  347.61505922053004
15  65.666666666666671  532.70817111794713
20  86.666666666666671  388.50110424155906
25  83.666666666666671  475.22749311930687
30  84.0  433.92779240367338
35  94.0  343.70405289874185
40  96.666666666666671  282.85172068117828
45  93.333333333333329  369.49316296945017
50  98.0  210.82613632389334
10  79.333333333333329  349.1913055774296
15  79.0  438.56008010244352
20  86.333333333333329  366.15209601779446
25  65.0  596.40680532264639
30  83.333333333333329  512.56328601716189
35  93.666666666666671  355.0020820412152
40  89.333333333333329  466.7210738665334
45  90.333333333333329  406.96256350708768
50  98.0  248.80363211116403
10  54.0  505.85093226472833
15  75.333333333333329  375.55816482451263
20  81.0  490.43104763633528
25  85.666666666666671  415.40089607156301
30  88.666666666666671  431.44062590686821
35  89.666666666666671  439.42015444805605
40  89.666666666666671  421.22472006057643
45  96.333333333333329  287.24786185541927
50  97.666666666666671  258.02348041740561
10  77.333333333333329  328.46953466558415
15  88.0  319.58741153508839
20  82.0  435.77464554500011
25  77.0  603.79353654941042
30  92.0  374.3814975898045
35  93.666666666666671  320.47960625976788
40  92.0  402.39811301883907
45  95.666666666666671  304.3104221293421
50  92.0  355.28608587251216
10  74.666666666666671  329.67601177464343
15  73.333333333333329  425.97609490606828
20  82.333333333333329  472.32557922789056
25  90.666666666666671  336.51995262089798
30  86.666666666666671  437.08628460848303
35  92.333333333333329  351.46338462685247
40  90.0  444.20814191309699
45  89.666666666666671  389.84798921652327
50  98.0  216.90945123917868
10  84.0  314.8402021804568
15  69.666666666666671  560.03637841278919
20  89.666666666666671  331.87356016738249
25  89.0  424.34122314624
30  94.333333333333329  326.81100356848475
35  86.333333333333329  490.5881723963526
40  93.0  348.32065050957237
45  94.0  328.81308352459598
50  89.666666666666671  420.45965734752633
10  42.666666666666664  575.36576068822137
15  82.0  365.97032139166572
20  78.666666666666671  505.47942816630285
25  90.0  351.31300196916561
30  89.333333333333329  422.78847194452692
35  95.333333333333329  281.82702197912141
40  94.0  316.70191306660706
45  92.666666666666671  342.07492370105422
50  95.0  329.35742730540966
10  69.333333333333329  383.08221563541611
15  81.333333333333329  391.44504102547239
20  85.666666666666671  424.2642534440547
25  87.0  437.383246708424
30  90.333333333333329  400.71926214129638
35  88.666666666666671  459.70154199088006
40  95.333333333333329  319.75780205450337
45  94.333333333333329  321.0739712250803
50  96.333333333333329  253.69549871852669
10  63.666666666666664  423.16863367370098
15  75.333333333333329  493.14526189130953
20  80.333333333333329  494.52098335122503
25  93.333333333333329  294.01756838576125
30  96.0  257.25887811299401
35  95.0  298.88895834292487
40  97.0  228.68058771897125
45  90.0  429.29790019599369
50  95.0  300.5831925304069
10  68.666666666666671  366.4120211124968
15  81.666666666666671  326.49179739250064
20  88.666666666666671  345.63548209234835
25  97.666666666666671  247.17613540742713
30  83.666666666666671  544.6967389777983
35  93.666666666666671  337.71128055323044
40  93.0  356.80750027499039
45  95.666666666666671  307.37706374632421
50  94.666666666666671  316.30619222574325
10  63.0  490.26059877723901
15  74.0  467.79646475993405
20  76.666666666666671  551.8765601486474
25  96.666666666666671  252.80168120501179
30  90.0  390.91159674369624
35  85.0  494.07389793824569
40  92.333333333333329  357.2124081881247
45  94.333333333333329  326.94219419097772
50  94.666666666666671  330.28993950867766
10  74.0  345.26854428402237
15  74.333333333333329  474.52242254875813
20  86.333333333333329  455.80716737833433
25  79.333333333333329  554.75754365213049
30  88.0  428.57737353709706
35  84.0  579.45404439602078
40  94.0  364.37896928523645
45  89.0  463.80993820868332
50  96.333333333333329  274.45401787364091
10  69.333333333333329  409.86227978401803
15  80.666666666666671  395.00458802144715
20  94.666666666666671  245.60267289319609
25  84.333333333333329  443.81140713647403
30  91.0  416.90970392455262
35  95.666666666666671  312.27781970950053
40  84.666666666666671  551.72068473529066
45  94.0  340.17998606518091
50  93.0  344.53022665996536
10  80.0  360.36560034965322
15  80.666666666666671  394.56937297403363
20  83.0  398.36197099130328
25  84.0  469.24525770503726
30  90.0  383.90022609100077
35  93.666666666666671  330.87438899537892
40  94.0  318.37804864348391
45  93.333333333333329  362.43179656671811
50  90.333333333333329  430.79625328104333
10  64.333333333333329  468.88188788019312
15  81.666666666666671  402.45448600056278
20  80.333333333333329  421.9280978753543
25  76.0  524.27713304215752
30  85.333333333333329  569.36367945956044
35  91.333333333333329  408.42605477301225
40  94.666666666666671  332.51444638315098
45  85.666666666666671  535.93316485257424
50  91.666666666666671  387.39986419795503
10  69.666666666666671  398.04161671898856
15  83.333333333333329  412.63769224910305
20  82.333333333333329  432.82184541013487
25  86.0  427.76998593486633
30  87.0  491.50748372672302
35  98.666666666666671  225.49479090711415
40  90.0  399.11380465827023
45  96.333333333333329  248.47880546684178
50  99.0  228.40365325408348
10  55.0  476.74685843764587
15  92.333333333333329  282.02431875657243
20  93.333333333333329  297.52038921820724
25  86.666666666666671  433.03988004578258
30  89.333333333333329  407.06089599795501
35  90.666666666666671  405.73439262485027
40  94.333333333333329  336.43100635986559
45  94.666666666666671  300.66637443804512
50  95.0  297.45487069788987
10  69.333333333333329  429.48779517864375
15  77.333333333333329  430.23180806377218
20  65.333333333333329  556.43097107708036
25  92.666666666666671  322.69237716777866
30  87.333333333333329  496.22046585527653
35  87.666666666666671  331.35013704398341
40  94.333333333333329  339.67909640362211
45  90.666666666666671  429.17148268804817
50  97.666666666666671  242.48974206583807
10  54.0  494.71769050195587
15  71.0  509.56038200605622
20  72.0  572.2716255737073
25  97.666666666666671  249.05718655818978
30  82.0  611.84320161592416
35  89.0  462.39543338919788
40  91.666666666666671  390.58568118264435
45  94.0  323.49080843598597
50  97.0  280.97722154661648
10  73.0  335.05585225777253
15  69.333333333333329  531.22314357416303
20  88.333333333333329  368.42529130826733
25  88.333333333333329  401.91392646706686
30  93.333333333333329  321.93328037789502
35  93.333333333333329  327.95487607405005
40  91.666666666666671  380.64194347679103
45  88.333333333333329  457.13316276640467
50  96.666666666666671  260.33515842902375
10  62.333333333333336  453.52926924299442
15  82.0  341.36182899861109
20  81.666666666666671  423.45081122765765
25  95.0  306.14203289343652
30  93.333333333333329  313.23965438973909
35  93.666666666666671  358.96854379827079
40  91.666666666666671  346.77222692236313
45  96.0  290.96809455552648
50  94.0  348.57243736479774
10  75.333333333333329  350.59678343651501
15  89.666666666666671  325.43317911264791
20  80.333333333333329  459.33730024787081
25  83.666666666666671  532.80026239422125
30  93.333333333333329  331.72035366888241
35  88.666666666666671  441.37850768116738
40  90.666666666666671  422.27953665658833
45  93.333333333333329  377.36614840118165
50  94.666666666666671  303.72397118378569
10  79.333333333333329  314.36625487697535
15  52.333333333333336  697.90710105900894
20  85.0  384.91451318255957
25  78.666666666666671  594.83216177880217
30  96.333333333333329  270.68422007755635
35  94.666666666666671  308.81232397891074
40  86.333333333333329  496.65795888096432
45  96.333333333333329  301.248637393423
50  99.333333333333329  198.35245009268743
10  87.0  269.04212509165524
15  62.666666666666664  522.11119313923575
20  84.666666666666671  395.02962520857665
25  88.333333333333329  404.56998338070593
30  92.666666666666671  326.29802526286841
35  90.666666666666671  431.16829799702157
40  89.0  454.5403980131793
45  95.666666666666671  307.24812878009124
50  97.0  253.15817469461092
10  65.0  464.37140275338641
15  80.0  396.21652542091169
20  87.333333333333329  364.80197467168801
25  82.666666666666671  475.36348965313664
30  89.333333333333329  432.60702122086559
35  92.333333333333329  389.17158764352553
40  99.333333333333329  205.72151634459621
45  85.333333333333329  528.33667192827602
50  94.666666666666671  315.67142543053353
10  76.666666666666671  366.93798859007291
15  78.666666666666671  376.34243296806778
20  88.333333333333329  353.33312179668241
25  93.0  345.34548747243235
30  92.666666666666671  353.04070466215018
35  83.666666666666671  592.81146350986853
40  92.0  386.37421608541848
45  94.0  323.65779484222901
50  95.666666666666671  306.86903596278921
10  54.333333333333336  439.3249679707431
15  62.666666666666664  556.78607481968265
20  85.0  402.38574983487592
25  85.0  443.63463719555443
30  90.0  401.66698857993026
35  86.333333333333329  495.89580583830946
40  93.333333333333329  366.3625954382959
45  93.333333333333329  345.48378216989516
50  92.333333333333329  380.96208280571682
10  71.0  357.90607263263109
15  85.333333333333329  358.12121764173946
20  91.333333333333329  334.45660997646576
25  77.0  621.92875796127635
30  89.666666666666671  394.99270886896846
35  92.666666666666671  360.48941875514294
40  93.333333333333329  356.4838207454726
45  94.666666666666671  346.77920102652206
50  97.0  234.66115366599706
10  63.0  467.25551187695407
15  79.0  408.1211815966447
20  72.333333333333329  448.21405572309101
25  86.666666666666671  390.42257130893472
30  92.0  377.57566881535888
35  92.333333333333329  356.6017047734033
40  94.666666666666671  325.79241283827218
45  97.0  268.07364101646135
50  91.333333333333329  396.39378332881194
