10  77.333333333333329  362.14106684022931
15  84.0  341.45236169876762
20  79.666666666666671  408.02501694406493
25  76.333333333333329  556.83972293439274
30  86.333333333333329  354.44590304440425
35  84.0  484.32332818091749
40  81.0  559.35807717104183
45  83.0  711.8453372964276
50  89.333333333333329  347.1583827986463
10  58.0  458.9685110879168
15  80.0  391.99189145322924
20  65.666666666666671  689.91255712187524
25  79.0  525.70039769814662
30  78.0  519.63892822976629
35  83.333333333333329  572.4041019471083
40  84.333333333333329  462.34520130071928
45  84.333333333333329  551.14275036994604
50  90.0  456.00496371376113
10  60.333333333333336  306.40490717015103
15  61.333333333333336  502.93175089023549
20  73.333333333333329  531.50955697338338
25  74.333333333333329  501.27809553615674
30  75.666666666666671  463.75883499287454
35  84.333333333333329  407.32508135570873
40  87.333333333333329  432.49859729071829
45  92.333333333333329  334.58925993648268
50  92.0  293.65498297590483
10  58.333333333333336  528.86543867673061
15  72.333333333333329  413.44550450308174
20  71.666666666666671  587.52690591630051
25  80.0  500.82041790166431
30  85.333333333333329  373.98441580471427
35  87.333333333333329  445.57112656966052
40  82.666666666666671  386.23993975387225
45  89.666666666666671  272.57170983016101
50  90.666666666666671  349.76369375269701
10  64.333333333333329  312.91831822172702
15  66.333333333333329  490.99003532326884
20  73.333333333333329  497.8736966767641
25  82.666666666666671  467.21006373217756
30  77.333333333333329  537.4855381711219
35  81.0  468.56665106323607
40  83.333333333333329  612.82106118623597
45  91.333333333333329  359.76786908973736
50  89.0  449.11016757285859
10  65.333333333333329  444.46337787857817
15  80.666666666666671  369.81587284578302
20  70.0  558.99753105194998
25  79.333333333333329  445.78842093356906
30  82.666666666666671  552.13053315802949
35  85.333333333333329  387.09448062691109
40  90.333333333333329  341.82861873836714
45  91.0  384.93507680447902
50  89.666666666666671  458.94093415721278
10  70.0  428.67627708930564
15  61.666666666666664  498.91545160707079
20  71.333333333333329  513.0538575712543
25  76.333333333333329  332.89059151438505
30  89.0  326.66033868349086
35  87.0  397.06210090139501
40  86.333333333333329  330.55545482250886
45  91.666666666666671  333.67100472995247
50  90.333333333333329  294.60783113074257
10  74.333333333333329  415.13669979515601
15  67.666666666666671  517.87834503507781
20  81.666666666666671  411.9076261720017
25  79.0  457.72296584361766
30  86.666666666666671  391.26617421673694
35  85.666666666666671  439.1257931367694
40  83.0  516.4427517260018
45  88.333333333333329  430.70103138843092
50  90.0  411.68874494923256
10  54.333333333333336  348.32099654233377
15  62.333333333333336  360.22101969422852
20  79.0  474.59295548359762
25  78.333333333333329  564.85543411032734
30  91.0  307.98871685096003
35  83.333333333333329  503.84607302223355
40  87.666666666666671  398.85126187502146
45  91.333333333333329  360.50112704241337
50  92.0  276.65976964610854
10  60.666666666666664  354.7719475769245
15  74.333333333333329  459.03515853564187
20  80.0  350.55479774229548
25  82.0  490.00931079342479
30  79.0  489.49988964328412
35  89.666666666666671  364.33429870132881
40  87.0  410.59831143726456
45  93.666666666666671  262.73545738822884
50  86.0  387.43540077337133
10  59.666666666666664  357.02821459707263
15  77.0  406.7829808551507
20  69.666666666666671  454.64304652589703
25  82.0  328.04885013426667
30  78.333333333333329  611.33724289041493
35  89.0  337.4467815866027
40  88.666666666666671  450.42115804055038
45  88.666666666666671  389.14293309451432
50  90.666666666666671  377.72827585564988
10  57.666666666666664  483.91326086789445
15  68.666666666666671  508.78650494843737
20  77.666666666666671  410.6078372873888
25  80.0  418.41314637757131
30  81.333333333333329  604.93114871406112
35  87.666666666666671  479.66745942460238
40  82.0  552.70612087631423
45  91.666666666666671  225.92434124958606
50  90.666666666666671  296.97616173739431
10  46.0  571.10296277791258
15  66.333333333333329  506.40751758115346
20  75.666666666666671  445.46289303117732
25  88.666666666666671  269.01198857460065
30  86.333333333333329  470.54060663401873
35  83.666666666666671  435.55887362514903
40  90.666666666666671  355.63736966620723
45  89.666666666666671  373.14612659743602
50  89.0  308.46698406063075
10  63.333333333333336  420.68948204319787
15  79.333333333333329  346.24430892602544
20  86.333333333333329  343.10968364206747
25  87.666666666666671  286.7559891289215
30  89.333333333333329  249.66212331107101
35  90.0  294.43255434842968
40  88.333333333333329  403.61195385234259
45  92.666666666666671  263.3440868998353
50  86.666666666666671  450.94427087705662
10  65.666666666666671  523.79962976633283
15  77.333333333333329  322.08399592491509
20  65.666666666666671  563.14737024209649
25  78.666666666666671  430.1209519215659
30  83.0  415.76437788062827
35  81.666666666666671  471.71642522539673
40  87.666666666666671  417.15431295585591
45  85.333333333333329  492.39096816656996
50  87.0  458.8309232808582
10  52.333333333333336  327.69188731042703
15  82.666666666666671  319.44859906454485
20  76.333333333333329  482.37845357803241
25  77.0  425.68702230607295
30  87.333333333333329  305.89709903670268
35  84.666666666666671  403.61457568835795
40  83.0  586.76342594237826
45  88.333333333333329  418.29547571808502
50  89.333333333333329  416.67386298061746
10  60.666666666666664  427.51767247481359
15  71.333333333333329  376.15135854570423
20  80.666666666666671  426.45597035454125
25  84.333333333333329  496.81247288577242
30  87.0  350.92993653035785
35  87.666666666666671  357.04181858780908
40  81.0  504.90787504343433
45  82.333333333333329  431.40419766417125
50  94.0  255.28724590387122
10  74.333333333333329  337.5096074141976
15  74.666666666666671  412.77265478454126
20  73.333333333333329  503.9415173532629
25  70.666666666666671  522.00760444401681
30  82.0  611.58370426139959
35  78.333333333333329  537.82056774135754
40  90.666666666666671  294.70672042518879
45  89.0  509.81005984649369
50  88.333333333333329  455.22526778433001
10  77.0  325.03857673398107
15  74.666666666666671  396.79467959471611
20  78.333333333333329  475.43069372827108
25  89.333333333333329  348.11693452766008
30  90.666666666666671  340.26753942962785
35  83.0  483.51329947734803
40  87.666666666666671  406.08635074635754
45  87.333333333333329  414.24588923711815
50  89.333333333333329  414.47536545487367
10  64.333333333333329  418.73895462636636
15  76.0  374.89217139683683
20  78.333333333333329  550.00818156234448
25  82.333333333333329  484.49663987903364
30  78.666666666666671  539.43165906866977
35  84.333333333333329  459.61301558630294
40  85.0  612.14049350388723
45  85.333333333333329  439.82172347379208
50  88.0  304.74451769834121
10  60.0  394.46570237832981
15  71.333333333333329  425.33418533030891
20  70.666666666666671  512.5494521871824
25  82.666666666666671  364.26209937414802
30  76.0  525.90037486385199
35  82.333333333333329  557.47513164029294
40  87.666666666666671  375.05007007667029
45  79.666666666666671  462.1668401829051
50  85.0  559.18869861088956
10  62.666666666666664  406.3995323818375
15  76.666666666666671  466.12006482758125
20  82.333333333333329  362.44611283536693
25  75.0  487.04736290907977
30  85.0  491.7961285578034
35  87.333333333333329  429.14732477685294
40  90.0  298.786205626639
45  87.333333333333329  550.65290784474121
50  88.666666666666671  408.19235784618587
10  58.333333333333336  335.51488029698322
15  78.0  450.08880472523202
20  75.666666666666671  363.93129959057609
25  83.0  403.33616458242994
30  81.333333333333329  334.89063774399881
35  86.0  444.21460449756017
40  87.333333333333329  366.63832601059863
45  87.333333333333329  518.66429112313153
50  91.333333333333329  265.0149828824392
10  60.0  384.9176232370736
15  75.666666666666671  521.02700695153646
20  83.0  415.55501038460818
25  84.0  352.6484807913115
30  69.666666666666671  476.23754502561644
35  90.333333333333329  319.63617942703536
40  85.666666666666671  518.25063375609909
45  89.333333333333329  345.21621350530722
50  93.333333333333329  258.0409287692288
10  67.666666666666671  379.42106428687242
15  71.666666666666671  506.78962265686073
20  68.333333333333329  397.2818269982356
25  87.666666666666671  318.16184732652522
30  87.0  404.49434187628958
35  91.333333333333329  363.36037520028549
40  90.333333333333329  337.56607554445259
45  86.0  465.58175119036895
50  93.333333333333329  214.22871585191243
10  60.666666666666664  404.18168361839685
15  70.0  463.49273462271174
20  79.0  454.4962448876741
25  82.666666666666671  403.59913780507844
30  86.666666666666671  397.16134811865379
35  83.0  504.41621925126958
40  88.333333333333329  229.97043488836343
45  85.333333333333329  328.22185077759531
50  93.333333333333329  283.25883257157398
10  56.0  421.12992344777604
15  74.0  458.62981781881615
20  77.333333333333329  485.81501853547758
25  76.0  499.34381208388606
30  72.333333333333329  727.84226728970282
35  86.333333333333329  370.83330816032418
40  87.666666666666671  470.78155981079044
45  90.666666666666671  285.640396753451
50  91.0  323.76563588353332
10  60.0  352.76782709951704
15  65.666666666666671  468.53980759816892
20  80.333333333333329  406.31015444149648
25  90.333333333333329  325.51093538513737
30  85.0  457.35160486068725
35  79.666666666666671  532.60857025275709
40  89.333333333333329  350.7195874381768
45  89.0  369.45524166080878
50  92.333333333333329  352.1656485321077
10  80.0  344.57026962205163
15  71.333333333333329  487.03628913755557
20  76.0  398.27246395624519
25  75.333333333333329  643.95974806583808
30  85.666666666666671  386.74009661426913
35  77.0  619.24077916885949
40  80.333333333333329  679.40519169461265
45  87.333333333333329  292.6807346040797
50  91.0  369.91305407763372
10  51.666666666666664  395.63455835974577
15  65.0  454.32449398354493
20  76.666666666666671  503.80530929833975
25  86.666666666666671  338.65601847127994
30  77.0  496.46027302431708
35  84.0  459.34849130152361
40  89.0  433.07734140981688
45  90.666666666666671  278.51047916746739
50  90.333333333333329  387.62913698244398
10  74.666666666666671  385.07874178573962
15  74.666666666666671  413.30510967278616
20  78.333333333333329  399.92607430557661
25  80.0  549.95734031000234
30  84.666666666666671  343.97454575312418
35  84.0  504.62490352427085
40  86.666666666666671  456.84059795598716
45  89.666666666666671  391.69016504249998
50  92.333333333333329  246.50708037115237
10  61.0  488.03208094978169
15  74.0  335.31893711439585
20  68.0  552.47847466705218
25  77.333333333333329  525.62638312542617
30  76.0  583.47032969819452
35  77.333333333333329  420.96843664709263
40  90.333333333333329  336.08375699234608
45  87.333333333333329  400.3374515169503
50  90.666666666666671  365.94450524370336
10  52.666666666666664  423.59087445185804
15  77.666666666666671  363.52068666073842
20  80.0  455.49440805402247
25  77.666666666666671  639.44679044705993
30  82.666666666666671  576.27109261489022
35  84.666666666666671  590.28865563083355
40  88.333333333333329  386.51251532952631
45  86.0  484.49605896902136
50  93.666666666666671  233.382999294158
10  68.666666666666671  275.11177674851632
15  82.333333333333329  345.00863360352179
20  79.333333333333329  459.08334221055605
25  74.666666666666671  554.28100136954447
30  85.333333333333329  467.35298457287803
35  88.0  366.6321042358108
40  88.333333333333329  346.82255528339721
45  89.333333333333329  380.26923715106102
50  93.0  247.53821726925696
10  71.0  420.45262148645179
15  71.333333333333329  517.2698234045971
20  69.666666666666671  473.44823740296607
25  79.333333333333329  490.61049324278684
30  83.666666666666671  542.06181972692252
35  75.0  483.65928234782928
40  81.0  548.31593648564206
45  90.666666666666671  353.93919300772512
50  85.666666666666671  476.14949997139183
10  73.0  355.62645384522233
15  76.333333333333329  443.0259732480132
20  78.666666666666671  413.55281063529054
25  79.333333333333329  469.26410065634326
30  84.333333333333329  309.87087868477107
35  95.0  172.86078113322114
40  86.333333333333329  384.23715533547744
45  88.333333333333329  416.68684416838869
50  91.666666666666671  352.23252854502283
10  47.0  573.41563471418704
15  72.0  456.69985687418421
20  75.666666666666671  500.62713174617568
25  81.0  499.69989577614746
30  86.0  441.26471585860668
35  85.0  457.76741724788729
40  81.666666666666671  490.62857489128487
45  89.0  359.07294631262687
50  83.0  525.77394310358682
10  64.333333333333329  395.50425301818746
15  72.0  414.79896509227882
20  74.0  331.93383013994111
25  77.333333333333329  610.39830749845373
30  85.666666666666671  330.73134160395296
35  86.666666666666671  460.90764571270341
40  80.666666666666671  648.57111198191456
45  88.666666666666671  408.52202730733291
50  93.333333333333329  314.70738358699543
10  52.0  328.08598285424739
15  74.666666666666671  418.57242743422046
20  64.666666666666671  644.78322337987515
25  86.333333333333329  380.55828087267292
30  86.666666666666671  395.26000956439782
35  81.666666666666671  503.02785512940471
40  90.0  332.0780093284298
45  89.333333333333329  375.64357242486102
50  89.666666666666671  295.82282015484384
10  74.333333333333329  260.04541246542288
15  79.666666666666671  373.6379871567313
20  80.666666666666671  478.17291987234978
25  79.333333333333329  483.289428116115
30  85.0  389.01365342353131
35  92.0  269.30217538983425
40  89.0  319.54715625186975
45  89.333333333333329  398.28997888271255
50  83.333333333333329  559.82001260346829
10  59.0  479.48811126659331
15  75.0  435.74286997309969
20  67.333333333333329  643.91370073177166
25  80.666666666666671  455.34940765616125
30  87.333333333333329  420.84260596637955
35  84.666666666666671  475.56785593441646
40  91.333333333333329  328.71128607737739
45  85.0  531.1858040566276
50  89.0  439.60948645307508
10  48.0  477.33443051025637
15  70.0  446.81616447563897
20  77.666666666666671  406.23171106958307
25  84.333333333333329  285.05034744826207
30  86.333333333333329  434.24203289034824
35  81.0  333.20957941190312
40  85.666666666666671  417.80600565607102
45  90.0  356.46227143741362
50  92.0  324.64465905985418
10  68.666666666666671  358.63411335869779
15  68.333333333333329  536.54427702277746
20  82.0  428.13972400484818
25  78.666666666666671  485.53517611876981
30  76.333333333333329  530.12435256777962
35  88.666666666666671  314.91542098431864
40  89.333333333333329  407.85766575052526
45  92.666666666666671  269.50625843590478
50  91.666666666666671  344.46127874996699
10  66.666666666666671  303.02767677438294
15  82.333333333333329  360.87930001129092
20  86.333333333333329  372.86184241781791
25  81.666666666666671  471.46879723973018
30  85.333333333333329  452.14898182232866
35  82.666666666666671  647.36977424111012
40  90.0  380.16014857980434
45  80.0  462.66849296927359
50  89.0  494.2029744873908
10  78.333333333333329  308.53416871246446
15  65.333333333333329  515.34817221793139
20  71.333333333333329  576.75911851733076
25  82.666666666666671  407.90529366327604
30  84.666666666666671  436.9072787388875
35  85.666666666666671  351.75074001683919
40  87.333333333333329  392.23233308337751
45  90.666666666666671  331.94362169847898
50  87.333333333333329  372.87358080296406
10  58.0  376.4808834053926
15  72.666666666666671  382.86941722469379
20  78.666666666666671  481.19278032333739
25  82.0  381.93267775343907
30  69.666666666666671  931.30419784230833
35  88.666666666666671  466.59906704605947
40  86.333333333333329  410.27121891159959
45  89.333333333333329  358.32940902373542
50  90.666666666666671  417.89719473073842
10  45.666666666666664  464.23620200632109
15  81.333333333333329  322.39958558370762
20  81.666666666666671  430.50731040314821
25  87.666666666666671  393.91462506386762
30  87.333333333333329  354.95528432147893
35  84.0  392.30011452877829
40  86.666666666666671  501.44319272360394
45  87.333333333333329  365.22500229871162
50  93.333333333333329  289.04822294346565
10  66.333333333333329  486.82716181452355
15  78.333333333333329  378.83607710548989
20  80.333333333333329  392.89509408642471
25  79.666666666666671  494.54737748163836
30  79.333333333333329  418.48106258113512
35  84.333333333333329  441.71165237232651
40  86.333333333333329  546.44822987177713
45  90.0  336.50855894452451
50  90.333333333333329  392.42435638906659
10  66.333333333333329  333.78946723423297
15  73.666666666666671  474.33704193608094
20  67.666666666666671  622.5066663623395
25  82.333333333333329  519.5062559444433
30  86.666666666666671  369.48288971764043
35  87.0  418.39492871864871
40  88.666666666666671  295.25039801551571
45  89.666666666666671  364.86762037448102
50  83.666666666666671  618.26306182060205
10  36.666666666666664  529.88404674466551
15  64.333333333333329  440.21604709051218
20  80.666666666666671  472.5412808428535
25  82.333333333333329  492.09622048535778
30  88.333333333333329  372.87407668455904
35  84.333333333333329  432.91234508189405
40  89.333333333333329  364.10688535010428
45  90.333333333333329  381.0170054908308
50  93.333333333333329  241.96530293798855
10  56.0  363.63354456719338
15  70.0  486.47518541250486
20  82.333333333333329  359.09646701626315
25  70.0  609.6233546374433
30  86.333333333333329  373.22452629556665
35  85.666666666666671  404.45146733776045
40  89.333333333333329  359.4247115754111
45  91.333333333333329  336.49569845148767
50  92.0  267.78795268752089
10  64.666666666666671  270.65125744964337
15  70.333333333333329  542.33362493123104
20  66.333333333333329  579.88139489841365
25  83.333333333333329  417.46026455770175
30  90.0  264.60461769746701
35  83.666666666666671  501.03434247413435
40  86.0  442.85570745388088
45  84.333333333333329  392.61504456882938
50  86.333333333333329  498.91598467463007
10  68.0  377.55866594615941
15  78.333333333333329  405.44127551606846
20  74.0  499.46927379720711
25  82.0  526.36682887480163
30  83.666666666666671  431.523162496059
35  90.666666666666671  342.31144937848768
40  90.333333333333329  357.57105534198377
45  91.333333333333329  327.2273700430718
50  87.666666666666671  438.53631798689645
10  63.666666666666664  384.95924429285282
15  70.333333333333329  472.59913420543887
20  72.666666666666671  447.81703258228976
25  77.0  519.36710044223753
30  81.666666666666671  566.03103244566887
35  89.0  426.13836565245697
40  86.0  492.23096127672977
45  91.0  298.50249828601665
50  90.333333333333329  361.04388363488118
10  68.333333333333329  411.40278104475584
15  70.333333333333329  462.38176973062832
20  75.666666666666671  499.87785862554642
25  85.0  400.04307455969661
30  81.666666666666671  475.86936474598389
35  84.333333333333329  376.09172782565327
40  86.333333333333329  527.36217272471833
45  85.0  508.47706393864524
50  84.666666666666671  514.83293579303995
10  63.666666666666664  320.19781267657862
15  72.666666666666671  445.94629999842482
20  85.333333333333329  408.12576732072716
25  89.333333333333329  305.40509615865591
30  83.333333333333329  354.75030945427034
35  88.0  359.09108389755153
40  89.0  291.94110044820593
45  89.666666666666671  353.54979412409557
50  92.0  287.0274253878386
10  47.666666666666664  371.04376466670777
15  71.666666666666671  296.33970622538192
20  72.0  479.46976948746351
25  75.666666666666671  507.22867522173345
30  87.0  426.30567072845605
35  82.333333333333329  523.87142211555442
40  86.666666666666671  365.24087420683003
45  85.0  573.99184215973787
50  89.666666666666671  392.85313797292235
10  72.333333333333329  317.11571990758205
15  69.0  439.61618516129732
20  74.333333333333329  468.04856974735583
25  75.0  549.9709551771906
30  84.0  612.21437881676241
35  85.0  458.1189959393767
40  86.666666666666671  488.02467883139934
45  89.666666666666671  321.80764216170195
50  78.0  603.93628248597065
10  53.666666666666664  466.58785768213994
15  67.666666666666671  493.49568113934623
20  70.333333333333329  626.86839126035773
25  74.666666666666671  651.00259783427384
30  84.333333333333329  336.09280390258778
35  86.666666666666671  480.9663839016311
40  86.666666666666671  346.59142916312999
45  88.0  364.93976056418478
50  72.333333333333329  565.80859631256862
10  62.333333333333336  326.62018454352557
15  65.333333333333329  477.16781450546938
20  81.333333333333329  428.507471448513
25  82.0  485.28558956694479
30  80.0  447.13919166223803
35  86.0  432.11473997099046
40  92.666666666666671  223.30279710868695
45  91.333333333333329  345.55164893361069
50  95.666666666666671  203.3144541767937
10  66.666666666666671  353.4470296593293
15  63.666666666666664  618.5535227280418
20  84.0  407.18175806534424
25  87.333333333333329  351.90182563329603
30  83.666666666666671  511.68662071109264
35  90.0  340.40530438126461
40  93.333333333333329  238.19079802248817
45  86.333333333333329  432.72728301543737
50  91.333333333333329  379.10376800546391
10  67.333333333333329  433.94771607536859
15  49.333333333333336  712.19857861155015
20  77.333333333333329  389.92015683347944
25  82.333333333333329  369.70356888512998
30  84.666666666666671  316.75336821242018
35  78.666666666666671  510.60601177692234
40  87.333333333333329  522.21508939933415
45  85.333333333333329  454.09970942933381
50  91.666666666666671  334.71872553037798
10  64.666666666666671  458.20499138988242
15  55.0  537.87679638788882
20  81.0  391.0758850262539
25  86.333333333333329  398.16889854174724
30  75.0  655.73929720656645
35  84.333333333333329  414.74185717620918
40  89.0  406.04353836296633
45  88.0  446.30210625628752
50  91.0  279.36875333447171
10  61.666666666666664  376.71641995398636
15  69.333333333333329  513.21245062374544
20  62.666666666666664  454.81931202581171
25  78.666666666666671  465.30720820216698
30  83.666666666666671  388.0794973255114
35  89.0  369.48218396680534
40  89.666666666666671  392.41205934505263
45  84.0  543.09222785408144
50  91.666666666666671  355.35568117552083
10  59.333333333333336  477.30065880078166
15  76.333333333333329  398.58783528620569
20  67.666666666666671  523.18514124268211
25  83.0  372.43627939664805
30  79.333333333333329  674.90995135655282
35  84.333333333333329  525.45822957765574
40  90.666666666666671  283.02384613965455
45  85.666666666666671  480.31575841872018
50  89.333333333333329  408.77981756777268
10  63.0  453.0506855163199
15  77.666666666666671  318.2088385945849
20  81.333333333333329  352.55493297920981
25  87.666666666666671  288.87317623246634
30  89.333333333333329  307.82310238862254
35  90.0  289.36978285562526
40  89.666666666666671  350.92932536655997
45  86.666666666666671  515.96424773022079
50  92.0  418.72964286367591
10  73.0  407.21172274210488
15  78.666666666666671  380.27742597628628
20  76.333333333333329  458.99815774858899
25  74.0  486.35830290832564
30  82.666666666666671  526.14392235560945
35  86.0  406.47574769745893
40  82.333333333333329  603.80182721750009
45  88.0  507.02454048649452
50  88.666666666666671  434.21064233919839
10  65.333333333333329  381.1201199699463
15  67.0  551.76547366460488
20  81.0  383.92392121922376
25  86.0  382.77424545881928
30  80.0  573.19941071567246
35  86.333333333333329  526.55989179503035
40  83.666666666666671  588.14480027324407
45  90.0  419.72762823672088
50  87.0  541.2985856775656
10  61.0  451.47937149204586
15  81.0  363.47666074538898
20  81.0  334.71313298217291
25  80.666666666666671  475.79390781289237
30  77.666666666666671  579.31898960844899
35  88.0  378.98728514927103
40  91.0  318.65908072615593
45  80.0  626.5147804837485
50  85.333333333333329  518.70085284385493
10  67.0  448.2559148865198
15  65.0  504.38246083820286
20  78.666666666666671  510.21754730889057
25  75.666666666666671  557.90587323621639
30  82.333333333333329  446.53308618091444
35  87.666666666666671  409.76199740377001
40  83.333333333333329  565.68747293839965
45  84.0  647.64741428531124
50  92.666666666666671  290.79777592982288
10  44.333333333333336  336.28134868676909
15  69.333333333333329  432.78540082197469
20  81.666666666666671  413.51142166773752
25  77.0  406.3393242017608
30  72.0  584.16188120254174
35  77.0  704.70802593314875
40  78.333333333333329  572.34512574005566
45  85.333333333333329  507.79386991605418
50  89.333333333333329  453.41280341305929
10  67.666666666666671  356.86519983915031
15  71.0  570.49245126871108
20  69.666666666666671  500.99168209129977
25  77.666666666666671  475.30030055568233
30  78.0  671.90762371408402
35  92.0  272.47151062064393
40  81.333333333333329  434.25344727607057
45  89.0  385.63345372194868
50  89.666666666666671  398.39782776178777
10  72.0  382.7348447618503
15  74.333333333333329  348.33406450902032
20  79.333333333333329  495.64153777135544
25  78.0  538.01124454556964
30  83.0  439.77160631593443
35  84.666666666666671  460.04669919950152
40  91.0  321.69352862807546
45  92.0  277.94074141727111
50  84.0  618.59791809621265
10  71.0  425.28818274021017
15  74.0  443.7249007807082
20  81.0  436.98507744342163
25  72.666666666666671  464.37209990440766
30  86.0  467.34529781913926
35  87.333333333333329  452.79663387344664
40  84.0  467.87447242451515
45  88.0  430.17220953660234
50  92.333333333333329  304.31398054766242
10  70.0  326.86909035259572
15  69.666666666666671  506.98135046838149
20  83.0  415.36516429414343
25  84.0  426.63713678031127
30  83.333333333333329  508.02263490009727
35  88.333333333333329  391.19573152910709
40  90.0  376.43628428839577
45  90.0  350.79141008394754
50  93.0  341.02140363402287
10  71.333333333333329  310.67686754325302
15  79.333333333333329  399.88731414310854
20  86.666666666666671  348.58678223299643
25  81.333333333333329  445.5850888428065
30  84.666666666666671  453.71384051875827
35  86.0  474.17492889065585
40  84.666666666666671  407.30913148814915
45  87.0  505.33935800111288
50  87.333333333333329  465.24479007466857
10  60.666666666666664  392.57590276170703
15  65.333333333333329  522.7367955620789
20  67.0  558.21345846722534
25  77.333333333333329  494.20697441812086
30  86.666666666666671  383.01209578904127
35  73.666666666666671  740.83810636044939
40  84.0  514.51387431032549
45  88.0  419.06857562309648
50  92.333333333333329  330.90913949146454
10  57.0  510.37039592876783
15  51.333333333333336  507.25865140464589
20  75.666666666666671  342.22080096285401
25  69.666666666666671  576.51692032014466
30  87.333333333333329  419.5097777900628
35  85.333333333333329  482.47836087125313
40  89.0  395.96522520452345
45  92.666666666666671  305.99639817611592
50  86.666666666666671  397.1967744313165
10  67.333333333333329  364.83894058823881
15  75.0  478.52029997043064
20  73.0  447.04650779007216
25  81.333333333333329  385.88818856888162
30  83.333333333333329  417.81954907210093
35  87.0  419.60638360112875
40  83.666666666666671  522.50031607723486
45  87.0  343.59162858072028
50  86.333333333333329  599.72520098553866
10  63.0  348.56252115262618
15  71.666666666666671  443.20067072830062
20  61.0  489.2401156134656
25  82.666666666666671  505.00839612897551
30  77.333333333333329  579.59269072158952
35  82.333333333333329  429.72897963910015
40  91.333333333333329  306.49723327635758
45  85.333333333333329  549.13880541432604
50  88.666666666666671  415.89198706108834
10  65.0  344.06001545914216
15  74.666666666666671  366.31203736241616
20  78.333333333333329  463.69936923379754
25  75.0  503.04358394280342
30  78.666666666666671  554.62382977730772
35  87.0  431.38938134404975
40  84.333333333333329  496.8861881014077
45  85.0  521.79584478261017
50  92.666666666666671  286.30037964682703
10  54.0  512.53986576156854
15  70.333333333333329  487.69146778718016
20  82.0  440.32666231365044
25  81.333333333333329  487.25459896273009
30  89.333333333333329  367.89805539903199
35  88.0  439.0061000863796
40  83.666666666666671  415.52257726857783
45  86.0  563.56539870914696
50  91.666666666666671  343.62553734488353
10  57.666666666666664  345.10106062851605
15  62.0  428.03621896152538
20  72.666666666666671  383.22886814461361
25  86.0  402.05526415598786
30  83.666666666666671  520.51317499152663
35  85.0  446.52040040694885
40  87.333333333333329  437.75830951178261
45  93.666666666666671  293.30307759447379
50  85.666666666666671  589.2437900321919
10  65.333333333333329  416.86498115711061
15  73.333333333333329  422.04397555563418
20  82.666666666666671  411.82035606910154
25  78.333333333333329  358.46468938835801
30  80.0  521.4748550404388
35  86.666666666666671  433.17786647028163
40  93.666666666666671  274.00626184644096
45  83.666666666666671  492.60485259167149
50  94.0  263.77777991554814
10  74.666666666666671  288.66791582946672
15  72.666666666666671  428.25908143217208
20  76.333333333333329  485.05624723945755
25  85.0  379.26230514317234
30  77.333333333333329  519.37224951741723
35  83.666666666666671  514.0268378153969
40  85.0  511.67456569158253
45  88.333333333333329  446.58782684788719
50  86.0  473.48713341219116
10  65.333333333333329  382.23992858868093
15  72.333333333333329  431.54073932440178
20  83.0  378.73843086592973
25  73.333333333333329  545.05624804523882
30  74.666666666666671  415.34641659904605
35  85.0  449.46222126284169
40  79.333333333333329  674.23780603393504
45  88.0  327.19794870202304
50  85.333333333333329  649.76546762209398
10  73.666666666666671  370.84307554341189
15  71.0  453.16240950177439
20  77.0  493.46471759997183
25  83.333333333333329  484.58881631062008
30  93.0  246.67703805853361
35  83.333333333333329  493.80565829436046
40  93.0  269.7637877617646
45  82.666666666666671  578.30266057189897
50  90.0  428.12395162947092
10  61.0  416.72486259605483
15  69.0  455.34423538116323
20  64.0  565.00141767184039
25  78.666666666666671  400.09626741873666
30  82.333333333333329  485.05536821654829
35  92.0  270.4892208331284
40  90.333333333333329  346.62252062326951
45  88.0  356.2752788252136
50  90.333333333333329  308.82331806128121
10  55.0  474.52749565060157
15  63.0  445.46154517474395
20  78.333333333333329  348.97367486167616
25  77.666666666666671  374.37230591812971
30  77.333333333333329  559.70578146374316
35  78.666666666666671  386.56212678701939
40  78.666666666666671  339.52639031137699
45  86.666666666666671  489.51120500040571
50  84.666666666666671  602.97614001264492
10  54.333333333333336  445.22695197377044
15  71.333333333333329  331.19829622144789
20  81.0  439.91433749988664
25  83.333333333333329  433.80675644345149
30  85.333333333333329  409.36962933355733
35  88.666666666666671  367.46156787035983
40  83.666666666666671  288.78634290228484
45  89.0  416.89981024525548
50  91.333333333333329  280.24584852855514
10  73.666666666666671  360.0405231784714
15  70.333333333333329  417.67662232255668
20  73.666666666666671  498.13764949540638
25  74.666666666666671  506.02344350457088
30  79.333333333333329  559.82281498812597
35  86.666666666666671  470.06171373448495
40  85.0  603.06538781417396
45  89.0  327.32190942316663
50  94.333333333333329  178.09212891572426
10  50.333333333333336  427.45165144909237
15  77.333333333333329  416.1211654340766
20  78.333333333333329  363.45512715178756
25  83.333333333333329  484.3361772355093
30  79.333333333333329  546.9267157445787
35  89.0  406.82940317322766
40  89.666666666666671  363.12408656179588
45  93.666666666666671  248.84689740891636
50  87.333333333333329  434.15103839843897
10  57.333333333333336  405.54533726250958
15  58.666666666666664  380.62188054403845
20  88.0  291.91633836881851
25  79.333333333333329  404.12272367347435
30  85.666666666666671  408.37425060865348
35  91.333333333333329  289.79260851868935
40  95.0  188.14202144795107
45  88.0  432.84976051024307
50  94.333333333333329  231.611796382862
10  63.333333333333336  292.73093747274521
15  65.0  497.8895305736711
20  84.333333333333329  430.41671661574719
25  75.666666666666671  512.99051866647278
30  91.333333333333329  291.60185143714517
35  87.333333333333329  401.00549516420193
40  91.0  351.41190533191576
45  86.333333333333329  491.3669963391921
50  83.0  513.31149890925656
10  74.0  377.4018492314367
15  62.333333333333336  530.56106783703081
20  75.0  431.42637463619405
25  83.0  344.89206942060662
30  74.666666666666671  568.81490158370161
35  82.666666666666671  455.79893055784345
40  88.333333333333329  403.66860698245966
45  91.0  280.30384121058512
50  90.333333333333329  375.40550859705428
10  67.333333333333329  387.67056204320971
15  75.0  464.54880569540785
20  74.333333333333329  517.55952047632286
25  76.333333333333329  558.97478788725959
30  86.333333333333329  481.25800538578284
35  78.333333333333329  500.89632029750743
40  76.333333333333329  456.25636996494927
45  91.0  349.49734440302899
50  89.0  383.06941962464737
10  49.666666666666664  513.77987032511123
15  78.333333333333329  316.19843815963702
20  85.0  400.38424326679819
25  83.666666666666671  416.01737580997309
30  77.666666666666671  484.16026259869886
35  82.333333333333329  535.41832845207637
40  86.0  502.42462206182353
45  82.333333333333329  389.21318508406836
50  91.333333333333329  307.84836215595044
10  68.0  403.18961065837863
15  71.666666666666671  524.19156119761021
20  72.333333333333329  378.44951644234231
25  75.666666666666671  385.10833083216346
30  87.666666666666671  322.71054064945042
35  89.333333333333329  339.80469932576869
40  87.333333333333329  435.04322139935914
45  86.0  455.89685109772796
50  89.666666666666671  382.90742851679187
10  58.333333333333336  341.72241996627309
15  78.333333333333329  464.03814168343337
20  75.333333333333329  437.65260264958761
25  82.666666666666671  509.13221811839111
30  83.0  453.800670109365
35  84.333333333333329  353.70905075861953
40  85.666666666666671  427.07376128785017
45  86.666666666666671  537.71037607278356
50  85.666666666666671  569.07621119489636
10  67.0  401.42718905352143
15  71.0  427.1079538406189
20  82.0  368.86629370933406
25  86.0  366.17785862258859
30  79.666666666666671  605.8480922314161
35  87.0  436.35294288192489
40  91.0  331.4694480823722
45  85.0  463.4738241187261
50  91.333333333333329  327.99913145154261
