6  26  173.27731360999769
7  24  271.65153585855359
8  71  130.66442076576021
9  29  403.19683637011605
10  62  246.39830344820473
11  41  601.19549505256316
12  81  96.416739539620266
13  77  183.48973210543426
14  73  289.39839012947175
15  75  198.41152420989513
6  25  428.44424784361036
7  48  209.12134226333848
8  73  151.00544752966579
9  24  611.2069473814463
10  48  357.27357618171123
11  78  101.77209550696595
12  42  397.6372684121863
13  64  261.96319648498172
14  92  71.010583665534483
15  64  198.99734313043157
6  64  70.426780590745594
7  42  241.11999633581465
8  56  197.66842671761057
9  59  184.78872108457031
10  64  227.37577977862182
11  43  331.53110015544411
12  67  207.72558703006544
13  43  534.349480038975
14  82  148.99708140957887
15  79  184.33706750788684
6  42  149.71075062166022
7  33  210.82778621353359
8  27  355.91230207681781
9  27  493.18892108779875
10  77  115.39473148123578
11  39  349.34675291285117
12  87  62.999217116003081
13  86  101.55951970681339
14  68  241.90068190764322
15  84  117.48630134210738
6  28  345.45937137049418
7  23  294.17258003644332
8  69  83.861649868323639
9  41  238.87700207911348
10  39  224.98874300093598
11  49  149.65656316028463
12  95  33.186616472203013
13  63  209.46886454834114
14  57  304.18336781653676
15  76  166.82219735626532
6  37  242.56795720116526
7  21  480.80774114991232
8  40  357.37452142643104
9  47  198.45382796980422
10  84  113.47578217865035
11  57  337.80522700511256
12  70  160.295351969552
13  87  86.016173605706129
14  80  186.52020815238302
15  85  114.96844935988823
6  37  294.47306154858444
7  61  144.08277642139925
8  68  134.46820375867014
9  57  133.73965309208904
10  48  299.63162715263434
11  49  432.96662441469778
12  63  332.53702354322735
13  80  105.98201553538509
14  97  16.26883658245799
15  84  125.45110858168098
6  61  126.41152844547491
7  63  129.74756674978181
8  41  318.34680376895733
9  57  151.51712272272297
10  51  277.16779412094223
11  70  219.59895048906287
12  66  128.19429477409599
13  57  314.17469885408934
14  72  264.80619607576421
15  62  239.61746416679796
6  40  236.80269211896558
7  23  218.62423939276096
8  65  202.11471483410531
9  67  188.37049402254368
10  40  393.07896560293443
11  79  133.57379502706149
12  55  357.21200558132449
13  55  408.81157877695193
14  68  297.99051282658189
15  59  323.02294399436897
6  42  164.12453467641814
7  45  187.94572284645358
8  46  352.81129109652375
9  88  75.389576466367615
10  65  330.84147671360734
11  65  138.97815463351318
12  62  198.03322699997523
13  73  290.0273598371403
14  75  153.01746556895597
15  88  181.85347440736828
6  23  260.15395013632138
7  40  303.33286994924032
8  41  117.81404487856926
9  42  301.02613590102732
10  54  137.5025691930507
11  68  174.05042828709063
12  53  346.53732258130412
13  65  279.24414546845532
14  83  154.6553019241293
15  69  255.35388759356024
6  33  370.36931559686474
7  50  170.31565943313396
8  39  347.57576381659936
9  52  292.12720230485212
10  73  224.1094589587947
11  62  246.3991479792856
12  48  334.97995626790538
13  63  424.79554298467832
14  46  528.13347057560998
15  72  215.4906515306717
6  24  179.7399356568443
7  63  172.43149883904749
8  36  235.94164752782524
9  48  249.00415257785667
10  47  224.47434830576913
11  42  267.29335252384431
12  91  71.768353471669656
13  57  191.04437692765697
14  73  242.32079309217303
15  47  528.58347895950726
6  25  314.83364854510177
7  38  259.3108196095082
8  36  287.76426468184457
9  30  306.33175230957426
10  67  168.09916658131758
11  68  174.42953598250924
12  68  228.35366897721897
13  89  76.041383566117105
14  90  69.370984031832592
15  82  167.48935418521
6  38  224.18526083381096
7  38  313.66133121111017
8  68  205.19255890877076
9  37  194.46544181297438
10  67  143.60575167630751
11  56  235.62035570745985
12  72  181.15364492819523
13  63  259.05825644144318
14  79  147.53545150882749
15  44  285.19176226937464
6  18  43.783966538027926
7  56  306.15373946621452
8  33  313.12448351848724
9  35  249.15696430969871
10  77  136.35483172235521
11  49  170.45138199802003
12  68  199.9492379621224
13  80  120.56511610120049
14  52  328.05525948535376
15  80  152.14232737251945
6  16  371.71387973624985
7  39  306.97139709936459
8  49  286.07918926324203
9  27  181.08885416531368
10  40  173.31980809039592
11  46  478.26907020964728
12  54  197.69836622669882
13  47  415.77997090279246
14  83  156.61487967254087
15  81  141.58908580241368
6  38  206.36533315202294
7  34  189.66359334473563
8  50  365.19807636070544
9  54  218.33701584252051
10  42  286.7678414612455
11  49  307.24642647279495
12  55  323.15721289860238
13  78  123.15790146092495
14  71  202.94574272373461
15  91  72.662859933221895
6  45  188.67434259652603
7  51  251.84082313349066
8  58  156.6982042153642
9  63  251.22102129434694
10  40  354.41007642789219
11  66  215.50657426175249
12  67  206.28174884007481
13  69  227.44887188296337
14  71  178.24690789689814
15  81  150.89075240319022
6  73  109.4343916731507
7  15  308.44526717483456
8  24  380.08436934123216
9  35  274.83585678743702
10  53  327.94541023716624
11  51  179.35480662735591
12  52  206.45362413061656
13  64  271.97484017212639
14  63  276.9631656387794
15  56  258.78646406372087
6  34  257.8501977854732
7  47  150.70568658538423
8  33  179.00608742843315
9  43  425.3049932405724
10  64  174.53926453667492
11  59  306.81236595401708
12  72  175.03914838761756
13  77  139.55110910873128
14  52  407.64801423093536
15  81  185.49555594112368
6  15  88.167427228144021
7  25  300.4326493504646
8  40  227.99149153944023
9  48  190.19393980202162
10  60  240.92951938305512
11  70  242.36306841876367
12  60  364.00774501031259
13  87  99.402363573210337
14  72  272.4636473741121
15  78  171.55006524417499
6  28  267.65247698768667
7  48  184.33098749048494
8  23  303.7336374412958
9  48  165.61582494549774
10  32  448.06927182493263
11  50  312.96908543110663
12  73  222.10712825505018
13  74  197.05034927845705
14  71  291.0511393378643
15  82  196.97259830409809
6  32  288.03951505329843
7  52  114.40458776276922
8  79  150.28778319897475
9  33  271.3061771210489
10  71  213.4037433776148
11  63  224.58901122850833
12  60  308.28704075380625
13  86  106.24824949606233
14  82  160.53231245797534
15  72  264.34332989256239
6  29  242.314516488008
7  53  78.666825298892945
8  51  220.75255655106045
9  59  259.37004324304701
10  62  302.73226619653281
11  55  306.97083791840726
12  73  219.88509175214028
13  63  250.21290132665916
14  91  80.38502389545998
15  83  122.9028267667335
6  11  203.22963987124268
7  52  155.22839979288088
8  30  210.77836789437885
9  81  62.368204087921683
10  52  296.03102816740653
11  61  208.19114010916647
12  36  485.36683353227261
13  58  352.64585472012055
14  93  51.216617156973697
15  86  94.293589652807157
6  17  387.35716849655785
7  61  127.59653526166603
8  40  311.78724650589589
9  43  274.02461202111971
10  57  171.89450620427479
11  61  284.84699224572887
12  61  294.19438514249214
13  89  116.3929459916173
14  67  207.84082814136042
15  91  107.29566919104079
6  54  221.49164951711484
7  44  262.40272822366279
8  39  314.68255113717333
9  60  230.0911341091676
10  65  154.75565699085078
11  51  239.65519719589167
12  53  367.18592056449086
13  51  342.8306701987662
14  69  207.43715448698867
15  73  211.9435154264788
6  25  227.2961862760171
7  54  245.42082601615198
8  25  375.72800051686062
9  78  86.569580535182737
10  63  292.99728099038788
11  52  232.13014880145175
12  60  293.41477106566902
13  86  105.49289675687953
14  87  107.20306243927216
15  59  344.68694583404539
6  55  167.20981562970775
7  16  142.62702853365994
8  51  204.96221621908924
9  77  80.307183949394769
10  55  197.11446024018676
11  49  364.96412247055724
12  32  399.70773603455643
13  94  62.435007599530941
14  67  243.98260204033107
15  85  112.63689791363193
6  17  278.50930548334924
7  23  207.52557997379253
8  59  130.21140289620047
9  59  214.2205713159845
10  56  247.76825838803146
11  71  162.80922356765393
12  70  165.82381473800308
13  48  383.4071268736098
14  64  220.41285394310665
15  85  118.1259952707138
6  64  56.407044843717031
7  62  136.07092276598809
8  53  181.83392899508968
9  46  255.95623726558901
10  66  238.78707300337172
11  68  144.20767597896094
12  52  255.74365236568465
13  77  247.84605709225406
14  81  144.70628129112276
15  65  296.46610887421372
6  10  291.16975378479418
7  28  304.97264216657913
8  62  228.80072642914638
9  53  296.33353496313532
10  61  138.78676819932517
11  39  469.04493772165193
12  51  312.84302724560661
13  76  166.26837548474003
14  74  211.64204846413978
15  77  157.38138069694102
6  56  116.85694751856124
7  40  95.600423610215586
8  74  143.84077111783114
9  46  263.47399327244915
10  80  121.31054480213876
11  45  325.87839690862972
12  39  390.43549395786806
13  74  133.06035687973906
14  78  177.83156603614776
15  66  297.2194122634678
6  24  348.36187718787153
7  47  135.29806629655562
8  41  350.96950387068546
9  25  292.6139395635895
10  52  212.00619678046027
11  45  374.670313523186
12  68  218.63016675615117
13  82  125.17614789765793
14  69  254.4149284197114
15  90  72.10459876727549
6  48  148.69524051603815
7  48  166.28264991906772
8  21  590.66913591287096
9  56  248.49384780150493
10  21  543.8287766108831
11  66  216.68682553454411
12  77  154.98854463567992
13  73  192.98414284860831
14  70  193.71067379090198
15  66  363.9184300393718
6  42  107.43284326827091
7  30  363.01016809378223
8  31  317.82054172746734
9  64  203.13598187785169
10  36  348.47455769144364
11  83  98.819049633246166
12  85  94.296276552147987
13  74  169.71362807434701
14  92  74.072694401530015
15  86  88.075620541368934
6  40  182.29744938631131
7  21  465.35627818432391
8  37  166.54814319923881
9  49  239.37185850323698
10  63  208.25201916864324
11  60  228.74543030853968
12  63  261.50927110225786
13  69  242.26708301165124
14  74  195.93883628796365
15  65  278.75163042702826
6  46  240.25984412471101
7  52  191.03029028745959
8  65  139.26754602250844
9  63  188.61820381506215
10  57  217.7705745952286
11  82  120.91042585288905
12  34  575.4237794565297
13  85  110.44005137212102
14  95  43.442853201970429
15  80  148.04702193209383
6  29  407.14535696802523
7  50  228.56175147316895
8  44  346.89433042551184
9  64  169.52040905492481
10  48  384.0625047006543
11  55  303.93818270643203
12  71  177.1433620565343
13  82  122.4196351835639
14  70  252.58522861481907
15  73  170.27540268248657
6  32  107.81402518687284
7  54  189.36775641234729
8  51  377.83322629084296
9  35  200.14440132507281
10  62  200.83138428363898
11  64  139.54477476357039
12  61  303.17868335371674
13  65  243.59747645665865
14  71  220.03585756678936
15  76  202.59208148124824
6  19  512.35514848686194
7  55  129.89778318338853
8  62  248.8586713711741
9  36  278.41860300432705
10  52  260.72700344945281
11  41  381.52934943433411
12  59  92.77300200220327
13  51  447.98957820311495
14  57  367.72561442444697
15  80  132.25513793828162
6  34  161.26531851087714
7  54  134.93006361721334
8  45  213.72745935026705
9  62  276.2215132077888
10  51  209.63771087804196
11  52  267.86270415746066
12  79  114.21231917334096
13  92  80.451033188943029
14  60  315.05757523878992
15  72  203.93274482955422
6  25  191.94842259634248
7  35  248.82817110362373
8  27  615.23450652869906
9  38  542.71275633071571
10  57  248.71753143202585
11  61  183.24011968693767
12  90  64.579341700352373
13  93  53.894999291807423
14  65  245.45178255687773
15  85  99.534025687663075
6  26  323.52370531456063
7  45  151.66148528553111
8  61  155.17581848632852
9  37  404.09221260037361
10  68  136.07797902720858
11  50  228.4936899907535
12  74  166.01552058011339
13  70  228.30804110917771
14  80  167.45767528124716
15  84  136.35834022275938
6  30  225.2045838960081
7  39  223.00781770870779
8  43  301.96268288227776
9  59  234.41484295339404
10  76  168.80937214980432
11  55  302.37700620489454
12  33  384.67000862831668
13  59  248.52441839063417
14  59  371.42601976974152
15  55  399.69396958126492
6  22  140.74766465790259
7  43  279.1922932495757
8  47  210.12176227825114
9  38  224.56230051629544
10  37  411.2396338562761
11  52  322.98742364405427
12  68  203.07031934263821
13  64  274.58772436083564
14  80  172.966493239465
15  92  76.979706016350988
6  37  237.85032440042269
7  56  228.36549335382128
8  46  149.17780066928046
9  63  164.37589320412636
10  53  253.38487812345082
11  62  207.50424709036284
12  76  166.67360798930682
13  63  130.22958338407724
14  65  237.70905503203042
15  77  271.1345013538425
6  60  183.68492503867552
7  15  331.57309601127957
8  36  395.61199077771033
9  56  188.30816502860304
10  39  374.47029867505603
11  70  196.95971949228311
12  44  399.68502574429181
13  58  280.9134629534492
14  60  250.13318270934454
15  55  393.22421967685528
6  35  188.0985519208522
7  43  243.21950543652289
8  48  335.04234324818401
9  61  184.56141476434996
10  56  252.81317092965463
11  94  30.435036682635864
12  79  150.50946334681257
13  69  215.70640035922096
14  52  470.17642869126462
15  74  169.84318344455062
6  29  312.13934014230165
7  45  171.53604362981079
8  47  251.28182848129447
9  46  288.02825880819995
10  60  214.70326351114227
11  58  200.11330086614601
12  66  177.20710615467343
13  71  231.31752589078974
14  92  45.787289211680374
15  59  307.71129856878775
6  13  210.52303647317765
7  19  343.84637020820986
8  67  166.56181157480242
9  56  224.42104993721142
10  72  235.08388585723714
11  39  423.12559521736733
12  72  188.87703389655732
13  50  444.49756148578729
14  75  223.6877286601995
15  71  277.1533402331662
6  27  169.14683369977598
7  54  346.2996351551015
8  43  233.69558901593302
9  41  281.14117044801947
10  61  248.57105217384651
11  50  264.89974723423978
12  68  231.06806704761843
13  94  36.31905113678863
14  88  113.31507345616383
15  64  233.0419351354644
6  25  151.30173861216119
7  62  124.01749789988595
8  28  338.67561943843339
9  47  115.39864480741232
10  43  354.84648946679289
11  50  378.69501905921175
12  73  225.58392691078015
13  69  213.05781362603054
14  80  167.61685230348445
15  87  111.21927943415756
6  38  284.84549138580081
7  14  238.46096162900241
8  41  428.83325168331913
9  25  487.42838453186681
10  72  151.82254121713757
11  80  106.18190772961862
12  70  205.38188148384469
13  77  184.64116820369304
14  47  414.2734897315691
15  78  186.6091140466016
6  36  159.16593768077047
7  63  118.2005271349082
8  51  381.46188024269031
9  50  182.80723091858155
10  42  323.85210057423348
11  56  221.49859992108711
12  65  185.53350451834001
13  50  357.54543473922985
14  94  52.500889042634142
15  77  169.30718568299454
6  47  141.11198848974382
7  55  222.69981728922048
8  60  255.40966557968974
9  42  347.70940377206523
10  43  271.69043482671952
11  68  300.37620203545356
12  75  252.25762878832154
13  81  133.4868425208029
14  86  72.675516235033825
15  87  100.26275273084882
6  22  267.7736349597975
7  49  212.50348147354597
8  46  241.12345350016423
9  54  229.00111046770596
10  56  134.17467671588543
11  39  372.38193535467832
12  62  328.62785449754472
13  85  97.668864346160447
14  93  59.149526048124841
15  90  146.22604078609479
6  22  245.0923022629845
7  44  284.69842408375496
8  26  260.28913381668565
9  68  178.04942056112213
10  67  163.79628217465464
11  56  406.05577354362953
12  66  182.96962466752814
13  51  419.83431160112048
14  85  116.86842610187944
15  89  87.658458771435306
6  13  320.20842560468435
7  44  189.54045908778798
8  44  296.18439134169438
9  55  192.6832396003951
10  55  267.88074526795492
11  42  355.62423937472653
12  86  92.76473290558161
13  76  155.07801371894948
14  77  159.19921640425736
15  66  271.34919589315768
6  40  246.24837857058361
7  32  180.14158043663849
8  42  266.44399806918528
9  53  186.91366933142234
10  46  342.90679575996757
11  42  341.49079973768465
12  38  359.94832873643799
13  75  171.32680193521762
14  85  118.34076592645687
15  67  259.82617630158768
6  54  180.02728149538663
7  43  135.4363028821104
8  62  213.81343985629312
9  61  281.89654799680073
10  41  293.63584634466332
11  57  335.48886354512808
12  74  125.37014707132067
13  73  212.68610251927791
14  77  163.2063145096277
15  64  284.88277945188128
6  42  127.71368685436865
7  33  335.95269707582361
8  69  134.49824998038261
9  33  424.30731548787116
10  41  371.06282068401708
11  74  179.86046586329499
12  69  217.86699671921932
13  76  144.60267942246597
14  56  226.66340566294971
15  57  271.76407645274878
6  38  158.68831726669151
7  30  116.05067329618365
8  41  239.16811548096257
9  29  318.99141879135215
10  59  229.83135904470919
11  63  310.5763310726835
12  56  268.86545131429989
13  61  279.16203338846032
14  83  110.11800536761029
15  88  103.67289464872385
6  24  39.160681116755001
7  33  247.70218084786475
8  71  132.00007130077739
9  69  168.52482775480283
10  41  472.34984359075821
11  28  432.30651777750421
12  48  339.4944078746413
13  64  195.4409964961072
14  84  170.31413482451603
15  84  139.47370031845276
6  17  278.8827034084905
7  36  195.46354611159842
8  29  463.94095606739796
9  59  165.6357218373561
10  82  103.03742810490132
11  68  106.78162984716897
12  55  243.33011537467652
13  62  283.21517665167681
14  68  220.90757430372341
15  78  163.66805003292745
6  26  195.67003010992107
7  29  246.02361171004483
8  33  302.59244932597653
9  56  226.57139459464611
10  68  171.34683031381405
11  66  171.55770866187794
12  59  201.69282107992333
13  65  182.00351667345853
14  82  140.73151992814908
15  80  160.42826106691612
6  47  169.38523166879676
7  17  403.81779398906446
8  45  143.43659939025648
9  51  199.52426851839238
10  45  325.68287263038087
11  54  263.38046026522545
12  48  224.61658567520044
13  76  243.12855638279436
14  62  392.43527292596474
15  62  397.55411449849572
6  29  194.01390018025887
7  23  199.55678434124707
8  35  312.9920965048193
9  78  81.250193955169806
10  55  144.36768810882427
11  72  173.29244646252732
12  55  320.45228592187823
13  58  219.86003258885057
14  90  89.982255836277488
15  75  219.42940238633062
6  21  149.98844119319546
7  35  335.40801073686498
8  64  165.57104279735961
9  52  257.83801871477897
10  73  105.41793572658409
11  49  435.54431695246507
12  92  44.626630284279742
13  68  215.48311912189067
14  75  213.2433292844423
15  82  151.21666118187349
6  61  145.73177591393511
7  41  396.69965409882423
8  58  107.69692252695256
9  46  285.91440547307155
10  52  294.9544897191293
11  65  187.80369500673493
12  65  232.6769330448835
13  48  428.62547030391073
14  71  260.82935130018882
15  64  251.9635439672125
6  31  92.248388292376575
7  35  308.15914836186852
8  48  231.10400675469739
9  72  178.99902703734762
10  61  241.58080056127969
11  85  75.395641152299532
12  64  310.10498513596769
13  58  190.76554518758309
14  58  229.06493168810292
15  68  269.40290139419039
6  60  157.78074833910915
7  12  124.57274214530219
8  54  224.1343491137265
9  45  229.08370450914239
10  67  170.69606854067064
11  40  103.91070107756947
12  78  176.17423228768683
13  57  266.71767085912501
14  62  336.4864664479864
15  72  239.34971759749061
6  53  195.33813265350346
7  61  191.90170978174859
8  39  201.72944448122095
9  42  397.71081520583948
10  79  207.12060365143145
11  56  332.94153389619669
12  59  416.52154696771436
13  71  180.6530763269493
14  91  76.290217417783921
15  93  66.977213891399259
6  28  146.20704318684744
7  52  266.85370467758344
8  54  317.54564491485297
9  43  321.48798965460145
10  55  309.60007597562736
11  49  177.43279944797737
12  64  277.45696547461205
13  77  129.12323917103163
14  85  138.45569612730444
15  82  112.65803564583599
6  32  282.1375725796662
7  54  147.46764198579805
8  42  155.15106865978845
9  26  334.71254357698575
10  74  203.98263727804792
11  62  158.85281010314714
12  63  292.48662886756705
13  76  119.19111538428804
14  89  85.444183184840583
15  84  123.46168915882483
6  31  180.83494442107667
7  42  469.35075720724319
8  52  233.82426412973936
9  55  159.80868793905984
10  77  107.36053089474599
11  58  240.95059025899445
12  71  183.51725693950431
13  67  231.47826196775969
14  74  212.15241265629129
15  90  102.15509499531899
6  23  125.69642851300119
7  68  123.10053979072657
8  69  176.7553860625639
9  68  119.28991397203701
10  66  206.49030848631401
11  37  553.53181120818306
12  81  222.47828438137469
13  66  276.14026934917581
14  58  297.06756892752475
15  89  89.101275721379622
6  25  110.01409664042009
7  47  284.0324597074075
8  62  136.00846000546056
9  62  182.33379567866049
10  54  286.86626325247079
11  68  190.04740562695898
12  84  92.130387241085813
13  59  323.82582281198495
14  63  277.78788671755672
15  81  161.75821832314119
6  32  168.74043899365702
7  36  336.132507771603
8  55  148.91862812703016
9  42  260.59731258421419
10  82  119.94853442982505
11  56  400.1670753495186
12  64  350.13991745464938
13  88  67.945374521070846
14  72  237.5354382388447
15  87  107.62667529327067
6  44  174.12461531904975
7  50  254.27813979889007
8  56  195.35739205059292
9  49  235.78385505665375
10  51  350.7644184494892
11  46  303.15976538867056
12  69  234.5861733656906
13  90  72.880710363236062
14  64  243.86810662628287
15  85  125.05325384670036
6  24  239.86828800440321
7  40  188.70647682640165
8  56  140.57460088291418
9  61  202.2732831204541
10  63  223.65946302182493
11  59  332.9170378741868
12  87  77.634431361821285
13  77  140.64414681991178
14  57  400.29760909774188
15  77  138.08453104395051
6  33  172.58926331960924
7  44  158.85341589085027
8  39  273.8908613435575
9  58  195.24233292268403
10  74  162.31269781082349
11  61  230.57929515901853
12  56  313.45330041876031
13  72  297.05033621039468
14  65  233.02862681354682
15  90  74.216984983065245
6  26  289.1304556131073
7  38  203.52750590967489
8  41  374.76587588247514
9  69  103.13345138503013
10  44  472.87095909725497
11  67  215.48891810974197
12  85  98.899551959918512
13  73  352.37403493233893
14  69  304.28838048931016
15  90  85.700698197812315
6  32  138.22317447900602
7  53  261.61507792750302
8  64  169.77281590254074
9  44  414.05668324434811
10  50  242.5139106401511
11  65  224.32949110948377
12  70  190.18752382308273
13  37  415.2175173640685
14  75  211.00221315460678
15  80  150.25630350153025
6  54  108.04189008784455
7  52  228.95938531339181
8  53  253.22875334666062
9  50  223.56327098786244
10  44  258.33454176532615
11  74  139.25636284879036
12  50  358.46222437621782
13  51  373.23647951094495
14  51  421.14983119844544
15  79  151.65058281592684
6  51  69.679112241359221
7  35  285.23106528952837
8  45  165.59614245225552
9  31  492.31499440757631
10  66  149.75722239853994
11  68  170.5456364345869
12  52  210.90361746623194
13  82  128.39342797062929
14  77  210.04680669573762
15  93  49.521190222085387
6  39  330.73341285874011
7  63  131.19232239678502
8  43  157.5984246159237
9  44  245.3520662080571
10  53  157.56807294937877
11  40  266.21030555320903
12  52  379.34110907902806
13  50  344.58334619188963
14  42  493.2903915961308
15  66  251.18943003266148
6  34  307.87567558840016
7  39  254.30573404560698
8  61  185.24122399938821
9  50  224.21091774802724
10  55  264.04020698472436
11  69  201.44088824161696
12  49  307.77070832267128
13  63  179.23269231368096
14  93  57.263235325856726
15  81  169.57920984999009
6  51  217.43202783041752
7  59  82.117780892793974
8  20  349.17733858951794
9  52  354.70986530468019
10  54  284.66529692060169
11  78  144.87839561148158
12  76  174.606515749446
13  93  45.980202491484022
14  87  72.084885670486159
15  83  134.71805686919748
6  53  125.96084449516277
7  38  194.28436284874587
8  45  235.19625754173867
9  27  265.82837442234495
10  28  286.10543008627377
11  68  182.29827992255792
12  83  113.21158204237229
13  76  205.59174344787925
14  76  155.68303764830839
15  96  46.524394930092825
6  18  86.70536803201307
7  50  147.18159885780099
8  31  288.07490342158417
9  41  225.99966344970846
10  56  174.15999726627692
11  56  275.18636593994631
12  50  289.61993539378005
13  62  188.18373788865256
14  90  87.045832547622254
15  91  68.837617843614311
6  30  183.93299339153072
7  72  100.70154932728933
8  53  287.51498704471192
9  65  183.43803388908361
10  62  201.22698115945434
11  69  171.77476719887815
12  56  295.31742023103311
13  71  206.32291894678241
14  72  197.61991841917182
15  73  216.73207204420305
6  37  136.72087256824327
7  28  236.03352289215664
8  43  375.42610774744736
9  69  115.07769217626654
10  75  107.77803707134667
11  54  303.37283568910362
12  78  141.88853541376031
13  26  321.84881431585461
14  91  64.677140552763277
15  87  105.65082269637102
6  52  110.78422649888799
7  31  357.54127748821548
8  31  314.66424431940095
9  57  207.73650416517805
10  57  293.48309335125589
11  64  199.74657226810226
12  80  121.37612426141847
13  74  175.60488834087678
14  83  110.63477137734532
15  87  115.12997056758682
6  42  157.96930171517991
7  70  127.98255660433512
8  5  418.01418185114073
9  43  344.20624110980214
10  31  296.10552320984618
11  51  400.52067086819704
12  70  169.92315447866906
13  60  266.91559723344511
14  82  103.08904612730478
15  88  115.45555636680061
6  28  222.13961336731958
7  55  131.8152149572428
8  40  327.55622583437332
9  38  225.31648729360933
10  35  563.94331959801013
11  50  311.75711771967923
12  70  175.56803001714161
13  68  211.20271856973466
14  46  339.23679492960468
15  90  70.466207801632166
6  10  155.86645719038546
7  43  196.51864693228697
8  54  229.66861525056427
9  26  399.68286147158341
10  39  373.21625550092062
11  60  272.4383284455734
12  32  477.41061789684312
13  77  130.03843085568914
14  59  381.30706553147485
15  86  120.48068662755502
6  60  126.25068616908074
7  36  231.44757043029338
8  12  318.33167130940359
9  19  409.56264412577008
10  56  177.6125424264726
11  74  128.48808981471234
12  61  174.51271767972452
13  84  129.17150063797328
14  71  261.46362034652128
15  78  173.29423925192523
6  29  246.76063351994159
7  36  245.42889665856583
8  20  387.90061663012176
9  23  428.13349963353414
10  60  309.3683844413448
11  85  133.00000679397624
12  58  237.47360547674532
13  70  167.67024868333326
14  73  118.64599139649465
15  81  144.19119300483879
