2  92.0  220.78878687223363
3  89.0  402.43841591903566
4  88.5  497.89621139246071
5  84.0  743.85372357542917
6  81.5  787.51456035733145
7  85.714285714285708  835.45807696388124
8  89.25  815.4314470293117
2  86.0  350.12906161006964
3  96.666666666666671  216.17163795369572
4  91.25  480.58228134722611
5  89.200000000000003  658.77352498460994
6  88.833333333333329  633.51923400548071
7  91.428571428571431  755.08547126457267
8  83.375  936.57805061463455
2  85.0  351.76797195770394
3  90.333333333333329  428.10793137630759
4  87.0  621.14751439416841
5  90.0  619.14398349956718
6  91.166666666666671  638.1507995719154
7  91.0  723.89560644900314
8  90.0  746.21507894892636
2  85.5  329.38247442685378
3  87.0  458.24780425683963
4  86.0  612.20548506762395
5  80.599999999999994  690.34814374919188
6  89.166666666666671  646.09123662385014
7  92.428571428571431  636.1610962749395
8  92.625  758.69373965849888
2  81.0  432.6121186754313
3  95.666666666666671  277.23374173190405
4  94.75  382.59574033692371
5  83.799999999999997  672.23103634661845
6  87.666666666666671  728.65748765163539
7  87.857142857142861  851.04658344877669
8  87.375  822.89430991868278
2  84.0  370.79475790460515
3  96.0  316.9326764649287
4  95.0  391.27744206934568
5  85.799999999999997  621.25821727062009
6  89.0  726.10926525712762
7  90.571428571428569  708.50752052943631
8  86.25  905.65728612255123
2  88.5  282.60291368626662
3  84.333333333333329  549.54786717560125
4  90.0  492.89886353766428
5  95.400000000000006  482.7719255302502
6  93.833333333333329  597.71436963443398
7  92.0  708.64387200233159
8  86.875  888.63217877129296
2  87.0  309.76617401647445
3  94.333333333333329  284.02800951112499
4  80.5  662.81651317262526
5  86.400000000000006  628.00395364337362
6  91.5  599.33180269311231
7  93.428571428571431  639.71875729584053
8  85.5  910.38186965504997
2  89.5  292.51511242702531
3  84.0  556.04525894603205
4  86.75  560.35669657874348
5  91.599999999999994  514.58402011573219
6  90.5  629.79693155596738
7  87.857142857142861  736.2827011479302
8  82.0  856.99138040216917
2  90.5  259.68839351327
3  91.333333333333329  365.834322453857
4  92.0  425.23957600663522
5  83.200000000000003  647.98193703219192
6  86.166666666666671  674.51449957998454
7  84.857142857142861  805.96874629895945
8  85.125  892.01550107522053
