2  92.0  139.72084267825585
3  90.666666666666671  386.54540353324666
4  90.25  433.53712267451863
5  89.0  559.56680838364537
6  89.166666666666671  639.59232965148362
7  90.285714285714292  752.4936885490423
8  87.75  770.66338685780465
9  95.111111111111114  716.10360024192028
10  90.799999999999997  1023.771913148144
2  93.5  161.40802852503583
3  88.333333333333329  343.1845132773189
4  86.0  581.68191761827552
5  94.200000000000003  403.62072428111486
6  92.666666666666671  560.67912005147377
7  87.285714285714292  605.89581551608853
8  89.5  790.40249572391963
9  90.222222222222229  897.05878556021389
10  89.0  1059.8642315493416
2  88.5  308.67675576474159
3  89.333333333333329  358.8710022519989
4  88.25  451.45717665940361
5  94.0  460.1251147858265
6  93.0  649.88894290769895
7  92.571428571428569  627.10118861276487
8  91.875  788.59550136288715
9  93.444444444444443  856.34155604169234
10  92.200000000000003  938.28001904262135
2  88.5  223.84570323351232
3  92.666666666666671  262.62371888955283
4  87.75  599.96022951998759
5  90.799999999999997  591.27532719510987
6  89.833333333333329  673.97557270482935
7  90.571428571428569  612.21354290675129
8  90.75  763.41906445311167
9  89.333333333333329  793.0184168161959
10  90.900000000000006  921.12155150511899
2  93.0  137.15430971030491
3  90.666666666666671  311.09057120152227
4  92.75  336.11135014068503
5  90.0  533.27515695694228
6  92.0  534.07756470299546
7  91.428571428571431  646.30822339026315
8  91.875  788.05979423387191
9  93.111111111111114  786.18842061714042
10  87.799999999999997  1020.3872840207687
2  90.5  256.2502267729152
3  91.666666666666671  360.34852079893056
4  91.0  485.47770744456574
5  91.400000000000006  528.83650949966261
6  92.166666666666671  563.09802002973402
7  92.714285714285708  624.90172341081927
8  89.375  828.61983689389797
9  88.666666666666671  887.05838588233996
10  84.799999999999997  824.78075527905162
2  78.0  560.4031442995805
3  91.666666666666671  291.32340747911866
4  89.25  490.69685725686651
5  87.400000000000006  694.00017186959951
6  91.0  629.33592310331267
7  93.285714285714292  573.73400300356741
8  91.125  717.12509237627205
9  88.555555555555557  902.64295155395041
10  88.099999999999994  862.13611489021548
2  86.5  363.35882884867391
3  92.333333333333329  318.15750827199309
4  92.5  406.79826578160316
5  91.799999999999997  509.83381724796959
6  92.166666666666671  627.65826276487155
7  91.714285714285708  631.2208508083844
8  91.625  783.28892185057316
9  89.0  907.20512956882953
10  92.900000000000006  837.77598450728044
2  85.5  330.25301186321457
3  94.0  244.62231726440245
4  93.5  354.26135417568986
5  90.0  472.27856633375484
6  91.666666666666671  559.68858180745644
7  90.714285714285708  695.7380985801218
8  90.75  781.94310543597112
9  91.111111111111114  843.32792783759874
10  90.599999999999994  909.3488211138025
2  90.0  263.74786777988663
3  89.333333333333329  377.64120500435263
4  91.75  421.78671921097663
5  87.799999999999997  571.59103468086619
6  92.166666666666671  592.28328511957363
7  91.571428571428569  697.25424420201591
8  92.75  810.66106246122763
9  92.0  838.67664045340985
10  91.299999999999997  1045.7657593460376
2  86.5  249.61232150151844
3  86.666666666666671  496.46661646951708
4  88.0  729.32329515452466
5  89.200000000000003  663.79087452876786
6  88.0  741.31040983465073
7  92.0  727.48548493326666
8  92.125  736.31864698820118
9  91.111111111111114  846.18021485595136
10  90.299999999999997  943.88024578608611
2  93.5  161.60516012559023
3  90.333333333333329  353.52218634690229
4  89.5  442.9961283114157
5  94.599999999999994  424.765320756964
6  91.333333333333329  558.98511382440108
7  91.142857142857139  707.8284297917304
8  92.125  741.8565703887175
9  90.333333333333329  826.93914430554582
10  90.299999999999997  988.28454066037796
2  85.0  351.30516025448765
3  93.0  233.81442467683252
4  91.0  457.81639491727304
5  89.200000000000003  540.76932077601066
6  87.5  731.06412200616103
7  92.0  702.49537983988125
8  90.375  696.06964275740916
9  91.555555555555557  791.6001639231547
10  90.5  903.63374299240627
2  93.0  201.49565665519037
3  82.666666666666671  571.24181582670928
4  87.25  498.61681017039513
5  92.0  501.44980947301485
6  91.166666666666671  689.95308000568548
7  89.714285714285708  749.92877580319976
8  90.0  878.6074248685868
9  88.777777777777771  932.82805298073936
10  88.5  1003.8393564945483
2  89.5  315.15957076819132
3  87.333333333333329  383.29875267661197
4  94.5  354.28346327505676
5  92.0  498.15628900465759
6  91.333333333333329  652.66545678395721
7  92.571428571428569  701.55116351575555
8  88.25  939.31996234886367
9  94.555555555555557  760.18162391833414
10  92.599999999999994  892.50610095414686
2  88.5  237.37494899936294
3  86.666666666666671  314.85589147984439
4  88.0  549.41334801606467
5  90.400000000000006  437.27664428244509
6  85.833333333333329  765.49839617859902
7  92.142857142857139  737.09087625277607
8  92.0  792.64671345366014
9  92.0  892.33896658112167
10  89.799999999999997  963.28852884587786
2  82.0  466.08180283166951
3  89.666666666666671  448.40433772379936
4  91.5  366.56431051826411
5  92.799999999999997  477.36425916118571
6  93.333333333333329  439.30633216434927
7  92.285714285714292  663.69683362238175
8  89.75  836.27495806727256
9  89.111111111111114  858.87446799266729
10  91.5  912.94789774262915
2  87.5  326.96481150467713
3  86.0  533.27621088290653
4  90.0  378.70069736491689
5  92.599999999999994  475.14713147467529
6  88.833333333333329  713.02757347108331
7  92.142857142857139  607.09615877079284
8  95.625  642.82609945128206
9  90.888888888888886  857.59703676536105
10  87.700000000000003  943.77422987677755
2  91.5  218.97243027982287
3  90.666666666666671  355.74265167237706
4  91.75  391.76557684222553
5  86.0  762.81146507085293
6  93.5  537.00292479164546
7  90.0  773.90924768221419
8  88.0  794.39490870458246
9  92.444444444444443  815.75634350607822
10  86.900000000000006  869.75077402860143
2  89.5  231.03891937646799
3  90.333333333333329  295.71021254940018
4  87.25  586.79334041182369
5  88.0  682.09626502537094
6  88.833333333333329  635.50996041059773
7  89.857142857142861  831.77134880154586
8  93.875  759.40020359986238
9  90.888888888888886  901.97490820525047
10  91.099999999999994  1000.3555973877817
2  90.5  193.64264988453283
3  93.333333333333329  223.50078528253255
4  91.5  406.28584197173257
5  88.799999999999997  773.51041760125054
6  88.333333333333329  698.05644994077181
7  92.571428571428569  626.69260808660977
8  90.25  755.57626621814325
9  90.333333333333329  906.08525544067777
10  91.299999999999997  944.35691702704787
2  87.0  275.26734863954914
3  79.333333333333329  469.94631558684415
4  92.5  410.22029870543656
5  91.799999999999997  447.50144778267583
6  90.833333333333329  637.48756250486667
7  88.714285714285708  851.40149967039963
8  92.0  762.66086541272784
9  92.222222222222229  787.31405360843792
10  92.700000000000003  919.73791684267258
2  90.0  266.79858838447143
3  92.0  265.38582034084965
4  91.5  372.05022492233053
5  86.200000000000003  680.44274617001054
6  91.166666666666671  721.67684758132771
7  89.571428571428569  699.95977048400994
8  93.125  767.14830621719966
9  92.333333333333329  825.34939479290858
10  91.299999999999997  870.42232893497305
2  80.0  696.37152333922211
3  84.333333333333329  504.28709641807438
4  89.25  449.74286078534283
5  90.799999999999997  596.7075099539237
6  90.5  586.00021647956578
7  91.571428571428569  607.04233098142402
8  91.625  765.59422188577662
9  89.0  910.39083906755877
10  87.400000000000006  941.20684830041671
2  90.5  213.1143831540071
3  91.0  292.96052133912582
4  84.5  698.71745766991467
5  91.0  519.56224380746494
6  93.0  557.28579825263648
7  87.857142857142861  744.99139659880848
8  94.0  693.11606424468391
9  88.222222222222229  903.54352250317754
10  92.599999999999994  740.59630791972722
2  85.0  324.47130018250022
3  90.0  365.50036062627669
4  90.25  421.58062555902586
5  95.200000000000003  340.76992607986648
6  91.5  660.37520182478875
7  90.714285714285708  710.70010290532207
8  90.0  928.38433588456871
9  87.888888888888886  896.41377885789132
10  79.599999999999994  1121.1228141543868
2  76.5  476.57673648576292
3  85.666666666666671  409.6984794799933
4  91.25  502.48467148563316
5  89.599999999999994  619.42843443704817
6  92.166666666666671  657.37379532310752
7  84.571428571428569  817.18119921988728
8  91.5  786.15602451187601
9  92.555555555555557  739.68449387364717
10  93.200000000000003  849.44423773128517
2  88.0  252.91741226865778
3  93.666666666666671  316.77044595408211
4  89.0  392.90760668592952
5  88.400000000000006  604.26772121845158
6  92.833333333333329  596.91194621268482
7  94.714285714285708  559.01820346132706
8  92.75  681.0314715921786
9  89.888888888888886  895.01176900579537
10  92.400000000000006  953.90511705456061
2  91.5  244.85840829938221
3  90.666666666666671  373.79681712990646
4  88.5  428.18819643342425
5  90.599999999999994  542.0448107715398
6  92.5  599.03216265178332
7  91.0  638.46260661496012
8  92.25  755.79881619587206
9  83.555555555555557  935.72623484326914
10  85.700000000000003  1039.3345136502403
2  85.5  327.17088433103601
3  90.333333333333329  310.58588427617411
4  87.75  467.91171915880386
5  91.0  469.19232698834668
6  90.833333333333329  717.68368839377013
7  88.142857142857139  679.26798168129403
8  91.125  742.67404050342736
9  91.666666666666671  865.13664337037972
10  90.0  993.31327063968445
2  82.0  337.55253606453994
3  92.0  289.0901293038109
4  93.5  394.11041216320831
5  93.200000000000003  501.27213077250548
6  89.833333333333329  621.21948120873105
7  93.857142857142861  663.91625864798505
8  92.0  793.6135789268186
9  90.222222222222229  937.77251303708169
10  87.799999999999997  969.77420770660149
2  84.0  173.44981985681989
3  81.666666666666671  459.24599498937056
4  91.5  433.2180666334981
5  91.400000000000006  548.02135080501978
6  93.333333333333329  616.95011986590123
7  91.857142857142861  724.42177784824821
8  88.375  950.31835486636908
9  90.777777777777771  859.11196568072853
10  91.099999999999994  934.66006329159529
2  86.0  502.21076290626672
3  93.0  324.16532014833945
4  91.25  452.66013567636219
5  82.599999999999994  590.57479996600739
6  91.666666666666671  586.84283536145313
7  91.571428571428569  681.34164831823409
8  93.0  871.51397635195804
9  84.111111111111114  1035.79568403193
10  92.599999999999994  955.70749706537924
2  88.0  324.17266823027558
3  87.333333333333329  342.69340546533579
4  87.75  511.26935859945291
5  91.0  599.81263164857558
6  91.666666666666671  623.33494543619133
7  91.857142857142861  708.19192371441261
8  84.75  842.46938008827169
9  88.555555555555557  1014.0252943421915
10  93.099999999999994  890.83344968265851
2  92.5  159.63007956063461
3  90.333333333333329  379.42751288230647
4  88.25  511.1355793404764
5  91.599999999999994  549.15043343779701
6  89.833333333333329  712.83217678795279
7  88.428571428571431  748.68682036486018
8  95.0  714.35571421048405
9  92.222222222222229  732.40376409615465
10  91.400000000000006  780.1134910448967
2  79.0  500.87279075640447
3  87.333333333333329  467.8899806516331
4  92.75  349.00663007185676
5  86.799999999999997  715.4783885942893
6  90.0  653.80749016991922
7  84.142857142857139  841.42039465023004
8  93.125  659.5199747313344
9  90.777777777777771  871.98000046269146
10  90.099999999999994  975.63360729061867
2  93.0  173.46233368017266
3  84.0  563.95612907039435
4  84.75  418.71041403128942
5  89.799999999999997  529.26390558782646
6  89.333333333333329  682.53070165612473
7  91.0  795.05499607484148
8  88.5  810.43629628525673
9  93.222222222222229  801.91785019508598
10  87.599999999999994  922.67679091812386
2  82.5  372.99049788355472
3  85.333333333333329  473.48458679753873
4  90.0  561.05192724177448
5  92.799999999999997  538.78723110055171
6  91.666666666666671  580.85583892623652
7  89.142857142857139  724.29797046603198
8  92.375  644.07283470955565
9  91.555555555555557  847.2739853682117
10  89.799999999999997  1039.5720868263109
2  90.0  268.60937079124523
3  81.666666666666671  439.4603400810783
4  90.75  483.53883885252111
5  93.400000000000006  467.26998021797391
6  91.166666666666671  721.75075377666349
7  83.428571428571431  701.01046279830825
8  92.875  732.7610452733519
9  92.666666666666671  912.81044657061614
10  84.599999999999994  1029.8628601913867
2  86.0  319.08703827190766
3  90.0  411.70420404092471
4  90.75  484.92162317820731
5  94.400000000000006  434.91981880492108
6  87.666666666666671  731.19338068100831
7  88.857142857142861  838.35850622303451
8  92.0  746.28328440643827
9  91.777777777777771  761.91248426132836
10  91.099999999999994  840.68656353599272
2  83.5  436.14377113733531
3  88.0  386.92262077624258
4  91.0  394.27964820688499
5  91.0  521.99495650166216
6  88.666666666666671  685.44128361917808
7  93.285714285714292  565.97021851572561
8  90.0  733.26446712248116
9  89.666666666666671  941.48010944390705
10  93.299999999999997  845.06514883215482
2  83.5  385.25258943170667
3  89.666666666666671  352.55577436618182
4  95.0  313.26889292386471
5  93.200000000000003  489.29545797297044
6  92.333333333333329  624.3509074429362
7  90.142857142857139  712.95759009947767
8  89.25  810.1722554215421
9  91.444444444444443  841.89304257936408
10  94.099999999999994  852.70824474626033
2  85.5  303.78161479434732
3  89.333333333333329  295.39821101819035
4  92.75  452.96876094470866
5  91.599999999999994  614.31445040350013
6  93.166666666666671  515.08793945861623
7  90.428571428571431  678.06787446932128
8  87.125  778.57473464309714
9  91.666666666666671  803.28494440158318
10  88.599999999999994  1098.6806491240882
2  89.5  256.20551772045491
3  86.333333333333329  479.82174025723617
4  89.25  480.04501008938325
5  88.400000000000006  500.43213099509194
6  91.833333333333329  616.82122082066894
7  89.428571428571431  841.19829027595529
8  93.5  767.68244488780783
9  88.111111111111114  818.25248338437336
10  90.200000000000003  1001.0925499665708
2  83.0  322.14243662923838
3  93.0  279.66407983652022
4  91.0  445.42120600036981
5  87.599999999999994  822.29352344961126
6  91.333333333333329  627.68259028517377
7  89.714285714285708  660.01039883522606
8  92.0  711.75839211701486
9  91.333333333333329  838.62562211566978
10  92.400000000000006  969.95041600190041
2  90.5  246.0921941690643
3  83.666666666666671  543.98770196301575
4  90.5  450.00428844355071
5  89.799999999999997  552.22111844270341
6  85.166666666666671  524.76324725326458
7  91.857142857142861  657.92806746991675
8  92.125  768.21598380124988
9  92.777777777777771  836.25468244109175
10  89.400000000000006  857.53540203310024
2  83.0  452.8461615347544
3  84.0  699.65817587387551
4  90.25  466.65079610579176
5  89.400000000000006  777.13733876061769
6  85.166666666666671  763.00205721770658
7  93.428571428571431  678.00548478585301
8  90.25  815.19314310647053
9  94.111111111111114  715.42675637681964
10  91.299999999999997  1012.986979539048
2  90.5  180.34300093318484
3  87.0  541.36050131212471
4  84.5  837.98222668306073
5  91.400000000000006  521.0830154650115
6  89.333333333333329  717.99341142351875
7  88.857142857142861  716.18176494480883
8  92.75  798.16095263106456
9  92.111111111111114  884.48822963180032
10  91.099999999999994  943.47177887402302
2  89.0  243.75481790925568
3  89.333333333333329  358.68063556581228
4  88.25  430.19011275320753
5  90.400000000000006  538.44246314364773
6  93.666666666666671  565.51095236982542
7  85.857142857142861  890.35613307653045
8  89.875  783.46355699043772
9  90.444444444444443  903.28335191702524
10  91.700000000000003  908.67191160463676
2  92.0  220.50975671215801
3  92.333333333333329  337.48021247910231
4  93.75  332.3094297815536
5  86.200000000000003  748.3744372573467
6  83.5  721.07316792574954
7  91.714285714285708  646.0113554232247
8  93.375  716.0220508394998
9  89.444444444444443  913.10383759872798
10  88.900000000000006  860.01309592643474
2  93.5  142.81375413627461
3  87.333333333333329  435.44834621613353
4  91.0  509.48008211409712
5  92.799999999999997  435.90377298797063
6  91.666666666666671  652.4220894993307
7  90.285714285714292  640.4875691241316
8  91.5  810.30685216806444
9  88.888888888888886  902.40803711610101
10  92.299999999999997  906.30130141273469
2  88.5  247.3869271065241
3  90.666666666666671  403.22123085889223
4  90.0  576.9279754838758
5  90.400000000000006  539.97341876115627
6  89.166666666666671  639.10662831914055
7  87.857142857142861  818.87805739903411
8  90.625  788.05878794876855
9  90.777777777777771  848.35037278659081
10  92.799999999999997  856.2801017293832
2  91.5  243.02855174624207
3  89.666666666666671  388.51178773118806
4  92.0  375.32997758287615
5  92.799999999999997  418.61590790828808
6  91.0  673.20497093983727
7  86.142857142857139  977.92326543043839
8  91.625  613.70880044636237
9  90.111111111111114  928.41019210821548
10  88.799999999999997  881.31760699135475
2  89.0  316.650003760522
3  84.666666666666671  594.40397555689628
4  83.5  760.44054316579411
5  92.599999999999994  417.98157668542495
6  91.333333333333329  711.47275150829296
7  91.0  662.94916940713313
8  92.375  791.72115830589883
9  91.444444444444443  744.90590594400487
10  92.900000000000006  898.49711471272792
2  89.0  255.60466796469581
3  91.333333333333329  330.03344583255176
4  91.25  419.74121762392525
5  88.200000000000003  594.21265365138856
6  91.0  568.08697292490854
7  89.714285714285708  703.12725620085439
8  85.125  845.66295005203494
9  91.222222222222229  908.99949414244304
10  92.0  969.48203828362568
2  89.5  238.92238509792583
3  95.333333333333329  191.710437840472
4  92.5  388.17603095365996
5  89.799999999999997  613.93427931816495
6  92.333333333333329  576.63196213543858
7  84.285714285714292  854.98072242282785
8  87.875  932.12704135750278
9  91.333333333333329  814.90260485325848
10  91.799999999999997  900.35939090679631
2  82.5  432.14147845105822
3  93.666666666666671  212.27512591349529
4  91.75  418.4634538833941
5  93.599999999999994  406.29008843868729
6  93.5  612.95368772663255
7  89.714285714285708  602.75291865847964
8  80.625  941.5321787681238
9  90.0  838.78874050368665
10  87.599999999999994  1058.6352334059566
2  88.0  330.91183657989001
3  88.0  509.023513748852
4  88.5  568.35797090427047
5  88.0  572.0012898014578
6  90.0  703.5746424404673
7  93.0  665.14502664243321
8  90.0  829.42857372636445
9  91.222222222222229  926.48376773407222
10  91.700000000000003  867.24761496706333
2  87.5  255.94426458421458
3  85.666666666666671  513.69174940476842
4  90.5  419.89067108876071
5  88.400000000000006  763.5421535052734
6  88.166666666666671  652.33208774065702
7  80.285714285714292  653.57067920812722
8  90.625  772.63817882730052
9  91.444444444444443  826.08398067027679
10  87.400000000000006  1013.1300226933928
2  89.5  244.80846021666451
3  86.666666666666671  491.56163032823503
4  92.5  376.25686075058974
5  90.400000000000006  536.625552521808
6  90.666666666666671  706.22944506626186
7  89.571428571428569  742.97104934323295
8  87.875  879.42471657178919
9  91.0  854.5862728735633
10  90.900000000000006  931.06553787445876
2  87.5  398.88023074083662
3  89.666666666666671  319.07745544893322
4  89.5  578.37289865862147
5  87.799999999999997  640.49360841092948
6  90.833333333333329  594.19293076607426
7  93.285714285714292  602.06984321286109
8  92.75  725.96069975996727
9  87.777777777777771  901.83733538114382
10  91.299999999999997  938.91853442195395
2  83.5  435.2586475467416
3  93.333333333333329  296.55472150714724
4  94.0  361.015544813323
5  85.0  542.55503009498716
6  87.333333333333329  602.40248065729077
7  95.857142857142861  536.78473240190078
8  90.25  862.78586373040446
9  91.333333333333329  852.54095759106792
10  90.299999999999997  921.22531645843549
2  85.5  468.80776099405347
3  87.666666666666671  438.73717358337382
4  91.0  466.76024906302644
5  90.599999999999994  567.47980247461442
6  92.5  604.66363692541381
7  90.0  679.19606953557911
8  89.0  723.85465974064334
9  94.333333333333329  725.94951849477002
10  91.400000000000006  906.45557083877179
2  77.5  579.63119561151814
3  89.666666666666671  431.21993998011339
4  88.25  505.67014084504171
5  90.0  578.60300228491076
6  90.0  718.18387164962985
7  90.714285714285708  650.92211263020909
8  92.75  731.72728837933983
9  88.888888888888886  879.54831262484402
10  89.599999999999994  994.26352623177308
2  86.5  307.79629215839367
3  89.666666666666671  295.43988044822237
4  92.0  378.26008470554387
5  87.400000000000006  585.2747882053344
6  91.833333333333329  524.04054331176951
7  93.857142857142861  614.24094090027813
8  91.25  741.53532126334414
9  90.666666666666671  923.23143605260395
10  90.299999999999997  892.81486830728272
2  91.5  191.40330580985213
3  93.0  308.52404747521348
4  93.5  380.11979395532961
5  89.599999999999994  462.51694024893703
6  89.666666666666671  707.3885904285994
7  86.857142857142861  808.63475751128067
8  90.125  695.8020563607331
9  85.444444444444443  998.65348620450709
10  87.099999999999994  1022.5826458358749
2  86.0  283.36160581623437
3  91.333333333333329  379.94293077964653
4  88.75  508.29798827790199
5  89.599999999999994  600.00384982809442
6  93.5  533.75238824622954
7  87.285714285714292  987.55424500796357
8  89.5  861.2562133665848
9  89.444444444444443  893.82523888479534
10  89.400000000000006  941.005657680848
2  87.0  302.4160772918861
3  85.666666666666671  526.96039872620918
4  87.75  574.69229610303034
5  91.0  613.2084751003423
6  88.666666666666671  687.70109446470951
7  92.571428571428569  675.85136442478267
8  94.125  704.74328508242854
9  90.666666666666671  884.84999454371052
10  90.599999999999994  832.97297296251759
2  90.0  302.54106133653949
3  89.0  474.16610618383618
4  81.0  647.38221154227176
5  86.599999999999994  534.14660910083217
6  91.833333333333329  604.44547279088727
7  90.142857142857139  739.07905249810983
8  89.5  745.52095733050248
9  91.888888888888886  823.93949837306559
10  91.599999999999994  917.05930010011105
2  88.0  302.32747608493372
3  89.666666666666671  414.81815568145282
4  87.75  641.24850573288052
5  91.0  541.37803139253754
6  91.666666666666671  635.38378375636387
7  91.142857142857139  732.47575817396955
8  89.75  941.26377450377106
9  92.555555555555557  829.63361815198527
10  93.299999999999997  782.26745627823732
2  89.0  269.43683939302599
3  87.333333333333329  523.24300910518605
4  89.75  455.66842855858994
5  87.599999999999994  684.93252642595075
6  88.333333333333329  708.04025561779258
7  90.571428571428569  745.42936790411034
8  89.875  760.92834260015047
9  89.222222222222229  866.12749353427489
10  89.900000000000006  868.37757986729491
2  90.5  225.04832563660932
3  91.0  324.29051009499148
4  91.25  488.85667561471502
5  96.200000000000003  86.924248339382586
6  86.833333333333329  833.87329531250248
7  89.857142857142861  690.11742688405639
8  90.0  817.20267432317473
9  91.0  916.35612796235682
10  93.900000000000006  862.94569134305937
2  85.0  531.28803830688696
3  88.0  408.02779416251855
4  91.5  485.72026674357528
5  88.799999999999997  578.81935917077146
6  90.333333333333329  635.5527844781044
7  91.857142857142861  804.00788607588345
8  89.5  757.13297829138878
9  94.555555555555557  748.23219649034422
10  89.200000000000003  944.06800904448107
2  89.5  259.17333386932029
3  90.666666666666671  331.42476434092379
4  88.5  397.61684410622132
5  90.200000000000003  547.17394424001031
6  88.5  818.74514042000283
7  93.0  657.66665766049402
8  87.25  876.90835315886989
9  90.777777777777771  848.24155983449702
10  86.900000000000006  902.08009728109755
2  92.0  195.91510335893059
3  91.333333333333329  320.43620242604294
4  90.25  575.88590755456846
5  85.400000000000006  828.08904184501284
6  90.666666666666671  640.99664894332273
7  89.857142857142861  763.34941472768935
8  95.0  650.77667378897297
9  89.666666666666671  878.74894244751692
10  91.5  970.43691684213513
2  89.0  347.69221621484076
3  86.333333333333329  588.53059042109874
4  89.0  545.45598817888185
5  88.799999999999997  754.09630003857308
6  86.0  770.47957337533217
7  85.714285714285708  654.85464079971268
8  88.375  807.53352729711207
9  91.222222222222229  883.45014807126915
10  92.700000000000003  968.75494379555721
2  87.5  329.29056016479973
3  86.333333333333329  406.18911757718553
4  88.75  512.70879743871649
5  88.200000000000003  560.57308675387787
6  90.833333333333329  682.94703610495264
7  91.142857142857139  742.49795794910074
8  94.0  704.57595513882086
9  91.777777777777771  833.31537482290446
10  94.0  835.53583191284326
2  88.0  318.72716722884138
3  92.666666666666671  317.62779414154517
4  87.5  521.8584304086213
5  93.799999999999997  446.83508395666922
6  92.666666666666671  531.43086431815073
7  90.142857142857139  674.91230844161066
8  89.375  868.60749366352638
9  87.333333333333329  832.05070491617005
10  92.200000000000003  864.52184541963447
2  91.0  224.96448017868249
3  91.0  357.36019912487728
4  89.25  480.64471089129313
5  89.400000000000006  579.45961086337286
6  92.5  607.16439787949946
7  91.857142857142861  753.7658274101384
8  87.5  786.41745150687461
9  87.0  969.49943012215579
10  90.799999999999997  918.46311071986634
2  81.0  588.2551386723984
3  93.333333333333329  250.19350027493803
4  90.0  433.73732507460107
5  88.200000000000003  696.54020459727838
6  92.5  556.28243734312503
7  87.142857142857139  694.50372807355211
8  89.875  1020.5612725589793
9  93.111111111111114  800.33607130344262
10  93.700000000000003  825.10746342290372
2  89.0  312.94809518313264
3  95.0  218.40894701739859
4  89.0  516.73224104689712
5  84.599999999999994  689.75539132455742
6  89.333333333333329  639.9096391819262
7  86.571428571428569  714.10798214277156
8  91.625  728.6642832105116
9  86.555555555555557  1014.6168644038507
10  92.599999999999994  872.26146286717471
2  86.0  316.43056059644277
3  88.333333333333329  391.46814863420644
4  90.25  457.85717660452258
5  88.200000000000003  532.23065739740127
6  90.0  678.26309975372772
7  90.428571428571431  730.2140172431599
8  89.125  862.78356156496454
9  88.888888888888886  838.57115485893905
10  89.900000000000006  951.7833803594558
2  90.5  199.71033064505849
3  89.666666666666671  310.85997976708023
4  87.75  584.15080132623132
5  87.799999999999997  522.4282188557662
6  90.5  707.20230004225584
7  89.857142857142861  756.51086342690974
8  90.625  825.34708753417272
9  89.444444444444443  881.96894778290607
10  92.5  898.95617459737832
2  91.0  208.05294021638502
3  87.333333333333329  351.73917916648747
4  85.0  541.2662066612944
5  92.599999999999994  491.52660420909234
6  90.333333333333329  592.36713251369167
7  93.0  622.15122465858417
8  88.125  917.46319102221878
9  90.0  987.44642797388053
10  88.799999999999997  846.87601699590675
2  87.0  410.58182584594283
3  88.0  418.87443645197595
4  83.0  638.01549812609971
5  92.599999999999994  448.77386348460419
6  91.0  591.16770398092115
7  90.857142857142861  663.14142789840639
8  91.0  701.60099257335446
9  89.888888888888886  916.12689758643785
10  89.900000000000006  912.42532839071725
2  86.5  312.60247843673869
3  90.333333333333329  330.29368176639861
4  86.25  526.33366904145362
5  91.0  508.7146442310077
6  92.833333333333329  556.58462793885701
7  85.0  683.02071765167307
8  91.5  741.49405142490571
9  92.777777777777771  814.36064788086139
10  93.200000000000003  875.10892134865458
2  86.5  420.729916773046
3  90.333333333333329  426.47074991871796
4  92.25  420.27001898479193
5  87.200000000000003  767.34666296491207
6  91.666666666666671  528.96843703411764
7  92.571428571428569  660.50220848533547
8  90.75  790.23969356274745
9  90.888888888888886  841.68427413892937
10  91.700000000000003  909.05902841760144
2  93.0  147.0647563021044
3  90.333333333333329  412.80933632749952
4  88.0  513.45989381247068
5  90.799999999999997  587.96764990833469
6  90.333333333333329  661.29814455725011
7  91.142857142857139  715.29069200652668
8  93.0  709.65576350084825
9  93.333333333333329  746.57034747517002
10  90.299999999999997  836.67409295651066
2  86.5  320.99959126631802
3  87.666666666666671  415.33778104890905
4  89.25  536.09827085029906
5  90.0  537.33135787457934
6  90.5  648.1079078004019
7  88.571428571428569  793.76712299156134
8  93.5  729.79607643964596
9  90.888888888888886  823.68075687391729
10  90.599999999999994  953.38710295145165
2  81.5  419.10961438645785
3  92.0  373.11796325833001
4  89.25  476.93190229345618
5  89.200000000000003  572.87242771322121
6  89.5  744.96921615122926
7  92.428571428571431  612.13442262715273
8  91.25  797.94556690254626
9  89.888888888888886  899.39125624311725
10  90.799999999999997  922.72236860009127
2  90.0  280.36532166214124
3  91.0  333.5009581239724
4  93.25  399.47017551232335
5  91.0  609.41386080005043
6  85.666666666666671  799.65265787300336
7  92.428571428571431  661.3767264900697
8  94.0  712.08010498777821
9  89.888888888888886  832.31934202650768
10  93.400000000000006  856.80982000510153
2  82.5  367.64909915652674
3  88.0  517.22159239295206
4  88.75  427.75830590251155
5  91.200000000000003  623.35543101890596
6  90.333333333333329  634.57544380873344
7  92.285714285714292  633.43253211593083
8  91.5  749.42132730376113
9  91.777777777777771  859.76169306335407
10  86.400000000000006  981.65477416488056
2  82.0  478.48045666674642
3  89.0  378.46589072322286
4  90.75  465.08495897631565
5  90.0  624.51710813668615
6  91.0  649.16263032506151
7  90.285714285714292  760.84263687073803
8  89.0  873.32016309928906
9  89.666666666666671  864.81822347580669
10  90.099999999999994  965.50599807497201
2  92.0  185.82269535098322
3  81.0  480.62208769400445
4  86.25  666.32851424971182
5  88.0  583.35375322517314
6  92.0  636.5142389361099
7  90.714285714285708  699.9137026016582
8  84.625  750.40286749766722
9  90.0  848.01266763932927
10  88.099999999999994  972.0068554741556
2  85.0  391.95250034766974
3  91.0  361.52378998178574
4  86.75  628.47340905909414
5  87.200000000000003  647.88036940071606
6  91.833333333333329  588.77791133759763
7  88.857142857142861  748.96886348179009
8  92.0  821.17893433451525
9  92.555555555555557  840.50337545360924
10  92.299999999999997  884.69286777140564
2  88.5  311.19237793236363
3  92.0  311.35122273912975
4  87.75  560.90494605045217
5  91.200000000000003  452.27981374268313
6  90.333333333333329  516.88826871313313
7  90.571428571428569  778.40006627245793
8  89.0  761.57904264863089
9  90.555555555555557  932.19513760423138
10  90.5  870.57860661175937
2  87.5  267.68877388834636
3  89.0  362.81128550862036
4  92.75  368.80075190756588
5  91.200000000000003  442.99792296944435
6  93.0  569.94402401643652
7  92.428571428571431  592.05794114927085
8  91.125  770.12064370067083
9  89.555555555555557  886.82787867191178
10  82.5  1016.3323289847257
2  88.0  226.92958245599627
3  88.666666666666671  420.93267376831267
4  93.5  299.1076184729169
5  89.200000000000003  625.01193847380523
6  92.666666666666671  559.53425022129363
7  89.428571428571431  645.69146285738123
8  90.75  819.46039130565282
9  92.444444444444443  731.08596619434206
10  94.200000000000003  794.97171001367076
2  91.5  207.83165797524305
3  87.666666666666671  406.50962004394523
4  90.5  483.66809607913615
5  84.0  518.90837530122633
6  91.166666666666671  608.78372812268685
7  90.571428571428569  710.01587195985769
8  91.125  703.02811938567277
9  91.111111111111114  765.93665619172646
10  88.599999999999994  880.06021226371729
2  88.5  250.69099755105398
3  88.666666666666671  374.03869608747152
4  89.25  508.51135946583497
5  90.799999999999997  540.97878661881214
6  88.666666666666671  596.06319823954152
7  92.857142857142861  581.64686126094637
8  95.0  630.13387392985214
9  84.666666666666671  912.63216074997661
10  90.700000000000003  1011.282546078891
