6  34  185.85747342874009
7  66  160.81505813885207
8  58  188.59627777950038
9  91  121.28386054497916
10  52  181.5482103624696
11  80  149.00204142174607
12  76  90.806396069353269
13  74  157.40277771572715
14  84  128.32350431879487
15  100  51.056205277775462
6  39  235.72021211513422
7  41  238.03117591135776
8  49  254.97609432064957
9  66  154.53022369197711
10  71  223.82368460810889
11  100  65.135145149105512
12  97  69.986590717945461
13  90  93.137181346972994
14  64  258.58712901392448
15  89  133.19972868584497
6  84  123.65516874903747
7  30  217.54460777007529
8  47  140.05931239184824
9  68  182.5224747989175
10  84  153.12260108905656
11  99  66.440607161396869
12  100  63.271190493309611
13  68  231.85146189326431
14  96  63.275307396596197
15  82  118.12164116178722
6  17  166.41920501136551
7  43  160.43992719665204
8  73  198.71462525849299
9  96  62.55042145912185
10  93  72.00628455546088
11  46  284.22311219374905
12  89  136.6791949230429
13  100  68.498384170066217
14  64  151.29306633846667
15  84  153.15073753344657
6  39  153.11349232089492
7  53  193.03080501188836
8  65  127.0445512851155
9  85  117.81836280908733
10  88  81.615754088171457
11  61  240.80828622101023
12  88  108.91043863611633
13  85  95.517224424576384
14  71  202.97360142466678
15  93  95.930082889966826
6  15  142.11099828562533
7  85  97.517951041503707
8  51  168.90772957392232
9  77  80.255215852037182
10  51  231.08912695854877
11  63  175.50731299755984
12  88  135.21721597201218
13  96  92.506849152051771
14  56  331.08089025819692
15  97  76.663069791783656
6  47  187.45809806848416
7  58  167.2001452822042
8  55  181.86325535077279
9  69  191.32421178049904
10  58  233.67250911186926
11  100  54.495508012500956
12  94  99.663469931800762
13  75  202.7814470439186
14  68  188.92985002848633
15  83  171.00519667968717
6  56  98.477028746488784
7  30  149.96197419182218
8  33  198.71393500825599
9  85  100.66838882663376
10  65  229.58532397127826
11  76  182.08754339233133
12  89  132.53605127935643
13  95  84.909947030591866
14  89  144.00070648785018
15  79  212.8213840393303
6  72  90.57266113935141
7  45  210.35498740767318
8  63  131.56786564431664
9  72  183.99038956374781
10  87  133.12353104409226
11  77  174.95760302985977
12  89  114.59303339571028
13  78  173.22081235800241
14  77  225.19489508445469
15  89  139.53696939785812
6  72  104.07741296049667
7  66  129.93505055265834
8  21  178.44107529781985
9  74  168.7837992217799
10  46  290.43854587421157
11  76  203.67154836571197
12  74  151.40089200082576
13  89  160.24816606245545
14  75  221.28039363546679
15  95  99.668821150879879
6  60  130.70351290300945
7  85  122.55620399040848
8  59  110.53714155936935
9  37  265.46228309995945
10  63  201.51641747632374
11  71  140.08866970318488
12  63  102.19062596658149
13  86  157.16494434126855
14  84  150.94109948947477
15  72  236.92298544302108
6  32  146.18105436781161
7  60  118.8414247046921
8  80  110.62690120783353
9  41  146.53558325565393
10  31  308.75920714338059
11  77  165.3274880141785
12  65  185.78856559617569
13  86  149.54207903870528
14  95  86.438552117761617
15  74  236.5689738323249
6  52  125.08496256760417
7  56  164.77413443161888
8  58  158.53968196263099
9  49  220.74214989527027
10  82  87.346997437681068
11  84  119.28547455027413
12  89  118.14104807364785
13  83  147.47892703934761
14  40  402.84773818534984
15  100  46.105703183343465
6  37  246.44684812018656
7  68  155.36280324558081
8  48  227.43034331696373
9  100  84.990961934055974
10  86  155.15479539276228
11  92  111.27608104812249
12  94  92.408976304289041
13  79  175.68191818822939
14  77  225.20171198279346
15  88  150.78806147818534
6  93  76.80182308756477
7  50  174.42413468800709
8  76  133.42647384240246
9  57  261.48773136941992
10  88  132.38505667161971
11  71  219.37111364006995
12  92  111.6145852244229
13  82  164.79094818048625
14  84  126.82295304968019
15  81  190.3352957260054
6  42  136.60342248869262
7  58  132.19194398673147
8  68  152.20351954526021
9  69  203.58420660946641
10  83  128.54538825619667
11  72  172.9743466646583
12  75  215.73283966771064
13  84  105.75654066344863
14  91  99.213286456852401
15  90  119.95047108899055
6  37  207.49775938398497
7  65  116.65986744154087
8  91  79.318211751296147
9  62  147.74583586857565
10  66  179.87758735079601
11  100  70.358109573485621
12  39  355.44746335253194
13  84  184.72086286930477
14  89  110.66356794848966
15  85  152.2959628471572
6  19  182.57530616844159
7  60  136.73744364634729
8  26  174.04162517466119
9  50  197.51721155635525
10  76  151.843186015312
11  91  115.09026851940401
12  43  393.64964065253844
13  100  62.778117289668032
14  85  166.33161033376615
15  84  185.22532081712717
6  65  89.361210256727148
7  91  84.879826355871742
8  36  218.95886533054787
9  51  214.66268947919917
10  87  110.86800547776367
11  62  169.37732459098433
12  87  143.89777015050188
13  77  189.80516010083647
14  75  192.7769549131574
15  68  285.05994555287606
6  97  77.662246071789994
7  73  147.09536295794811
8  92  81.85894279850497
9  83  134.71411335188205
10  72  121.76579080196814
11  83  137.58336189310498
12  98  78.273643142669812
13  93  79.664264786000601
14  95  70.748952149162292
15  98  79.020219885162234
6  24  144.95674816905623
7  41  218.70075703251973
8  47  114.61310914582974
9  55  142.58337073522705
10  83  140.94937728527668
11  64  221.12958995188521
12  88  124.39797798471052
13  89  114.03487030923318
14  94  93.05225816975944
15  89  147.72227647092166
6  39  224.16632908015197
7  60  149.29197444684496
8  42  182.88349075999216
9  58  169.47813139615991
10  71  177.59372623552142
11  79  82.318147783120438
12  86  144.97341099597773
13  90  94.048259413161318
14  84  180.11116849174991
15  86  145.09691213425739
6  21  203.10638703459705
7  23  118.24542378086662
8  97  78.693632043649743
9  33  73.331405301990429
10  79  147.62860970536732
11  95  75.545885644842656
12  66  222.28539606765904
13  82  173.04202551499282
14  95  106.03539542351824
15  61  283.28030447338153
6  41  145.21420926906589
7  58  171.05093002305529
8  86  64.234325957617656
9  60  204.58564656828082
10  88  113.16829209773655
11  82  126.76684742356035
12  56  227.95877913308166
13  90  120.49879416773702
14  71  277.94449520082003
15  92  125.04980320638803
6  54  141.86975489211295
7  78  89.303061341354734
8  49  169.04890006935395
9  73  162.89382008918551
10  65  238.31519019571624
11  100  47.410446724999595
12  95  84.636053130631026
13  92  103.21712654297703
14  79  194.44246368146926
15  75  182.21967779631237
6  73  145.71609158978367
7  56  122.07188088926968
8  82  123.98789624766827
9  65  207.80192125893609
10  50  211.54631361556119
11  92  90.359009574562208
12  89  116.32491311090941
13  97  80.075380985776235
14  100  30.890013577750125
15  91  124.56511932815302
6  28  151.29689766209813
7  72  93.331312772472074
8  42  242.10889071699015
9  45  284.27078752135981
10  84  120.96721229577942
11  80  127.42121921927985
12  79  147.76834877425588
13  93  59.437869755573033
14  68  239.27069839125659
15  54  421.49772590774359
6  43  191.05147232235214
7  90  83.909456705960167
8  66  138.47898806227084
9  64  182.5504341346963
10  74  136.54249916032555
11  92  128.91083674780182
12  93  99.076997372524247
13  90  124.55378181537101
14  75  149.50438081449221
15  89  140.84413476648868
6  56  97.100672831254911
7  68  168.18301240071256
8  76  93.672738948777663
9  74  137.34419950598584
10  84  131.95260220264302
11  90  94.977533881256846
12  73  143.55950721395993
13  86  143.56072079040592
14  80  210.13848488548891
15  93  109.58331404076554
6  73  120.99088200237099
7  31  199.69499183297333
8  40  280.63267972559731
9  77  176.42624395635002
10  55  254.14756989487594
11  85  148.5239294696774
12  75  148.08231068199009
13  81  218.55269669107224
14  76  135.89525221142765
15  100  60.930160488214817
6  80  119.76296127350811
7  57  115.63637070903462
8  74  156.7026504317493
9  58  224.51381899477613
10  82  146.21610551221363
11  80  175.09720725451098
12  73  177.47157378336212
13  79  184.84680954557157
14  71  250.15905894627667
15  93  93.749006247959059
6  81  105.34926692232247
7  47  209.65285562977652
8  69  144.17813087325035
9  66  233.97473420172403
10  72  177.68948707236049
11  76  154.65745957216285
12  100  69.422536280715747
13  100  65.14911294258151
14  95  95.71857129194315
15  82  201.3127360834695
6  90  89.724360194566245
7  35  213.06772579305064
8  62  136.59542452384227
9  52  244.45328027446871
10  94  65.481837582662479
11  87  143.25122099687914
12  88  137.50893468298273
13  65  283.68797305595638
14  97  70.030735864413344
15  95  102.50082805984971
6  39  155.81356683956153
7  59  134.15976639530845
8  57  153.21033234196983
9  83  124.41498931679936
10  98  81.687425813473681
11  85  129.93183133383312
12  87  118.85177797402854
13  69  214.91007813635267
14  74  184.51625410920295
15  80  174.24507914578084
6  44  180.18461763833415
7  35  132.77409566937584
8  73  128.93414143412829
9  61  137.77452529045189
10  86  142.81602263564491
11  92  90.141087222711676
12  84  156.01562439753374
13  89  87.965840335076962
14  83  156.53621823798463
15  96  86.443340049311303
6  39  158.30589128121068
7  100  58.059514613885142
8  51  127.08696493728699
9  69  182.46644645293571
10  80  135.24135038718237
11  69  194.53996140686792
12  91  99.320717978142824
13  93  88.971926343699252
14  100  63.27951905286821
15  79  220.68886247813546
6  78  64.546517438551092
7  52  114.70718377401529
8  69  169.87276555505218
9  25  428.9337115558896
10  100  57.461968424122645
11  79  158.03920536804864
12  83  117.57180640737921
13  84  157.40365174262661
14  55  253.39813413033463
15  100  61.875274495540218
6  33  151.79873106967219
7  63  141.24424253803639
8  15  265.17816299059012
9  79  139.02615268312834
10  65  91.844940801230052
11  70  111.60587157643874
12  81  166.37701858350457
13  95  79.960856604402849
14  86  112.35048384335798
15  87  140.11113220153985
6  39  182.55420982301419
7  42  205.13151710520708
8  85  96.851756906117714
9  79  112.07739259469909
10  61  242.75455468853471
11  79  184.18341248538778
12  74  202.70359387074527
13  92  135.36636181011599
14  80  197.47312604510228
15  73  155.79025407585397
6  70  92.591089350027687
7  80  86.047107609924595
8  28  333.58693550797807
9  86  127.70901643776998
10  56  207.72779988506949
11  63  202.30900753680632
12  98  70.841365527043251
13  78  180.53727927355209
14  93  127.56619953769335
15  94  89.189017194191919
6  32  210.99859261985938
7  58  170.6144930845349
8  44  272.6420495401556
9  56  252.60478996311866
10  55  224.11036847929736
11  73  220.90388473562604
12  100  87.413354205313553
13  87  137.03207461396485
14  79  197.88126417857353
15  91  136.23376740873923
6  17  93.160482551328386
7  85  91.817345826598228
8  84  77.748423731842067
9  50  173.81418351516689
10  41  276.61827516315066
11  57  296.42239007592036
12  83  149.31393579230243
13  97  72.474157050939738
14  85  133.59538002816339
15  100  77.541525438270824
6  28  159.64044141844346
7  41  250.58782856090122
8  67  126.14001301277285
9  60  72.104126545983959
10  47  357.93612791063839
11  89  140.32964918293703
12  87  130.58666878045543
13  100  47.119140074579732
14  98  69.248239281507438
15  100  61.041535988173862
6  32  205.64571926747269
7  54  147.88844168679779
8  56  193.62226956419383
9  59  129.78799965947235
10  61  243.73193933889584
11  76  175.8514626827054
12  70  273.44657535364604
13  97  57.086231881477396
14  99  58.859151567176113
15  83  207.45499116282028
6  39  156.34413726725225
7  86  91.529632123710883
8  57  175.05865690682506
9  70  113.56196155791721
10  62  202.99171211902399
11  65  195.83443738245188
12  87  124.35415732926418
13  73  201.15754799361929
14  77  213.40316125198459
15  82  118.11084813623538
6  21  144.38366625320046
7  27  57.064223125006812
8  94  75.511984706428123
9  90  97.740728357319583
10  42  193.84845977153162
11  72  181.37623701663193
12  92  95.950714527805715
13  83  170.53142615201563
14  74  88.414811058901421
15  79  141.81862399794173
6  65  109.79415691245734
7  73  135.69820572178222
8  47  116.93988398256893
9  39  192.23081936364213
10  62  118.87316950023659
11  88  130.50579418468769
12  65  209.34836553311416
13  59  267.36820259359109
14  90  130.5230062213202
15  100  60.42765794981036
6  35  104.94722281442354
7  61  217.23302470387944
8  34  163.54256938808047
9  39  364.23512497482864
10  69  200.66932887468889
11  70  221.55925275464784
12  62  254.31442842959385
13  60  165.02304165065277
14  83  167.73145422062592
15  82  192.73012571474095
6  76  97.997937960390999
7  83  81.28244874326343
8  66  154.59088010232998
9  39  310.87215983427808
10  16  217.43324653196495
11  67  213.74777069703248
12  74  220.44849898164733
13  73  245.46696968936021
14  69  161.36333081856193
15  97  82.448570416052178
6  74  112.38836200541012
7  60  174.32735080838526
8  83  121.20488901670102
9  74  138.31087318185371
10  54  260.72980010175559
11  82  134.03193274178102
12  71  257.88571828051272
13  70  175.97176680519001
14  86  156.77173858690605
15  86  143.688605219865
6  22  149.14831277331064
7  82  119.13257904385294
8  89  72.08195589430899
9  87  68.121216161188158
10  59  215.74506011093655
11  89  121.53317490573257
12  90  93.653749198937248
13  93  98.710979872084437
14  86  138.86032437063932
15  75  194.15748848116633
6  38  116.32090386516245
7  76  139.65560996398324
8  66  189.95321085597487
9  76  124.16590046497741
10  75  122.34283694985322
11  78  147.100796092199
12  87  124.96289211863812
13  52  287.05565039969355
14  90  136.21398341804093
15  93  89.888562049923209
6  74  108.16269457667404
7  60  150.28409248921818
8  85  112.83888817341794
9  76  172.43987013593986
10  67  238.49367370277716
11  96  99.625903185412795
12  55  206.59399012648666
13  87  125.00355465805917
14  96  94.155764506495771
15  85  167.78654822958981
6  32  205.98717043104563
7  74  129.11509488916201
8  18  97.837587611504091
9  92  99.849048911765408
10  45  216.39719355916895
11  81  103.93521302482881
12  80  215.73113359572164
13  84  168.92159112121533
14  100  74.943206970904711
15  93  94.767343449484457
6  19  121.79148672008616
7  84  94.50497554928117
8  67  187.35786692417031
9  69  168.83612038181585
10  42  285.232120696484
11  67  269.77943522473049
12  95  101.50332960439111
13  98  75.520801416125622
14  79  170.72201432846254
15  100  37.36695899264307
6  82  82.145261128444787
7  89  103.77262774181794
8  63  171.52816525089747
9  79  138.56693482139588
10  100  87.052084341378105
11  80  183.75990856851249
12  56  434.55961066868042
13  80  189.76063952922584
14  84  166.50357213797938
15  98  72.745075633761232
6  61  81.014448726914168
7  58  185.4189643699554
8  34  317.53345485685674
9  56  267.79356998687177
10  66  162.34210734093941
11  75  191.50735232263938
12  96  94.257272817276842
13  70  123.81824752610252
14  78  192.26834536322403
15  94  88.021611361957639
6  78  96.826828008539081
7  53  188.96848431239752
8  53  162.06144093060283
9  59  204.45693237124817
10  75  201.77979264167575
11  87  88.00392669309754
12  100  62.338831067242587
13  74  141.21567945556475
14  96  88.847629638967703
15  89  123.68547773299694
6  0  0.0
7  57  171.72609644982094
8  99  65.873797352722079
9  62  138.65335625472358
10  98  66.357180555438262
11  100  42.098886803587689
12  94  97.649067501415402
13  100  83.70124156062036
14  86  157.36426848659656
15  95  78.973005537113949
6  57  153.41290467069837
7  78  123.23303473972162
8  27  341.54276726086465
9  84  100.62144085339482
10  59  230.00297683436759
11  86  122.68241463043715
12  89  127.47697360609189
13  75  176.76022618737457
14  87  158.05424200362214
15  77  197.09355841938248
6  31  144.78556074022097
7  33  211.62761812865267
8  52  206.27002842508278
9  50  213.83921800802713
10  85  144.8036729606842
11  93  85.364832676000702
12  99  69.465297325427699
13  61  268.9482800225461
14  95  62.325894692354204
15  97  76.346994522081559
6  42  165.18472674408466
7  38  245.74205623874542
8  83  75.4349354165834
9  52  197.23539214431293
10  61  254.77385347175246
11  65  216.14973122263129
12  70  238.79257982582718
13  95  78.947628701913018
14  78  107.60321778784714
15  100  56.63208063672171
6  73  130.32143426826934
7  41  197.83640578174715
8  38  199.7644337149332
9  98  73.21805940541104
10  77  160.06997418969249
11  76  176.81493317000155
12  66  195.27961981604545
13  71  201.86831353407459
14  65  254.94770548530482
15  87  135.30558697069739
6  52  150.25301213956919
7  99  83.050784919222579
8  84  107.19374910952642
9  71  165.70905370905743
10  60  147.5214375736364
11  84  164.67900188883254
12  84  136.58014339777995
13  76  223.87445477271089
14  90  115.24220316154867
15  74  214.42213279347311
6  41  183.83349210581761
7  24  134.93777605085612
8  69  176.30694268035111
9  66  200.91028503477401
10  100  63.329804957560377
11  82  138.79282378445501
12  65  223.65652832196457
13  69  181.52806292962669
14  81  199.12722026693379
15  94  82.166913076278092
6  58  149.01749280945833
7  35  211.74840952174569
8  66  171.89995981329022
9  53  195.3461306394193
10  68  123.19463435108452
11  71  202.23944061649817
12  91  102.83022777388669
13  85  172.75743432394543
14  95  93.694702520814886
15  94  105.89789665517785
6  68  126.14906890620099
7  45  225.90073399567581
8  82  91.483756787815864
9  60  230.33259892954663
10  91  113.52468121860215
11  100  54.078913763307753
12  86  163.01420370828026
13  89  82.555031442453469
14  92  96.155403167870162
15  100  64.239605171105524
6  63  93.860772108498324
7  68  129.91132040207603
8  55  194.08542989456146
9  68  157.18111585460684
10  73  208.64694165812415
11  97  76.394355225051711
12  68  176.49642409824304
13  91  102.89173883456341
14  64  239.7456182379328
15  93  121.91167132069535
6  93  83.87876846419428
7  0  0.0
8  68  130.7633904022544
9  71  138.94990635994364
10  56  297.48022206065514
11  74  144.51037326225338
12  66  214.60710361082576
13  84  113.77393849379781
14  91  123.9295252583473
15  69  263.02961108914246
6  33  132.93600580385259
7  73  93.413619624097393
8  89  87.730596177774061
9  94  92.715451376588362
10  75  158.04309949196755
11  73  161.92754700662829
12  88  122.75474532590388
13  77  198.52547088250012
14  89  121.47673305605272
15  87  117.24481489774911
6  29  197.6828742964847
7  59  79.370475683049406
8  48  217.33529156233985
9  76  155.00249800770899
10  63  197.0735608725895
11  79  153.79380799575469
12  79  168.26610742341742
13  90  101.26794471763876
14  85  124.67046738843827
15  96  97.82213706719827
6  61  123.0313279309415
7  57  97.680340912148239
8  56  186.25839928799351
9  84  117.41870829739352
10  78  80.736968132737175
11  36  223.24067955724504
12  95  62.381326827382779
13  100  74.072910557403361
14  71  253.63714992311154
15  87  102.54135492776304
6  64  112.56969909118892
7  83  75.384780796204325
8  74  130.07050378408033
9  96  83.524905518181328
10  67  192.62218632122912
11  80  129.34554626688791
12  77  233.9738408193208
13  93  87.161609059084242
14  90  139.06680375730102
15  88  140.44530713289683
6  84  93.518259328318507
7  56  159.0740602025331
8  72  93.335266629408238
9  65  179.06604054792174
10  91  101.28979346707872
11  88  155.88849649851301
12  61  256.78660590376739
13  93  88.724656301836575
14  95  86.964899801530791
15  100  61.227094094564983
6  48  121.2109957657399
7  56  175.70171154961292
8  76  84.938827365138849
9  79  111.47209664878116
10  61  188.40638517805655
11  80  129.16883316263727
12  62  132.27164523143659
13  99  79.286054987509829
14  98  61.690065857935124
15  96  76.549380379380281
6  31  276.3823562700498
7  57  170.82822959214988
8  67  120.87524720258301
9  77  167.77610737721704
10  80  217.69058390494098
11  55  246.89479530613474
12  89  124.18086056146527
13  82  162.87566492734371
14  100  53.650572794280464
15  97  67.662678572723578
6  43  109.49585526308802
7  45  188.55125161835662
8  71  166.02840696901674
9  41  251.66810130159342
10  77  142.119312103304
11  87  122.91825734435166
12  93  101.38892197895211
13  84  127.34028885902165
14  69  242.43654664688398
15  84  120.30243038856112
6  75  115.28030949228706
7  74  94.765885032535962
8  71  154.98825192875071
9  46  218.24188863239152
10  85  150.07477551647884
11  79  148.51927818120774
12  92  103.9054694898317
13  68  232.79817190412632
14  75  189.29207452324272
15  75  216.88712880078134
6  85  127.00234158752185
7  72  137.92179218679186
8  86  68.720757891779016
9  74  159.78380266863275
10  93  102.7115329820091
11  81  151.94788541392182
12  78  190.65170315791349
13  85  121.65020423561791
14  89  128.78463795126373
15  95  83.367155400274186
6  78  116.98143012400308
7  44  180.45663251684971
8  96  67.388921997921344
9  59  189.23050858507534
10  100  80.907631002705912
11  89  107.61610320332323
12  76  167.78313560803926
13  78  107.04929853695126
14  66  271.32763366272258
15  86  126.01640709534823
6  59  130.23762943043081
7  68  155.82619016079579
8  31  396.31569859261407
9  47  276.96527792504969
10  89  98.73073916044018
11  93  98.606642850856332
12  71  247.07825381615498
13  70  221.60704454895958
14  100  61.295238554879539
15  86  140.15936737956784
6  29  96.516124351876343
7  65  180.12446372007227
8  18  79.872917258582362
9  73  184.62922978585254
10  89  96.234341894242121
11  81  157.29196006150204
12  67  270.26119453669668
13  79  171.54644562282706
14  83  130.37298775216678
15  93  82.343325310881312
6  42  108.26231887888032
7  41  220.05373069095032
8  53  140.64087315077097
9  71  155.32603833808602
10  91  98.864488658934391
11  86  119.68255793269185
12  87  119.09990887979569
13  88  133.74563552232965
14  99  68.033013022227166
15  100  56.995224244021699
6  36  134.00819396731487
7  52  170.3135435203086
8  38  252.74203434813273
9  72  148.90468789842473
10  96  79.615258966357899
11  68  206.80940039454728
12  86  163.83650818135195
13  69  247.34883750372282
14  90  143.35173784291186
15  67  299.24005417059004
6  16  19.238444092058302
7  48  185.54440227971671
8  90  89.427653757570326
9  48  217.52708264566584
10  55  233.49037273147823
11  67  132.88901565016067
12  76  158.79440408943512
13  54  377.55270245168782
14  100  63.158912880929009
15  94  85.77369473048968
6  83  107.38087670779593
7  53  135.36388582456831
8  77  164.45230801796805
9  61  207.04635314609655
10  81  106.12234849980217
11  51  301.01407044845712
12  47  393.68649904354868
13  67  286.22347840968666
14  79  214.06898306384383
15  94  96.874070008328857
6  39  175.30870350084794
7  71  168.19639606673837
8  22  183.94244301652415
9  70  222.16962080453484
10  89  96.096876931634995
11  59  302.91700928224043
12  87  108.22649538997223
13  85  138.85987087143013
14  85  156.32963917649218
15  92  125.94192116768484
6  60  83.635407231744665
7  83  100.07813131521588
8  42  271.06230576016327
9  99  54.703333110982733
10  79  147.6579924755452
11  67  189.42767954737604
12  80  177.24487538950717
13  69  257.57190972382938
14  94  119.53618039045104
15  86  142.61168917265775
6  44  134.88319897185758
7  50  180.70271325502543
8  53  87.697654112942871
9  48  158.11343246580662
10  69  169.63233304799959
11  36  336.00990181587611
12  85  118.62464257868328
13  84  125.7921320052336
14  74  210.94487571851892
15  81  110.31941900829054
6  51  100.44275827238887
7  100  64.970594220090121
8  56  188.48367496757859
9  82  136.84443027115603
10  80  112.88396837344766
11  79  199.37861774616698
12  90  124.03976794548602
13  83  163.85093210278623
14  90  120.83958469268444
15  83  137.05526383216997
6  69  132.1553189429786
7  69  138.62620984665062
8  66  208.74546905300679
9  66  165.54776321629194
10  83  114.64219510026952
11  89  117.19612089711262
12  78  198.23223583970199
13  83  178.86026870956479
14  91  71.470455507361322
15  70  307.85529189679067
6  40  209.61645778159871
7  13  203.62458755360228
8  86  75.544838265335926
9  34  139.99746914524246
10  77  130.50263688781405
11  93  84.368973813379384
12  68  229.06549085636172
13  49  372.45993024159787
14  85  150.42015249197493
15  83  209.38834643485833
6  53  160.82365480410812
7  48  290.59536802854063
8  73  149.77271034351622
9  57  195.67407864404484
10  52  257.50419009447779
11  59  232.74256421610241
12  60  252.9513712898702
13  97  66.331281998836303
14  71  275.32996875192089
15  91  99.545401090515398
6  33  159.65259180137548
7  59  147.00050263858341
8  82  150.87629808802032
9  85  91.213379955678064
10  60  214.76869713903406
11  68  105.16365342680859
12  89  126.07339977441896
13  80  140.85956374803101
14  97  84.410823946025985
15  99  76.257534357957539
6  67  121.68360743449207
7  51  171.88509896163004
8  53  181.89420415594051
9  62  242.44982166205091
10  60  155.99849886248609
11  61  205.2200698471492
12  81  86.471532588715391
13  74  272.59709655325906
14  94  77.073690775551654
15  91  139.29247592279725
6  25  113.48107734572271
7  53  108.29258681956391
8  28  363.93479419392293
9  94  87.186829914458357
10  94  80.955824376561125
11  92  88.646382238199223
12  92  106.2765005505341
13  56  279.96278373263044
14  70  274.78474040150962
15  92  103.48706191185258
6  29  111.12943400125084
7  85  71.321120172425978
8  68  154.10028636313569
9  57  219.60527039516981
10  80  153.14855153020767
11  82  151.64092341535303
12  58  279.01563422077788
13  86  92.118844470276912
14  92  99.724620648426836
15  96  86.79197800525327
6  37  177.03433580105641
7  61  143.88206915721997
8  51  150.56007880348338
9  81  135.0609146622667
10  86  125.84970142366663
11  69  151.9020057326986
12  50  427.97478939082009
13  96  70.607518300810753
14  84  187.81835066821134
15  78  178.77080558789666
6  63  120.36233250105825
7  59  194.19771233637903
8  55  104.90840532699349
9  56  208.20857692555754
10  56  228.99764231977602
11  67  182.96118000303733
12  89  112.32250160489718
13  67  284.91707219289577
14  100  59.365314856676434
15  88  126.14459537257375
6  33  169.56412930968247
7  65  120.4335258479697
8  40  185.01180760639076
9  51  193.54734020009332
10  82  151.7440587164503
11  48  328.71005467112411
12  81  124.56746245259008
13  88  125.98463942830401
14  93  102.64643276713713
15  78  182.82498396644058
