2  22.0  127.10913774189211
4  21.333333333333332  233.67949810473618
6  35.0  373.90983112253309
8  56.333333333333336  309.52893242163765
10  61.333333333333336  349.37997115878795
12  54.0  466.87803063823344
14  64.333333333333329  465.19006409130253
16  83.666666666666671  376.74644292834068
18  84.666666666666671  325.98079322187243
20  62.0  561.32612984746186
2  3.3333333333333335  129.18410713665546
4  19.666666666666668  293.22267771576304
6  35.666666666666664  374.10971181340346
8  55.333333333333336  390.15290613423679
10  79.0  283.9939657293362
12  71.333333333333329  481.89656114733356
14  78.333333333333329  348.85515611588704
16  79.666666666666671  426.85268902060096
18  78.0  461.76269045938022
20  86.0  372.6780933643268
2  20.333333333333332  188.48841837097376
4  35.0  248.9419340764812
6  50.333333333333336  299.84072328359377
8  34.666666666666664  423.28541071608782
10  63.666666666666664  381.68275232960031
12  58.333333333333336  445.00036985463072
14  67.333333333333329  496.70691037024341
16  73.333333333333329  479.40189820725038
18  79.0  545.96607559915628
20  73.0  565.08660898825826
2  41.0  176.46260701219097
4  17.333333333333332  292.16533601877904
6  49.666666666666664  333.17679376601984
8  43.666666666666664  405.31842652211697
10  57.333333333333336  354.80876564223348
12  51.666666666666664  432.3189779269473
14  66.0  434.35273297671091
16  71.333333333333329  383.31764794867928
18  71.666666666666671  589.88323907760457
20  63.0  560.9115837480789
2  34.0  144.97603409045072
4  42.333333333333336  219.59194181669008
6  37.0  393.67274891932482
8  45.333333333333336  414.2369333516786
10  66.0  313.84990520531926
12  61.666666666666664  526.85554019777169
14  64.666666666666671  470.14052272529614
16  57.0  562.11388051234121
18  67.666666666666671  448.72337568880226
20  73.666666666666671  341.52241561350479
2  21.666666666666668  129.82275882083579
4  30.666666666666668  163.53164286074875
6  36.666666666666664  312.21598881021799
8  63.0  415.99625575230482
10  62.666666666666664  408.3479833647595
12  78.333333333333329  380.74173778232006
14  45.666666666666664  473.26438996244963
16  65.666666666666671  500.08493622653015
18  82.0  328.09101914328954
20  77.333333333333329  393.60255370280555
2  27.0  174.45922047875703
4  33.0  285.03967620442023
6  47.666666666666664  383.41686872028527
8  51.0  382.92564844676713
10  48.0  392.1707588512009
12  57.0  546.6306316790326
14  78.333333333333329  399.94952733698062
16  47.0  646.7580182322763
18  74.666666666666671  502.93127255941346
20  75.666666666666671  499.52815969885251
2  19.666666666666668  146.93303243244313
4  23.666666666666668  266.22170088106594
6  33.0  401.07601226009496
8  55.333333333333336  357.54493552591936
10  67.0  392.67761752520471
12  46.333333333333336  698.71150569733675
14  63.666666666666664  442.69924545720238
16  64.666666666666671  490.2253849367014
18  54.666666666666664  653.76646903940468
20  67.333333333333329  473.00893977903451
2  10.666666666666666  159.67635705207834
4  64.666666666666671  249.92886653404989
6  44.333333333333336  363.12824703975087
8  53.333333333333336  357.14451322516396
10  70.333333333333329  335.48114403956185
12  76.333333333333329  305.27393526759045
14  79.666666666666671  372.04886005678452
16  75.666666666666671  389.60858593027763
18  58.666666666666664  617.90138339635962
20  77.0  427.07485459471877
2  12.666666666666666  175.71354832651815
4  24.333333333333332  276.87943049312258
6  34.333333333333336  392.67564432202028
8  59.0  278.37587583123388
10  39.333333333333336  502.37642901944281
12  63.666666666666664  428.58232149311903
14  64.666666666666671  638.20275359198229
16  69.0  527.96911624797906
18  67.333333333333329  537.40471493461587
20  74.666666666666671  456.38459583972076
