0.1  310.0
0.2  238.5
0.3  184.0
0.4  138.0
0.5  169.0
0.6  132.0
0.7  224.0
0.8  233.0
0.9  175.5
1.0  263.5
1.1  136.5
1.2  277.0
1.3  218.0
1.4  202.5
1.5  298.0
1.6  296.0
1.7  235.0
1.8  143.0
1.9  252.0
2.0  352.5
0.1  249.0
0.2  128.5
0.3  70.0
0.4  320.5
0.5  268.0
0.6  207.0
0.7  183.0
0.8  172.0
0.9  91.0
1.0  224.5
1.1  293.0
1.2  244.5
1.3  103.5
1.4  253.5
1.5  242.0
1.6  181.0
1.7  188.0
1.8  197.5
1.9  148.5
2.0  145.0
0.1  221.5
0.2  206.0
0.3  273.0
0.4  104.5
0.5  308.0
0.6  213.0
0.7  121.0
0.8  358.5
0.9  191.5
1.0  198.5
1.1  146.5
1.2  126.5
1.3  214.0
1.4  148.0
1.5  164.5
1.6  223.0
1.7  183.5
1.8  154.0
1.9  94.0
2.0  310.5
0.1  344.0
0.2  161.0
0.3  270.5
0.4  315.0
0.5  184.0
0.6  151.0
0.7  169.0
0.8  257.0
0.9  157.0
1.0  76.5
1.1  221.5
1.2  224.5
1.3  285.0
1.4  192.0
1.5  139.5
1.6  287.5
1.7  252.0
1.8  332.5
1.9  128.0
2.0  184.0
0.1  210.5
0.2  181.0
0.3  147.5
0.4  151.5
0.5  129.0
0.6  335.5
0.7  245.0
0.8  142.5
0.9  183.5
1.0  281.0
1.1  309.5
1.2  338.5
1.3  175.5
1.4  204.0
1.5  142.0
1.6  215.0
1.7  139.5
1.8  249.5
1.9  197.0
2.0  132.5
0.1  190.0
0.2  298.0
0.3  316.0
0.4  190.0
0.5  88.5
0.6  135.5
0.7  208.5
0.8  206.0
0.9  261.5
1.0  234.5
1.1  237.0
1.2  220.5
1.3  203.5
1.4  227.0
1.5  198.0
1.6  164.5
1.7  251.5
1.8  68.0
1.9  236.5
2.0  82.5
0.1  120.0
0.2  291.0
0.3  271.5
0.4  131.5
0.5  193.0
0.6  182.0
0.7  200.5
0.8  210.5
0.9  233.0
1.0  258.0
1.1  215.5
1.2  283.0
1.3  233.5
1.4  231.5
1.5  273.5
1.6  167.0
1.7  277.5
1.8  136.0
1.9  298.0
2.0  254.5
0.1  79.5
0.2  184.0
0.3  244.5
0.4  89.0
0.5  243.5
0.6  282.5
0.7  199.5
0.8  274.0
0.9  87.5
1.0  136.5
1.1  345.5
1.2  141.5
1.3  210.5
1.4  202.0
1.5  211.0
1.6  301.0
1.7  170.5
1.8  276.5
1.9  291.5
2.0  194.0
0.1  276.0
0.2  218.0
0.3  163.5
0.4  266.0
0.5  248.0
0.6  179.5
0.7  305.5
0.8  260.5
0.9  200.0
1.0  205.5
1.1  279.5
1.2  148.5
1.3  87.0
1.4  261.5
1.5  323.0
1.6  152.5
1.7  198.5
1.8  318.0
1.9  216.0
2.0  247.5
0.1  264.0
0.2  261.0
0.3  155.5
0.4  272.0
0.5  187.0
0.6  223.0
0.7  288.5
0.8  227.0
0.9  273.0
1.0  249.0
1.1  178.5
1.2  169.0
1.3  241.5
1.4  331.0
1.5  223.0
1.6  263.5
1.7  279.0
1.8  197.5
1.9  187.0
2.0  215.5
0.1  167.0
0.2  305.5
0.3  115.0
0.4  362.0
0.5  231.5
0.6  254.0
0.7  150.0
0.8  210.5
0.9  150.5
1.0  104.0
1.1  224.0
1.2  269.0
1.3  243.0
1.4  198.0
1.5  94.0
1.6  250.5
1.7  352.0
1.8  116.0
1.9  192.0
2.0  182.5
0.1  282.0
0.2  259.0
0.3  185.5
0.4  151.5
0.5  220.5
0.6  225.0
0.7  241.5
0.8  248.0
0.9  150.5
1.0  175.5
1.1  309.0
1.2  155.5
1.3  298.5
1.4  235.5
1.5  232.5
1.6  167.0
1.7  289.5
1.8  199.0
1.9  219.5
2.0  211.0
0.1  210.0
0.2  190.5
0.3  164.0
0.4  203.0
0.5  128.5
0.6  285.0
0.7  294.0
0.8  168.0
0.9  268.0
1.0  214.0
1.1  153.0
1.2  144.5
1.3  270.5
1.4  117.5
1.5  224.0
1.6  215.5
1.7  174.0
1.8  180.0
1.9  249.0
2.0  282.5
0.1  213.5
0.2  338.5
0.3  211.5
0.4  216.5
0.5  180.5
0.6  302.5
0.7  270.5
0.8  289.0
0.9  311.5
1.0  229.0
1.1  167.0
1.2  310.0
1.3  193.5
1.4  168.0
1.5  231.0
1.6  319.5
1.7  192.5
1.8  225.5
1.9  111.0
2.0  263.0
0.1  177.5
0.2  160.5
0.3  141.5
0.4  311.0
0.5  283.0
0.6  250.0
0.7  180.0
0.8  177.5
0.9  223.5
1.0  244.0
1.1  120.5
1.2  235.5
1.3  187.0
1.4  347.0
1.5  235.0
1.6  205.5
1.7  141.0
1.8  160.0
1.9  201.5
2.0  216.0
0.1  347.5
0.2  290.5
0.3  227.0
0.4  260.0
0.5  170.0
0.6  212.0
0.7  273.0
0.8  215.0
0.9  194.5
1.0  199.0
1.1  240.0
1.2  314.5
1.3  193.5
1.4  249.5
1.5  161.0
1.6  292.5
1.7  159.5
1.8  212.5
1.9  149.0
2.0  139.5
0.1  309.5
0.2  138.0
0.3  175.0
0.4  196.5
0.5  196.0
0.6  264.0
0.7  226.5
0.8  300.5
0.9  343.5
1.0  312.0
1.1  324.5
1.2  260.5
1.3  145.5
1.4  68.5
1.5  236.5
1.6  184.0
1.7  313.0
1.8  213.5
1.9  206.5
2.0  118.5
0.1  207.0
0.2  329.5
0.3  272.5
0.4  231.5
0.5  187.0
0.6  224.5
0.7  250.0
0.8  266.0
0.9  218.0
1.0  275.5
1.1  157.0
1.2  192.5
1.3  131.0
1.4  250.5
1.5  196.0
1.6  357.5
1.7  273.5
1.8  257.5
1.9  221.0
2.0  113.5
0.1  228.5
0.2  259.0
0.3  211.5
0.4  338.5
0.5  362.0
0.6  87.0
0.7  155.0
0.8  166.5
0.9  310.5
1.0  168.5
1.1  227.5
1.2  227.0
1.3  196.5
1.4  198.0
1.5  264.5
1.6  276.0
1.7  181.5
1.8  165.5
1.9  175.0
2.0  210.5
0.1  156.5
0.2  231.0
0.3  346.0
0.4  285.5
0.5  251.5
0.6  237.5
0.7  132.0
0.8  348.5
0.9  291.5
1.0  123.5
1.1  345.5
1.2  312.5
1.3  177.0
1.4  314.5
1.5  231.0
1.6  104.0
1.7  226.5
1.8  240.5
1.9  216.5
2.0  271.5
0.1  133.5
0.2  262.0
0.3  243.5
0.4  272.0
0.5  286.5
0.6  193.5
0.7  247.0
0.8  139.5
0.9  143.5
1.0  283.5
1.1  242.0
1.2  192.5
1.3  239.5
1.4  271.0
1.5  372.0
1.6  239.0
1.7  137.0
1.8  98.5
1.9  216.5
2.0  263.0
0.1  253.5
0.2  243.5
0.3  205.5
0.4  135.0
0.5  185.5
0.6  188.5
0.7  314.0
0.8  204.5
0.9  251.0
1.0  152.0
1.1  283.0
1.2  143.5
1.3  245.5
1.4  153.5
1.5  289.5
1.6  157.5
1.7  281.0
1.8  192.0
1.9  131.5
2.0  175.0
0.1  161.0
0.2  135.5
0.3  278.5
0.4  313.0
0.5  301.0
0.6  206.5
0.7  231.0
0.8  181.0
0.9  237.0
1.0  213.5
1.1  258.5
1.2  222.0
1.3  291.0
1.4  245.0
1.5  284.5
1.6  220.5
1.7  269.5
1.8  198.0
1.9  228.5
2.0  222.5
0.1  210.0
0.2  157.0
0.3  116.0
0.4  251.0
0.5  89.5
0.6  254.0
0.7  234.0
0.8  268.0
0.9  199.5
1.0  176.5
1.1  185.0
1.2  148.0
1.3  160.5
1.4  247.0
1.5  244.5
1.6  239.0
1.7  230.5
1.8  178.5
1.9  168.0
2.0  257.5
0.1  223.0
0.2  342.5
0.3  201.0
0.4  194.0
0.5  201.5
0.6  170.5
0.7  126.0
0.8  233.5
0.9  232.5
1.0  121.5
1.1  173.0
1.2  277.5
1.3  212.0
1.4  185.5
1.5  267.0
1.6  274.0
1.7  231.0
1.8  194.5
1.9  253.5
2.0  259.5
0.1  180.5
0.2  152.5
0.3  154.0
0.4  214.0
0.5  140.5
0.6  260.5
0.7  254.0
0.8  116.0
0.9  247.0
1.0  197.0
1.1  326.0
1.2  224.5
1.3  238.5
1.4  233.5
1.5  348.0
1.6  219.5
1.7  225.0
1.8  232.0
1.9  298.5
2.0  222.5
0.1  230.5
0.2  151.0
0.3  160.0
0.4  49.5
0.5  109.5
0.6  233.0
0.7  354.0
0.8  131.0
0.9  144.0
1.0  117.0
1.1  179.0
1.2  143.0
1.3  144.0
1.4  153.0
1.5  257.5
1.6  264.5
1.7  373.0
1.8  292.5
1.9  136.5
2.0  195.5
0.1  252.0
0.2  63.5
0.3  197.5
0.4  126.0
0.5  245.0
0.6  263.0
0.7  239.0
0.8  155.5
0.9  295.0
1.0  230.0
1.1  236.0
1.2  194.0
1.3  287.0
1.4  250.0
1.5  220.5
1.6  140.5
1.7  293.0
1.8  340.5
1.9  151.0
2.0  148.5
0.1  169.0
0.2  270.5
0.3  219.0
0.4  239.5
0.5  207.5
0.6  206.0
0.7  225.5
0.8  207.5
0.9  187.5
1.0  136.5
1.1  267.5
1.2  182.5
1.3  307.5
1.4  174.0
1.5  156.0
1.6  222.0
1.7  127.0
1.8  208.0
1.9  98.0
2.0  217.0
0.1  213.5
0.2  324.5
0.3  192.0
0.4  112.5
0.5  194.0
0.6  216.5
0.7  167.5
0.8  118.5
0.9  276.0
1.0  153.5
1.1  136.5
1.2  244.0
1.3  198.5
1.4  294.0
1.5  159.0
1.6  287.0
1.7  155.0
1.8  201.5
1.9  231.5
2.0  163.5
0.1  214.0
0.2  362.0
0.3  219.5
0.4  169.0
0.5  251.0
0.6  271.0
0.7  303.5
0.8  247.0
0.9  265.5
1.0  251.5
1.1  138.5
1.2  223.5
1.3  319.0
1.4  157.0
1.5  128.0
1.6  225.5
1.7  233.5
1.8  131.5
1.9  220.0
2.0  254.0
0.1  228.5
0.2  311.0
0.3  253.5
0.4  208.0
0.5  317.5
0.6  263.0
0.7  176.0
0.8  120.5
0.9  199.0
1.0  198.0
1.1  252.5
1.2  194.0
1.3  232.0
1.4  121.5
1.5  234.5
1.6  156.0
1.7  201.0
1.8  213.5
1.9  171.5
2.0  213.5
0.1  120.5
0.2  249.5
0.3  175.0
0.4  354.0
0.5  221.0
0.6  240.5
0.7  277.0
0.8  291.0
0.9  157.5
1.0  324.5
1.1  292.5
1.2  329.0
1.3  302.0
1.4  219.0
1.5  265.5
1.6  274.0
1.7  254.5
1.8  199.0
1.9  196.0
2.0  213.5
0.1  229.0
0.2  261.5
0.3  155.0
0.4  273.5
0.5  236.0
0.6  223.5
0.7  232.0
0.8  208.0
0.9  209.5
1.0  140.5
1.1  205.0
1.2  278.0
1.3  272.5
1.4  228.5
1.5  187.0
1.6  197.0
1.7  333.0
1.8  302.0
1.9  127.0
2.0  165.5
0.1  293.5
0.2  81.0
0.3  324.0
0.4  305.0
0.5  191.0
0.6  239.0
0.7  274.5
0.8  161.5
0.9  196.5
1.0  249.5
1.1  245.0
1.2  221.0
1.3  297.5
1.4  320.5
1.5  172.5
1.6  171.5
1.7  239.5
1.8  111.5
1.9  186.5
2.0  320.0
0.1  142.0
0.2  141.5
0.3  193.5
0.4  244.0
0.5  157.0
0.6  154.5
0.7  113.5
0.8  268.5
0.9  276.5
1.0  286.5
1.1  323.0
1.2  385.0
1.3  210.0
1.4  306.0
1.5  208.0
1.6  300.5
1.7  323.0
1.8  351.0
1.9  394.0
2.0  152.0
0.1  302.5
0.2  207.0
0.3  103.0
0.4  167.0
0.5  154.5
0.6  128.0
0.7  126.5
0.8  278.0
0.9  177.5
1.0  103.0
1.1  227.0
1.2  199.5
1.3  250.0
1.4  162.0
1.5  174.0
1.6  296.0
1.7  142.5
1.8  315.5
1.9  298.0
2.0  174.5
0.1  256.5
0.2  283.0
0.3  296.5
0.4  261.5
0.5  359.0
0.6  277.0
0.7  279.5
0.8  136.5
0.9  382.5
1.0  248.0
1.1  205.0
1.2  280.5
1.3  249.0
1.4  389.5
1.5  264.0
1.6  232.0
1.7  323.0
1.8  214.5
1.9  336.5
2.0  252.0
0.1  86.5
0.2  125.0
0.3  107.0
0.4  238.5
0.5  280.5
0.6  326.5
0.7  314.0
0.8  144.5
0.9  175.0
1.0  217.0
1.1  194.5
1.2  231.0
1.3  159.0
1.4  192.5
1.5  309.0
1.6  169.5
1.7  277.0
1.8  208.5
1.9  170.0
2.0  159.5
0.1  157.5
0.2  204.0
0.3  217.0
0.4  218.0
0.5  267.5
0.6  210.0
0.7  200.5
0.8  239.5
0.9  244.0
1.0  211.5
1.1  95.0
1.2  233.5
1.3  150.5
1.4  190.5
1.5  158.5
1.6  219.5
1.7  218.0
1.8  274.0
1.9  201.5
2.0  330.5
0.1  232.5
0.2  238.5
0.3  275.0
0.4  305.5
0.5  323.0
0.6  150.0
0.7  254.0
0.8  228.5
0.9  239.0
1.0  269.0
1.1  227.5
1.2  209.0
1.3  251.5
1.4  120.0
1.5  256.5
1.6  205.0
1.7  249.0
1.8  147.0
1.9  201.5
2.0  106.5
0.1  259.5
0.2  229.0
0.3  309.5
0.4  123.0
0.5  184.0
0.6  256.0
0.7  213.0
0.8  184.5
0.9  171.0
1.0  135.0
1.1  220.0
1.2  149.5
1.3  205.0
1.4  294.5
1.5  220.0
1.6  237.5
1.7  200.0
1.8  199.5
1.9  231.0
2.0  241.5
0.1  217.5
0.2  341.5
0.3  263.0
0.4  232.5
0.5  269.5
0.6  165.5
0.7  269.0
0.8  173.5
0.9  212.0
1.0  82.0
1.1  164.0
1.2  151.5
1.3  309.0
1.4  219.0
1.5  140.5
1.6  135.5
1.7  163.0
1.8  242.0
1.9  288.0
2.0  179.0
0.1  223.5
0.2  310.5
0.3  181.5
0.4  157.0
0.5  239.0
0.6  199.5
0.7  116.0
0.8  276.5
0.9  222.5
1.0  297.5
1.1  230.0
1.2  296.5
1.3  244.5
1.4  262.5
1.5  223.0
1.6  287.5
1.7  206.5
1.8  223.5
1.9  177.5
2.0  278.5
0.1  174.0
0.2  141.0
0.3  227.0
0.4  194.5
0.5  234.0
0.6  186.0
0.7  178.0
0.8  147.5
0.9  215.0
1.0  215.0
1.1  187.5
1.2  209.0
1.3  214.5
1.4  267.5
1.5  107.0
1.6  286.0
1.7  199.0
1.8  278.5
1.9  160.5
2.0  301.0
0.1  285.0
0.2  245.5
0.3  348.5
0.4  193.0
0.5  273.0
0.6  262.0
0.7  56.5
0.8  217.5
0.9  234.0
1.0  218.5
1.1  245.5
1.2  220.0
1.3  224.0
1.4  172.5
1.5  249.0
1.6  173.0
1.7  190.5
1.8  215.5
1.9  298.0
2.0  222.0
0.1  279.5
0.2  211.5
0.3  253.0
0.4  154.0
0.5  225.0
0.6  219.5
0.7  156.0
0.8  152.0
0.9  265.5
1.0  295.5
1.1  201.0
1.2  160.0
1.3  235.5
1.4  135.0
1.5  286.0
1.6  221.5
1.7  297.0
1.8  230.0
1.9  186.5
2.0  245.5
0.1  250.0
0.2  165.5
0.3  324.0
0.4  183.5
0.5  187.0
0.6  194.0
0.7  262.0
0.8  296.5
0.9  224.5
1.0  123.0
1.1  279.5
1.2  149.5
1.3  282.5
1.4  261.0
1.5  249.5
1.6  149.0
1.7  283.0
1.8  291.5
1.9  86.0
2.0  244.5
0.1  109.5
0.2  356.0
0.3  158.0
0.4  162.5
0.5  265.5
0.6  251.0
0.7  280.5
0.8  134.0
0.9  198.0
1.0  219.5
1.1  231.0
1.2  206.0
1.3  252.0
1.4  287.0
1.5  223.0
1.6  233.0
1.7  187.5
1.8  161.5
1.9  135.5
2.0  231.5
0.1  209.5
0.2  195.0
0.3  314.0
0.4  315.0
0.5  217.5
0.6  192.5
0.7  126.0
0.8  187.0
0.9  219.0
1.0  194.5
1.1  139.0
1.2  326.0
1.3  88.0
1.4  249.5
1.5  206.5
1.6  312.0
1.7  200.5
1.8  117.5
1.9  169.5
2.0  247.0
0.1  242.0
0.2  246.5
0.3  293.0
0.4  236.5
0.5  223.5
0.6  270.0
0.7  217.5
0.8  260.0
0.9  241.0
1.0  291.0
1.1  259.0
1.2  312.5
1.3  318.0
1.4  360.5
1.5  269.5
1.6  258.5
1.7  315.0
1.8  242.0
1.9  246.0
2.0  331.5
0.1  270.0
0.2  175.0
0.3  304.0
0.4  175.5
0.5  195.0
0.6  225.0
0.7  144.5
0.8  209.5
0.9  158.5
1.0  260.5
1.1  230.5
1.2  141.0
1.3  128.5
1.4  239.5
1.5  240.0
1.6  160.0
1.7  130.0
1.8  293.0
1.9  208.0
2.0  258.0
0.1  176.0
0.2  174.0
0.3  186.5
0.4  81.5
0.5  168.0
0.6  111.5
0.7  192.5
0.8  245.5
0.9  202.5
1.0  246.0
1.1  200.0
1.2  256.5
1.3  155.0
1.4  290.5
1.5  279.0
1.6  258.0
1.7  160.0
1.8  215.0
1.9  197.5
2.0  199.0
0.1  227.0
0.2  163.5
0.3  279.0
0.4  295.5
0.5  174.0
0.6  38.5
0.7  343.0
0.8  106.0
0.9  259.0
1.0  333.0
1.1  194.5
1.2  338.0
1.3  255.0
1.4  200.0
1.5  150.0
1.6  74.0
1.7  211.5
1.8  222.5
1.9  178.0
2.0  310.0
0.1  313.5
0.2  183.0
0.3  158.5
0.4  251.0
0.5  260.5
0.6  291.5
0.7  154.5
0.8  268.0
0.9  170.5
1.0  202.5
1.1  233.0
1.2  187.5
1.3  279.0
1.4  207.5
1.5  103.5
1.6  234.5
1.7  287.0
1.8  298.5
1.9  275.0
2.0  293.5
0.1  210.0
0.2  243.0
0.3  131.0
0.4  381.5
0.5  278.0
0.6  211.5
0.7  231.5
0.8  187.0
0.9  199.0
1.0  247.5
1.1  180.5
1.2  212.5
1.3  276.5
1.4  330.0
1.5  288.0
1.6  198.5
1.7  149.5
1.8  172.5
1.9  187.5
2.0  261.5
0.1  220.0
0.2  205.0
0.3  149.0
0.4  198.5
0.5  149.5
0.6  285.5
0.7  174.0
0.8  253.0
0.9  217.5
1.0  246.0
1.1  121.5
1.2  237.0
1.3  269.5
1.4  261.0
1.5  184.0
1.6  190.0
1.7  164.0
1.8  318.5
1.9  191.5
2.0  252.5
0.1  233.5
0.2  229.0
0.3  275.5
0.4  176.5
0.5  346.0
0.6  208.5
0.7  231.5
0.8  307.5
0.9  300.0
1.0  223.5
1.1  162.5
1.2  228.0
1.3  275.0
1.4  319.5
1.5  215.0
1.6  224.5
1.7  215.5
1.8  161.0
1.9  305.5
2.0  241.5
0.1  195.0
0.2  216.0
0.3  177.0
0.4  274.0
0.5  184.5
0.6  207.5
0.7  166.0
0.8  173.5
0.9  261.5
1.0  342.0
1.1  184.0
1.2  236.0
1.3  271.5
1.4  271.5
1.5  221.5
1.6  212.5
1.7  214.5
1.8  262.5
1.9  268.5
2.0  164.0
0.1  302.5
0.2  249.5
0.3  243.0
0.4  235.0
0.5  197.0
0.6  216.5
0.7  187.0
0.8  348.5
0.9  168.0
1.0  258.0
1.1  210.0
1.2  143.0
1.3  303.5
1.4  263.0
1.5  144.0
1.6  361.0
1.7  144.0
1.8  138.5
1.9  67.5
2.0  305.5
0.1  279.0
0.2  202.5
0.3  152.5
0.4  226.5
0.5  302.0
0.6  292.5
0.7  152.5
0.8  231.0
0.9  198.5
1.0  194.0
1.1  362.5
1.2  153.5
1.3  197.5
1.4  194.0
1.5  287.0
1.6  225.5
1.7  206.0
1.8  246.0
1.9  218.5
2.0  153.0
0.1  322.0
0.2  230.0
0.3  197.5
0.4  201.5
0.5  109.5
0.6  375.5
0.7  201.5
0.8  315.5
0.9  157.0
1.0  171.0
1.1  221.5
1.2  224.0
1.3  183.0
1.4  318.5
1.5  297.0
1.6  187.0
1.7  194.0
1.8  229.5
1.9  193.0
2.0  248.0
0.1  252.0
0.2  224.0
0.3  263.5
0.4  244.5
0.5  195.5
0.6  183.0
0.7  186.0
0.8  262.5
0.9  277.5
1.0  169.0
1.1  179.0
1.2  273.5
1.3  204.5
1.4  228.0
1.5  305.5
1.6  123.5
1.7  131.0
1.8  309.5
1.9  138.5
2.0  185.0
0.1  204.5
0.2  245.0
0.3  317.0
0.4  329.5
0.5  189.0
0.6  128.5
0.7  256.5
0.8  249.5
0.9  204.0
1.0  193.0
1.1  229.5
1.2  185.5
1.3  316.5
1.4  232.0
1.5  177.0
1.6  349.5
1.7  168.0
1.8  198.5
1.9  192.5
2.0  270.0
0.1  213.0
0.2  135.5
0.3  164.5
0.4  207.5
0.5  232.5
0.6  284.0
0.7  164.5
0.8  198.0
0.9  143.0
1.0  92.0
1.1  292.0
1.2  120.0
1.3  180.0
1.4  241.0
1.5  276.0
1.6  98.0
1.7  270.5
1.8  161.5
1.9  220.0
2.0  295.5
0.1  284.5
0.2  214.5
0.3  230.5
0.4  262.5
0.5  242.0
0.6  120.0
0.7  235.5
0.8  187.5
0.9  132.0
1.0  261.0
1.1  281.0
1.2  172.5
1.3  198.0
1.4  294.5
1.5  297.0
1.6  199.5
1.7  169.0
1.8  333.5
1.9  285.5
2.0  169.0
0.1  226.5
0.2  136.0
0.3  282.5
0.4  143.5
0.5  120.0
0.6  149.0
0.7  235.5
0.8  188.5
0.9  177.5
1.0  112.5
1.1  127.5
1.2  229.5
1.3  205.5
1.4  182.0
1.5  138.5
1.6  202.5
1.7  213.0
1.8  216.5
1.9  177.5
2.0  242.5
0.1  200.5
0.2  236.5
0.3  179.0
0.4  232.0
0.5  264.0
0.6  185.5
0.7  213.0
0.8  151.0
0.9  74.0
1.0  201.0
1.1  175.5
1.2  215.5
1.3  204.5
1.4  106.5
1.5  252.0
1.6  169.0
1.7  244.5
1.8  346.5
1.9  177.5
2.0  215.5
0.1  145.0
0.2  266.0
0.3  115.0
0.4  261.0
0.5  144.0
0.6  177.5
0.7  191.0
0.8  244.5
0.9  130.0
1.0  204.5
1.1  187.5
1.2  211.0
1.3  286.0
1.4  243.5
1.5  225.0
1.6  282.5
1.7  193.5
1.8  204.5
1.9  229.5
2.0  146.5
0.1  276.0
0.2  221.5
0.3  192.5
0.4  264.5
0.5  281.5
0.6  211.0
0.7  179.0
0.8  207.0
0.9  231.0
1.0  337.0
1.1  149.0
1.2  242.0
1.3  80.5
1.4  348.5
1.5  149.5
1.6  248.5
1.7  304.5
1.8  166.5
1.9  162.0
2.0  216.0
0.1  164.5
0.2  233.5
0.3  274.0
0.4  248.5
0.5  188.0
0.6  257.5
0.7  236.0
0.8  185.5
0.9  216.0
1.0  192.0
1.1  244.5
1.2  218.0
1.3  144.5
1.4  122.0
1.5  219.5
1.6  264.0
1.7  256.5
1.8  201.5
1.9  159.5
2.0  149.0
0.1  180.5
0.2  163.5
0.3  119.0
0.4  221.5
0.5  296.5
0.6  295.5
0.7  115.0
0.8  127.0
0.9  146.5
1.0  106.0
1.1  257.5
1.2  316.5
1.3  195.5
1.4  219.0
1.5  351.0
1.6  124.0
1.7  192.5
1.8  257.5
1.9  300.0
2.0  130.0
0.1  99.5
0.2  164.5
0.3  305.0
0.4  181.5
0.5  203.5
0.6  221.5
0.7  269.0
0.8  162.0
0.9  162.0
1.0  148.0
1.1  313.0
1.2  256.0
1.3  293.0
1.4  241.0
1.5  255.5
1.6  184.5
1.7  309.0
1.8  167.0
1.9  108.5
2.0  138.0
0.1  287.0
0.2  178.5
0.3  128.5
0.4  286.5
0.5  273.5
0.6  210.5
0.7  137.5
0.8  193.0
0.9  215.5
1.0  225.0
1.1  207.0
1.2  191.5
1.3  137.5
1.4  168.5
1.5  242.5
1.6  208.5
1.7  275.0
1.8  364.0
1.9  192.0
2.0  207.5
0.1  261.5
0.2  274.0
0.3  139.0
0.4  200.0
0.5  172.5
0.6  114.5
0.7  202.5
0.8  92.5
0.9  236.5
1.0  283.0
1.1  263.0
1.2  254.0
1.3  309.5
1.4  225.5
1.5  180.5
1.6  228.0
1.7  120.0
1.8  208.5
1.9  205.5
2.0  188.0
0.1  190.5
0.2  186.5
0.3  166.5
0.4  183.5
0.5  159.0
0.6  228.0
0.7  116.0
0.8  341.0
0.9  198.5
1.0  120.5
1.1  206.5
1.2  156.5
1.3  254.0
1.4  276.5
1.5  139.0
1.6  331.5
1.7  115.5
1.8  252.0
1.9  164.5
2.0  269.5
0.1  299.0
0.2  182.5
0.3  201.0
0.4  193.0
0.5  128.0
0.6  200.0
0.7  294.5
0.8  223.5
0.9  123.0
1.0  253.5
1.1  219.5
1.2  252.0
1.3  70.0
1.4  249.5
1.5  130.5
1.6  172.0
1.7  123.5
1.8  255.5
1.9  128.5
2.0  168.5
0.1  196.0
0.2  197.0
0.3  267.5
0.4  225.5
0.5  276.5
0.6  93.0
0.7  268.0
0.8  292.5
0.9  248.5
1.0  155.0
1.1  172.0
1.2  199.0
1.3  284.5
1.4  160.5
1.5  103.0
1.6  88.5
1.7  159.5
1.8  335.0
1.9  304.5
2.0  219.0
0.1  125.0
0.2  198.0
0.3  264.0
0.4  240.5
0.5  147.0
0.6  141.5
0.7  191.5
0.8  243.0
0.9  120.5
1.0  183.5
1.1  219.5
1.2  273.5
1.3  160.0
1.4  254.5
1.5  94.0
1.6  169.5
1.7  208.0
1.8  179.0
1.9  187.5
2.0  146.0
0.1  279.0
0.2  207.5
0.3  181.0
0.4  241.0
0.5  306.5
0.6  205.0
0.7  226.0
0.8  288.5
0.9  318.0
1.0  366.5
1.1  244.5
1.2  437.5
1.3  171.0
1.4  260.0
1.5  182.0
1.6  167.0
1.7  158.5
1.8  239.0
1.9  195.5
2.0  236.5
0.1  207.5
0.2  219.5
0.3  134.0
0.4  180.5
0.5  281.0
0.6  113.5
0.7  133.5
0.8  186.5
0.9  185.5
1.0  312.5
1.1  218.5
1.2  251.5
1.3  124.5
1.4  265.0
1.5  311.5
1.6  310.5
1.7  236.0
1.8  325.5
1.9  322.5
2.0  191.5
0.1  201.0
0.2  263.5
0.3  313.5
0.4  325.5
0.5  229.5
0.6  261.0
0.7  222.5
0.8  259.0
0.9  298.0
1.0  268.0
1.1  275.0
1.2  236.0
1.3  360.0
1.4  191.0
1.5  201.0
1.6  182.0
1.7  157.5
1.8  182.5
1.9  157.5
2.0  163.0
0.1  347.5
0.2  286.0
0.3  198.0
0.4  213.5
0.5  345.5
0.6  184.5
0.7  123.5
0.8  177.5
0.9  350.0
1.0  248.0
1.1  139.0
1.2  144.0
1.3  266.5
1.4  212.0
1.5  201.0
1.6  292.0
1.7  336.5
1.8  76.0
1.9  305.0
2.0  240.5
0.1  379.0
0.2  185.0
0.3  136.0
0.4  139.0
0.5  198.5
0.6  239.0
0.7  348.0
0.8  170.0
0.9  101.0
1.0  148.5
1.1  289.5
1.2  207.0
1.3  216.5
1.4  298.5
1.5  143.0
1.6  223.0
1.7  408.0
1.8  277.0
1.9  150.5
2.0  281.5
0.1  297.5
0.2  104.5
0.3  233.0
0.4  210.0
0.5  178.0
0.6  89.0
0.7  172.5
0.8  229.5
0.9  295.0
1.0  302.0
1.1  158.5
1.2  205.0
1.3  213.0
1.4  212.0
1.5  144.0
1.6  258.5
1.7  116.0
1.8  259.0
1.9  171.0
2.0  303.5
0.1  293.5
0.2  157.0
0.3  161.0
0.4  276.0
0.5  205.5
0.6  261.0
0.7  304.0
0.8  297.0
0.9  180.0
1.0  168.5
1.1  279.0
1.2  232.5
1.3  292.5
1.4  250.5
1.5  275.5
1.6  212.0
1.7  228.0
1.8  251.0
1.9  94.0
2.0  160.0
0.1  235.5
0.2  206.5
0.3  321.0
0.4  256.0
0.5  251.5
0.6  278.0
0.7  219.0
0.8  243.5
0.9  284.0
1.0  173.0
1.1  66.5
1.2  252.0
1.3  226.5
1.4  240.5
1.5  112.5
1.6  260.0
1.7  142.5
1.8  194.5
1.9  114.5
2.0  268.5
0.1  234.0
0.2  163.0
0.3  251.5
0.4  224.5
0.5  310.0
0.6  223.5
0.7  165.5
0.8  282.0
0.9  216.5
1.0  204.5
1.1  306.0
1.2  224.0
1.3  168.5
1.4  239.5
1.5  215.0
1.6  271.5
1.7  182.0
1.8  201.5
1.9  260.5
2.0  231.5
0.1  238.0
0.2  209.0
0.3  300.0
0.4  164.5
0.5  215.5
0.6  188.0
0.7  369.5
0.8  219.5
0.9  229.0
1.0  206.5
1.1  302.0
1.2  203.0
1.3  170.0
1.4  246.0
1.5  309.0
1.6  257.0
1.7  90.5
1.8  184.5
1.9  267.0
2.0  154.0
0.1  266.0
0.2  297.0
0.3  209.0
0.4  154.5
0.5  165.0
0.6  202.5
0.7  116.5
0.8  141.5
0.9  252.5
1.0  189.5
1.1  245.0
1.2  135.0
1.3  222.0
1.4  233.0
1.5  237.5
1.6  140.0
1.7  201.5
1.8  166.5
1.9  219.5
2.0  173.5
0.1  229.5
0.2  236.0
0.3  333.0
0.4  180.5
0.5  251.5
0.6  310.5
0.7  115.5
0.8  309.5
0.9  212.5
1.0  203.0
1.1  227.5
1.2  114.5
1.3  183.5
1.4  125.5
1.5  251.0
1.6  263.5
1.7  258.5
1.8  158.0
1.9  206.5
2.0  179.5
0.1  268.0
0.2  148.5
0.3  234.0
0.4  203.5
0.5  328.5
0.6  199.5
0.7  204.0
0.8  183.0
0.9  227.0
1.0  190.0
1.1  169.0
1.2  178.0
1.3  270.5
1.4  272.0
1.5  120.5
1.6  178.5
1.7  362.0
1.8  293.5
1.9  206.0
2.0  203.0
0.1  169.5
0.2  313.0
0.3  141.0
0.4  292.5
0.5  341.5
0.6  327.5
0.7  194.0
0.8  175.5
0.9  283.5
1.0  199.0
1.1  256.0
1.2  260.0
1.3  247.5
1.4  150.0
1.5  118.5
1.6  193.5
1.7  191.0
1.8  170.0
1.9  192.0
2.0  293.5
0.1  209.5
0.2  222.0
0.3  159.0
0.4  190.5
0.5  244.0
0.6  235.0
0.7  115.0
0.8  220.5
0.9  332.0
1.0  195.0
1.1  216.0
1.2  225.0
1.3  239.0
1.4  292.5
1.5  257.5
1.6  105.5
1.7  223.5
1.8  301.5
1.9  156.0
2.0  229.0
0.1  244.5
0.2  197.5
0.3  234.5
0.4  190.0
0.5  169.5
0.6  206.5
0.7  322.0
0.8  223.5
0.9  275.5
1.0  283.0
1.1  216.5
1.2  262.5
1.3  193.0
1.4  199.5
1.5  135.0
1.6  283.5
1.7  288.0
1.8  163.5
1.9  182.5
2.0  266.0
0.1  203.5
0.2  227.0
0.3  254.0
0.4  271.0
0.5  272.0
0.6  286.0
0.7  168.5
0.8  219.5
0.9  179.5
1.0  234.5
1.1  245.0
1.2  71.0
1.3  180.5
1.4  368.0
1.5  285.0
1.6  301.5
1.7  274.5
1.8  262.0
1.9  197.5
2.0  249.0
0.1  230.0
0.2  216.0
0.3  94.0
0.4  294.5
0.5  264.5
0.6  270.5
0.7  267.5
0.8  197.0
0.9  148.5
1.0  265.0
1.1  284.5
1.2  217.5
1.3  106.0
1.4  210.5
1.5  320.5
1.6  241.5
1.7  167.5
1.8  187.0
1.9  210.5
2.0  165.5
0.1  189.0
0.2  166.0
0.3  100.0
0.4  344.5
0.5  253.0
0.6  203.5
0.7  195.0
0.8  276.5
0.9  245.0
1.0  246.5
1.1  203.0
1.2  185.0
1.3  227.5
1.4  213.0
1.5  212.0
1.6  116.5
1.7  126.0
1.8  188.0
1.9  204.5
2.0  119.5
0.1  205.0
0.2  319.5
0.3  280.0
0.4  203.5
0.5  220.5
0.6  298.5
0.7  219.0
0.8  255.5
0.9  139.0
1.0  318.0
1.1  154.5
1.2  125.5
1.3  188.0
1.4  208.5
1.5  252.0
1.6  131.0
1.7  245.0
1.8  192.5
1.9  123.0
2.0  135.5
0.1  207.5
0.2  189.5
0.3  246.0
0.4  121.0
0.5  265.5
0.6  234.5
0.7  326.5
0.8  263.0
0.9  322.0
1.0  231.0
1.1  204.0
1.2  264.0
1.3  246.5
1.4  234.5
1.5  187.0
1.6  230.0
1.7  258.5
1.8  244.0
1.9  186.0
2.0  204.0
0.1  125.5
0.2  219.0
0.3  328.0
0.4  299.5
0.5  119.0
0.6  233.5
0.7  300.5
0.8  338.0
0.9  339.5
1.0  292.0
1.1  310.0
1.2  179.0
1.3  167.5
1.4  245.0
1.5  301.0
1.6  239.0
1.7  125.5
1.8  180.5
1.9  374.0
2.0  119.5
0.1  321.0
0.2  214.0
0.3  174.5
0.4  327.0
0.5  312.5
0.6  298.0
0.7  181.0
0.8  210.5
0.9  234.0
1.0  264.0
1.1  231.0
1.2  321.5
1.3  275.5
1.4  218.0
1.5  262.5
1.6  236.0
1.7  325.5
1.8  275.5
1.9  285.0
2.0  76.5
0.1  301.0
0.2  215.5
0.3  178.0
0.4  179.0
0.5  241.5
0.6  259.5
0.7  304.0
0.8  278.5
0.9  283.5
1.0  174.0
1.1  203.0
1.2  225.5
1.3  322.5
1.4  192.0
1.5  232.5
1.6  212.0
1.7  246.5
1.8  268.0
1.9  196.0
2.0  186.0
0.1  110.0
0.2  300.5
0.3  152.0
0.4  165.0
0.5  201.5
0.6  260.0
0.7  100.5
0.8  143.5
0.9  247.5
1.0  180.5
1.1  257.0
1.2  105.5
1.3  204.5
1.4  248.0
1.5  232.5
1.6  186.5
1.7  129.5
1.8  262.5
1.9  202.0
2.0  311.0
0.1  245.0
0.2  330.5
0.3  222.0
0.4  201.5
0.5  220.5
0.6  273.5
0.7  211.5
0.8  245.5
0.9  195.0
1.0  179.0
1.1  254.5
1.2  206.0
1.3  79.5
1.4  247.5
1.5  207.5
1.6  210.0
1.7  239.5
1.8  155.0
1.9  210.5
2.0  152.0
0.1  217.0
0.2  203.5
0.3  252.5
0.4  240.5
0.5  206.5
0.6  294.5
0.7  296.0
0.8  279.0
0.9  195.0
1.0  108.0
1.1  334.0
1.2  123.0
1.3  153.0
1.4  181.0
1.5  185.0
1.6  229.5
1.7  123.5
1.8  264.5
1.9  184.0
2.0  244.0
0.1  249.0
0.2  187.0
0.3  224.5
0.4  214.0
0.5  149.5
0.6  296.0
0.7  229.0
0.8  183.5
0.9  229.5
1.0  191.5
1.1  277.0
1.2  243.0
1.3  325.0
1.4  190.5
1.5  147.0
1.6  189.0
1.7  240.5
1.8  258.0
1.9  209.0
2.0  363.0
0.1  167.0
0.2  116.0
0.3  131.5
0.4  240.0
0.5  239.5
0.6  273.0
0.7  361.5
0.8  170.0
0.9  196.0
1.0  231.5
1.1  237.0
1.2  200.5
1.3  204.5
1.4  185.5
1.5  238.0
1.6  113.5
1.7  108.0
1.8  279.0
1.9  322.5
2.0  211.0
0.1  201.0
0.2  205.0
0.3  172.0
0.4  236.0
0.5  145.0
0.6  155.5
0.7  155.0
0.8  182.0
0.9  220.0
1.0  111.5
1.1  237.0
1.2  273.5
1.3  236.0
1.4  152.0
1.5  193.5
1.6  225.0
1.7  139.5
1.8  290.5
1.9  121.0
2.0  237.5
0.1  227.0
0.2  207.5
0.3  192.0
0.4  305.0
0.5  288.0
0.6  236.0
0.7  172.0
0.8  254.5
0.9  288.0
1.0  195.5
1.1  255.5
1.2  306.5
1.3  240.0
1.4  352.0
1.5  319.0
1.6  183.5
1.7  241.5
1.8  248.5
1.9  166.5
2.0  215.5
0.1  181.5
0.2  242.0
0.3  234.0
0.4  254.5
0.5  259.5
0.6  211.5
0.7  317.0
0.8  239.0
0.9  239.5
1.0  170.0
1.1  247.0
1.2  182.5
1.3  136.0
1.4  260.5
1.5  197.0
1.6  225.5
1.7  271.5
1.8  211.0
1.9  86.5
2.0  154.0
0.1  245.5
0.2  227.0
0.3  110.0
0.4  146.0
0.5  208.5
0.6  256.0
0.7  258.0
0.8  274.5
0.9  348.5
1.0  334.0
1.1  279.0
1.2  153.0
1.3  185.5
1.4  184.0
1.5  174.0
1.6  303.5
1.7  264.5
1.8  170.5
1.9  183.0
2.0  178.0
0.1  118.5
0.2  211.0
0.3  181.0
0.4  188.0
0.5  245.0
0.6  285.5
0.7  176.0
0.8  296.5
0.9  232.0
1.0  197.0
1.1  264.0
1.2  236.5
1.3  180.5
1.4  228.0
1.5  236.5
1.6  213.5
1.7  248.0
1.8  131.0
1.9  163.0
2.0  187.0
0.1  244.0
0.2  245.0
0.3  259.0
0.4  123.0
0.5  157.0
0.6  180.0
0.7  286.5
0.8  295.0
0.9  224.5
1.0  293.5
1.1  251.5
1.2  268.5
1.3  163.5
1.4  176.0
1.5  222.0
1.6  170.0
1.7  270.0
1.8  244.0
1.9  187.0
2.0  234.5
0.1  289.0
0.2  215.0
0.3  206.5
0.4  188.5
0.5  172.5
0.6  254.5
0.7  137.5
0.8  203.0
0.9  215.0
1.0  205.5
1.1  259.0
1.2  281.0
1.3  137.5
1.4  201.5
1.5  172.0
1.6  224.0
1.7  69.0
1.8  183.5
1.9  298.5
2.0  196.0
0.1  158.0
0.2  245.5
0.3  201.0
0.4  110.5
0.5  342.0
0.6  244.5
0.7  163.5
0.8  311.5
0.9  262.0
1.0  211.5
1.1  224.5
1.2  304.5
1.3  173.0
1.4  154.5
1.5  202.0
1.6  130.5
1.7  162.0
1.8  225.0
1.9  186.5
2.0  170.0
0.1  158.5
0.2  327.0
0.3  157.5
0.4  221.0
0.5  189.0
0.6  269.5
0.7  224.5
0.8  312.5
0.9  227.0
1.0  176.5
1.1  237.5
1.2  149.5
1.3  275.5
1.4  133.5
1.5  295.5
1.6  279.0
1.7  293.0
1.8  288.0
1.9  266.5
2.0  233.0
0.1  173.5
0.2  243.5
0.3  239.5
0.4  183.5
0.5  147.5
0.6  103.5
0.7  190.5
0.8  197.5
0.9  180.0
1.0  214.5
1.1  251.5
1.2  375.5
1.3  186.0
1.4  268.0
1.5  179.5
1.6  207.0
1.7  207.0
1.8  308.5
1.9  264.0
2.0  108.5
0.1  240.0
0.2  178.0
0.3  145.5
0.4  75.0
0.5  182.0
0.6  311.5
0.7  204.5
0.8  136.5
0.9  257.0
1.0  203.0
1.1  266.5
1.2  162.5
1.3  238.5
1.4  233.5
1.5  342.0
1.6  162.0
1.7  205.5
1.8  254.0
1.9  48.5
2.0  200.0
0.1  269.0
0.2  184.0
0.3  161.5
0.4  209.5
0.5  318.5
0.6  248.0
0.7  261.5
0.8  269.5
0.9  186.0
1.0  296.0
1.1  155.0
1.2  283.5
1.3  181.0
1.4  207.5
1.5  293.5
1.6  239.5
1.7  117.0
1.8  84.0
1.9  187.0
2.0  338.5
0.1  194.0
0.2  266.5
0.3  260.5
0.4  100.5
0.5  271.0
0.6  180.0
0.7  114.5
0.8  297.0
0.9  192.0
1.0  221.0
1.1  201.5
1.2  260.0
1.3  217.0
1.4  283.0
1.5  248.0
1.6  261.5
1.7  179.5
1.8  96.5
1.9  113.0
2.0  273.5
0.1  167.5
0.2  212.0
0.3  195.0
0.4  200.5
0.5  320.5
0.6  239.0
0.7  227.0
0.8  284.5
0.9  125.5
1.0  222.5
1.1  265.5
1.2  194.0
1.3  144.0
1.4  203.5
1.5  247.5
1.6  235.5
1.7  292.5
1.8  124.5
1.9  310.5
2.0  298.5
0.1  254.5
0.2  295.0
0.3  222.0
0.4  153.5
0.5  211.0
0.6  278.5
0.7  225.5
0.8  273.5
0.9  159.0
1.0  203.0
1.1  169.5
1.2  164.0
1.3  220.0
1.4  302.5
1.5  122.0
1.6  286.5
1.7  116.5
1.8  204.0
1.9  175.0
2.0  193.5
0.1  108.5
0.2  218.5
0.3  146.0
0.4  105.0
0.5  241.5
0.6  216.0
0.7  201.0
0.8  68.5
0.9  178.5
1.0  184.0
1.1  84.0
1.2  137.5
1.3  138.0
1.4  219.5
1.5  342.0
1.6  198.5
1.7  243.5
1.8  249.0
1.9  190.5
2.0  118.0
0.1  206.0
0.2  215.0
0.3  261.0
0.4  205.5
0.5  261.5
0.6  266.0
0.7  165.5
0.8  283.5
0.9  167.0
1.0  324.5
1.1  212.5
1.2  200.0
1.3  218.5
1.4  277.0
1.5  154.0
1.6  240.0
1.7  271.0
1.8  255.0
1.9  231.0
2.0  141.5
0.1  233.0
0.2  272.0
0.3  215.5
0.4  235.0
0.5  232.5
0.6  285.5
0.7  258.0
0.8  211.0
0.9  155.0
1.0  208.5
1.1  283.5
1.2  188.0
1.3  250.5
1.4  196.5
1.5  156.0
1.6  304.0
1.7  234.0
1.8  166.0
1.9  183.0
2.0  237.5
0.1  263.0
0.2  145.0
0.3  275.5
0.4  339.5
0.5  306.0
0.6  232.0
0.7  311.0
0.8  259.0
0.9  232.0
1.0  116.0
1.1  118.0
1.2  226.5
1.3  239.0
1.4  152.5
1.5  233.0
1.6  158.5
1.7  195.0
1.8  243.5
1.9  170.5
2.0  246.0
0.1  291.0
0.2  157.5
0.3  217.0
0.4  375.5
0.5  167.5
0.6  176.0
0.7  293.5
0.8  269.5
0.9  164.5
1.0  300.0
1.1  90.0
1.2  186.0
1.3  276.0
1.4  276.0
1.5  127.0
1.6  346.5
1.7  150.5
1.8  197.0
1.9  375.5
2.0  184.0
0.1  217.0
0.2  152.5
0.3  156.5
0.4  159.5
0.5  239.5
0.6  282.0
0.7  156.5
0.8  286.0
0.9  124.0
1.0  296.0
1.1  259.5
1.2  208.0
1.3  271.0
1.4  249.0
1.5  113.0
1.6  179.0
1.7  133.0
1.8  191.0
1.9  267.5
2.0  256.0
0.1  241.0
0.2  162.0
0.3  158.0
0.4  270.0
0.5  134.5
0.6  293.5
0.7  214.0
0.8  230.5
0.9  154.0
1.0  135.5
1.1  313.5
1.2  303.5
1.3  253.0
1.4  226.0
1.5  217.5
1.6  189.0
1.7  229.0
1.8  98.0
1.9  261.0
2.0  189.0
0.1  301.5
0.2  299.5
0.3  54.5
0.4  248.5
0.5  197.0
0.6  196.5
0.7  246.5
0.8  215.5
0.9  280.5
1.0  113.5
1.1  172.0
1.2  232.5
1.3  175.5
1.4  329.0
1.5  208.5
1.6  238.0
1.7  241.5
1.8  230.0
1.9  189.0
2.0  199.0
0.1  217.0
0.2  109.0
0.3  237.5
0.4  190.5
0.5  134.5
0.6  257.0
0.7  171.5
0.8  359.0
0.9  151.0
1.0  200.0
1.1  234.5
1.2  374.5
1.3  145.5
1.4  161.0
1.5  238.0
1.6  265.5
1.7  172.0
1.8  249.0
1.9  292.0
2.0  271.5
0.1  114.0
0.2  129.0
0.3  282.5
0.4  210.0
0.5  279.0
0.6  320.5
0.7  293.0
0.8  131.5
0.9  154.5
1.0  183.5
1.1  160.0
1.2  101.5
1.3  219.5
1.4  269.0
1.5  130.5
1.6  141.5
1.7  296.0
1.8  263.5
1.9  213.0
2.0  293.5
0.1  286.0
0.2  232.5
0.3  292.5
0.4  129.5
0.5  167.0
0.6  262.0
0.7  202.0
0.8  258.0
0.9  143.0
1.0  238.0
1.1  183.5
1.2  321.5
1.3  212.5
1.4  142.0
1.5  229.0
1.6  268.5
1.7  173.0
1.8  301.5
1.9  286.0
2.0  123.0
0.1  236.5
0.2  251.0
0.3  251.5
0.4  184.0
0.5  190.5
0.6  190.5
0.7  207.5
0.8  303.5
0.9  273.5
1.0  169.0
1.1  49.0
1.2  190.5
1.3  208.5
1.4  179.5
1.5  253.5
1.6  318.5
1.7  166.5
1.8  288.5
1.9  280.0
2.0  194.0
0.1  168.0
0.2  168.0
0.3  254.0
0.4  216.5
0.5  202.0
0.6  225.5
0.7  142.5
0.8  152.0
0.9  228.0
1.0  245.5
1.1  240.5
1.2  350.0
1.3  206.5
1.4  216.0
1.5  278.0
1.6  266.0
1.7  250.5
1.8  183.0
1.9  210.0
2.0  212.5
0.1  151.5
0.2  212.5
0.3  80.5
0.4  217.0
0.5  270.5
0.6  257.0
0.7  194.0
0.8  253.5
0.9  234.0
1.0  271.0
1.1  247.5
1.2  308.5
1.3  205.0
1.4  148.5
1.5  231.5
1.6  221.0
1.7  258.0
1.8  180.5
1.9  224.0
2.0  188.0
0.1  224.5
0.2  371.0
0.3  217.5
0.4  304.0
0.5  174.0
0.6  260.0
0.7  244.5
0.8  206.0
0.9  83.5
1.0  171.5
1.1  242.5
1.2  418.0
1.3  132.5
1.4  191.0
1.5  147.0
1.6  231.5
1.7  244.0
1.8  323.5
1.9  284.0
2.0  287.0
0.1  320.5
0.2  281.0
0.3  269.0
0.4  272.0
0.5  209.5
0.6  249.5
0.7  266.0
0.8  156.0
0.9  145.5
1.0  162.0
1.1  176.5
1.2  242.0
1.3  63.5
1.4  199.0
1.5  123.0
1.6  80.5
1.7  170.5
1.8  262.5
1.9  179.0
2.0  199.0
0.1  266.0
0.2  282.5
0.3  149.5
0.4  179.0
0.5  212.5
0.6  250.0
0.7  240.0
0.8  261.5
0.9  236.5
1.0  191.0
1.1  325.0
1.2  257.0
1.3  230.5
1.4  193.0
1.5  195.5
1.6  243.0
1.7  189.5
1.8  186.0
1.9  157.5
2.0  127.5
0.1  167.0
0.2  228.5
0.3  163.5
0.4  106.0
0.5  170.5
0.6  209.0
0.7  221.0
0.8  321.5
0.9  341.0
1.0  98.0
1.1  222.5
1.2  116.5
1.3  250.0
1.4  197.0
1.5  279.5
1.6  203.0
1.7  236.5
1.8  239.5
1.9  380.0
2.0  241.0
0.1  232.5
0.2  312.0
0.3  236.0
0.4  232.5
0.5  236.0
0.6  196.5
0.7  362.5
0.8  132.0
0.9  155.5
1.0  167.5
1.1  233.5
1.2  277.5
1.3  190.5
1.4  247.5
1.5  307.0
1.6  395.0
1.7  180.0
1.8  324.5
1.9  171.5
2.0  241.5
0.1  202.0
0.2  282.0
0.3  150.5
0.4  173.0
0.5  225.0
0.6  258.0
0.7  163.5
0.8  303.0
0.9  187.5
1.0  284.5
1.1  160.0
1.2  231.5
1.3  214.5
1.4  292.0
1.5  125.5
1.6  214.5
1.7  147.5
1.8  103.5
1.9  307.0
2.0  258.0
0.1  219.5
0.2  114.5
0.3  127.5
0.4  283.5
0.5  186.5
0.6  226.0
0.7  351.0
0.8  285.5
0.9  189.0
1.0  234.5
1.1  187.0
1.2  125.5
1.3  223.0
1.4  219.5
1.5  279.0
1.6  168.5
1.7  274.0
1.8  255.5
1.9  196.0
2.0  187.0
0.1  274.5
0.2  227.5
0.3  223.0
0.4  88.5
0.5  245.5
0.6  345.5
0.7  82.0
0.8  143.0
0.9  169.0
1.0  231.5
1.1  164.0
1.2  216.0
1.3  251.5
1.4  251.0
1.5  283.5
1.6  138.5
1.7  227.0
1.8  223.0
1.9  204.5
2.0  228.5
0.1  112.0
0.2  232.5
0.3  305.0
0.4  196.5
0.5  268.0
0.6  192.0
0.7  191.5
0.8  236.0
0.9  194.0
1.0  322.0
1.1  202.0
1.2  266.0
1.3  287.0
1.4  171.0
1.5  218.0
1.6  187.0
1.7  284.5
1.8  159.0
1.9  231.0
2.0  207.0
0.1  263.0
0.2  319.0
0.3  244.0
0.4  316.5
0.5  197.0
0.6  240.0
0.7  291.5
0.8  280.5
0.9  203.0
1.0  163.5
1.1  141.5
1.2  243.5
1.3  205.0
1.4  277.0
1.5  252.5
1.6  158.0
1.7  148.0
1.8  205.0
1.9  155.0
2.0  275.5
0.1  257.0
0.2  275.5
0.3  273.0
0.4  171.0
0.5  188.0
0.6  264.0
0.7  181.0
0.8  136.5
0.9  169.0
1.0  231.5
1.1  101.5
1.2  189.5
1.3  306.5
1.4  334.5
1.5  219.0
1.6  319.0
1.7  224.0
1.8  214.5
1.9  281.0
2.0  177.5
0.1  189.5
0.2  168.0
0.3  341.0
0.4  145.0
0.5  198.0
0.6  218.5
0.7  172.5
0.8  276.5
0.9  291.5
1.0  177.5
1.1  317.0
1.2  89.0
1.3  196.5
1.4  201.5
1.5  298.5
1.6  200.0
1.7  321.0
1.8  262.0
1.9  236.0
2.0  206.5
0.1  209.0
0.2  242.5
0.3  265.5
0.4  211.5
0.5  377.0
0.6  154.5
0.7  248.5
0.8  247.0
0.9  306.0
1.0  216.0
1.1  408.5
1.2  238.0
1.3  133.0
1.4  258.5
1.5  78.0
1.6  314.5
1.7  245.5
1.8  198.0
1.9  193.5
2.0  198.0
0.1  307.0
0.2  115.5
0.3  162.0
0.4  230.0
0.5  261.5
0.6  101.0
0.7  230.5
0.8  366.5
0.9  235.5
1.0  188.5
1.1  235.0
1.2  222.0
1.3  180.0
1.4  222.5
1.5  290.0
1.6  221.5
1.7  208.5
1.8  212.5
1.9  270.5
2.0  157.5
0.1  85.5
0.2  253.5
0.3  200.5
0.4  237.5
0.5  259.5
0.6  193.5
0.7  196.0
0.8  160.0
0.9  207.0
1.0  300.0
1.1  239.5
1.2  145.0
1.3  226.5
1.4  236.5
1.5  243.5
1.6  280.0
1.7  123.0
1.8  238.0
1.9  212.5
2.0  236.0
0.1  279.0
0.2  152.5
0.3  242.5
0.4  218.0
0.5  120.0
0.6  395.5
0.7  273.5
0.8  203.5
0.9  309.5
1.0  208.5
1.1  311.0
1.2  248.0
1.3  315.5
1.4  396.5
1.5  180.0
1.6  160.0
1.7  188.5
1.8  211.0
1.9  235.0
2.0  199.5
0.1  252.5
0.2  246.5
0.3  251.5
0.4  293.5
0.5  180.5
0.6  226.0
0.7  181.0
0.8  277.0
0.9  139.5
1.0  333.0
1.1  184.5
1.2  183.0
1.3  124.5
1.4  229.0
1.5  262.0
1.6  233.0
1.7  258.0
1.8  209.5
1.9  297.0
2.0  200.0
0.1  245.0
0.2  132.5
0.3  282.0
0.4  263.0
0.5  227.5
0.6  268.5
0.7  193.0
0.8  212.5
0.9  133.0
1.0  258.5
1.1  199.5
1.2  283.0
1.3  120.5
1.4  293.5
1.5  154.5
1.6  335.5
1.7  107.0
1.8  267.5
1.9  166.5
2.0  185.5
0.1  228.5
0.2  124.5
0.3  335.0
0.4  146.5
0.5  195.0
0.6  253.5
0.7  281.0
0.8  327.5
0.9  103.5
1.0  318.0
1.1  160.0
1.2  249.5
1.3  324.0
1.4  169.0
1.5  277.5
1.6  210.5
1.7  202.0
1.8  184.5
1.9  294.0
2.0  196.5
0.1  117.5
0.2  306.0
0.3  268.0
0.4  217.0
0.5  235.5
0.6  251.0
0.7  280.0
0.8  198.0
0.9  332.0
1.0  174.0
1.1  250.5
1.2  168.0
1.3  213.5
1.4  245.5
1.5  211.5
1.6  149.0
1.7  177.5
1.8  219.0
1.9  202.5
2.0  375.0
0.1  261.5
0.2  188.5
0.3  316.5
0.4  258.0
0.5  256.5
0.6  261.5
0.7  183.5
0.8  311.5
0.9  315.5
1.0  241.0
1.1  330.5
1.2  402.5
1.3  157.0
1.4  288.0
1.5  181.5
1.6  139.0
1.7  217.5
1.8  176.0
1.9  231.0
2.0  259.5
0.1  309.0
0.2  212.5
0.3  209.5
0.4  203.5
0.5  275.5
0.6  283.0
0.7  167.5
0.8  187.0
0.9  219.0
1.0  226.5
1.1  150.5
1.2  340.0
1.3  200.0
1.4  189.5
1.5  234.0
1.6  240.0
1.7  287.5
1.8  304.5
1.9  279.5
2.0  233.5
0.1  235.0
0.2  217.5
0.3  235.0
0.4  257.0
0.5  257.5
0.6  199.0
0.7  272.0
0.8  170.0
0.9  238.5
1.0  276.0
1.1  174.0
1.2  277.5
1.3  258.5
1.4  217.0
1.5  270.5
1.6  236.5
1.7  215.0
1.8  230.5
1.9  152.5
2.0  234.0
0.1  313.5
0.2  216.5
0.3  334.0
0.4  281.5
0.5  178.5
0.6  276.5
0.7  204.5
0.8  288.5
0.9  210.0
1.0  248.0
1.1  245.0
1.2  333.5
1.3  183.5
1.4  248.0
1.5  296.5
1.6  272.5
1.7  211.0
1.8  252.5
1.9  253.0
2.0  238.5
0.1  193.5
0.2  287.5
0.3  204.0
0.4  371.0
0.5  257.5
0.6  199.5
0.7  203.5
0.8  248.5
0.9  275.5
1.0  374.5
1.1  220.0
1.2  177.5
1.3  229.5
1.4  378.0
1.5  291.0
1.6  198.0
1.7  64.0
1.8  133.5
1.9  277.0
2.0  81.0
0.1  273.0
0.2  259.5
0.3  269.0
0.4  217.0
0.5  221.0
0.6  234.5
0.7  189.0
0.8  171.5
0.9  274.0
1.0  218.5
1.1  132.0
1.2  232.0
1.3  201.0
1.4  154.0
1.5  278.5
1.6  253.0
1.7  346.0
1.8  257.0
1.9  289.0
2.0  343.5
0.1  280.5
0.2  251.5
0.3  243.5
0.4  346.5
0.5  280.5
0.6  193.0
0.7  333.0
0.8  205.5
0.9  102.5
1.0  252.5
1.1  123.5
1.2  267.5
1.3  233.5
1.4  289.0
1.5  320.5
1.6  240.0
1.7  178.0
1.8  240.0
1.9  160.5
2.0  383.0
0.1  250.5
0.2  157.0
0.3  280.5
0.4  214.5
0.5  215.0
0.6  297.5
0.7  256.0
0.8  217.5
0.9  149.5
1.0  283.5
1.1  137.5
1.2  224.0
1.3  220.5
1.4  195.0
1.5  264.5
1.6  113.5
1.7  208.0
1.8  169.5
1.9  284.0
2.0  230.5
0.1  222.5
0.2  77.5
0.3  270.5
0.4  225.0
0.5  202.5
0.6  201.5
0.7  192.0
0.8  211.5
0.9  307.5
1.0  143.0
1.1  341.5
1.2  144.5
1.3  281.5
1.4  144.0
1.5  227.5
1.6  226.5
1.7  312.5
1.8  183.5
1.9  183.0
2.0  329.0
0.1  164.5
0.2  131.0
0.3  126.0
0.4  260.0
0.5  187.0
0.6  218.5
0.7  230.5
0.8  234.5
0.9  296.5
1.0  254.0
1.1  346.0
1.2  152.0
1.3  279.0
1.4  164.5
1.5  227.0
1.6  199.5
1.7  243.0
1.8  292.0
1.9  154.5
2.0  143.0
0.1  231.5
0.2  261.5
0.3  216.0
0.4  170.0
0.5  265.5
0.6  304.5
0.7  301.0
0.8  290.5
0.9  203.5
1.0  330.5
1.1  267.0
1.2  137.0
1.3  321.5
1.4  154.5
1.5  134.0
1.6  277.0
1.7  286.5
1.8  334.5
1.9  211.5
2.0  271.0
0.1  186.0
0.2  211.0
0.3  226.0
0.4  268.0
0.5  216.5
0.6  417.0
0.7  221.0
0.8  234.5
0.9  196.5
1.0  133.0
1.1  154.5
1.2  275.5
1.3  206.5
1.4  188.5
1.5  179.0
1.6  243.5
1.7  170.0
1.8  242.0
1.9  283.0
2.0  206.0
0.1  201.0
0.2  264.5
0.3  372.0
0.4  179.5
0.5  286.5
0.6  282.5
0.7  184.5
0.8  191.5
0.9  199.5
1.0  302.5
1.1  259.5
1.2  289.0
1.3  179.0
1.4  248.5
1.5  291.0
1.6  223.0
1.7  170.0
1.8  291.0
1.9  225.5
2.0  77.5
0.1  287.0
0.2  163.0
0.3  237.0
0.4  338.0
0.5  266.0
0.6  167.5
0.7  257.5
0.8  187.5
0.9  158.5
1.0  117.0
1.1  136.0
1.2  231.0
1.3  150.5
1.4  189.5
1.5  275.5
1.6  158.0
1.7  266.5
1.8  196.5
1.9  346.5
2.0  239.0
0.1  244.0
0.2  249.5
0.3  313.0
0.4  163.0
0.5  210.0
0.6  298.5
0.7  282.5
0.8  329.0
0.9  227.5
1.0  265.5
1.1  167.0
1.2  236.0
1.3  188.0
1.4  191.5
1.5  187.0
1.6  317.0
1.7  217.0
1.8  137.5
1.9  223.5
2.0  122.0
0.1  168.0
0.2  276.0
0.3  254.5
0.4  196.5
0.5  315.5
0.6  246.0
0.7  186.0
0.8  210.5
0.9  180.0
1.0  219.5
1.1  163.5
1.2  84.5
1.3  217.5
1.4  252.5
1.5  236.5
1.6  253.0
1.7  159.0
1.8  314.5
1.9  202.0
2.0  121.0
0.1  263.5
0.2  341.5
0.3  284.0
0.4  234.5
0.5  262.5
0.6  227.5
0.7  246.5
0.8  322.5
0.9  188.0
1.0  216.0
1.1  195.5
1.2  270.0
1.3  269.0
1.4  174.0
1.5  191.0
1.6  168.5
1.7  272.5
1.8  164.0
1.9  222.0
2.0  228.0
0.1  273.5
0.2  242.0
0.3  161.0
0.4  197.0
0.5  313.5
0.6  247.5
0.7  278.5
0.8  179.0
0.9  287.0
1.0  212.0
1.1  229.5
1.2  268.5
1.3  198.5
1.4  188.0
1.5  154.5
1.6  119.0
1.7  206.5
1.8  299.5
1.9  163.0
2.0  100.5
0.1  142.5
0.2  267.0
0.3  257.0
0.4  314.0
0.5  252.0
0.6  152.0
0.7  151.0
0.8  280.0
0.9  121.0
1.0  143.5
1.1  216.0
1.2  204.5
1.3  217.0
1.4  323.0
1.5  105.5
1.6  246.0
1.7  268.5
1.8  340.0
1.9  259.0
2.0  292.0
0.1  282.0
0.2  244.0
0.3  195.0
0.4  274.5
0.5  262.0
0.6  149.0
0.7  203.0
0.8  306.0
0.9  212.5
1.0  219.5
1.1  203.5
1.2  163.5
1.3  247.0
1.4  278.5
1.5  287.5
1.6  159.0
1.7  204.5
1.8  256.5
1.9  172.5
2.0  271.5
0.1  342.0
0.2  264.0
0.3  289.0
0.4  244.5
0.5  300.5
0.6  101.0
0.7  258.0
0.8  194.5
0.9  209.0
1.0  141.0
1.1  183.5
1.2  278.5
1.3  272.5
1.4  202.5
1.5  159.5
1.6  123.5
1.7  306.0
1.8  250.5
1.9  271.5
2.0  329.5
0.1  276.5
0.2  236.0
0.3  76.5
0.4  252.0
0.5  190.5
0.6  190.5
0.7  158.5
0.8  190.0
0.9  146.0
1.0  91.5
1.1  267.5
1.2  95.0
1.3  216.0
1.4  122.5
1.5  195.0
1.6  280.5
1.7  299.0
1.8  183.5
1.9  207.5
2.0  248.5
0.1  242.5
0.2  238.0
0.3  256.5
0.4  108.0
0.5  216.0
0.6  299.0
0.7  300.5
0.8  175.0
0.9  163.0
1.0  177.0
1.1  279.5
1.2  247.5
1.3  248.5
1.4  231.0
1.5  142.0
1.6  289.0
1.7  158.0
1.8  246.5
1.9  119.5
2.0  205.5
0.1  145.5
0.2  186.5
0.3  287.0
0.4  277.5
0.5  243.0
0.6  154.5
0.7  198.5
0.8  279.5
0.9  202.0
1.0  206.0
1.1  217.5
1.2  288.5
1.3  309.0
1.4  102.5
1.5  283.5
1.6  290.0
1.7  195.0
1.8  309.5
1.9  341.5
2.0  241.5
0.1  254.5
0.2  315.5
0.3  190.5
0.4  238.0
0.5  214.5
0.6  201.5
0.7  150.0
0.8  144.0
0.9  188.0
1.0  276.5
1.1  199.0
1.2  184.5
1.3  176.0
1.4  209.5
1.5  265.5
1.6  242.5
1.7  302.5
1.8  205.5
1.9  187.5
2.0  174.0
0.1  166.5
0.2  268.0
0.3  211.0
0.4  207.0
0.5  263.5
0.6  255.5
0.7  194.0
0.8  182.0
0.9  183.0
1.0  318.5
1.1  201.5
1.2  200.0
1.3  297.0
1.4  329.0
1.5  334.5
1.6  387.0
1.7  217.5
1.8  238.0
1.9  145.0
2.0  271.5
0.1  199.5
0.2  230.0
0.3  133.5
0.4  402.5
0.5  309.5
0.6  225.5
0.7  219.0
0.8  330.0
0.9  242.0
1.0  257.5
1.1  196.5
1.2  99.0
1.3  239.0
1.4  223.0
1.5  152.5
1.6  203.0
1.7  153.0
1.8  212.5
1.9  167.0
2.0  233.0
0.1  204.0
0.2  171.5
0.3  370.0
0.4  287.0
0.5  282.0
0.6  233.0
0.7  123.0
0.8  201.5
0.9  220.5
1.0  86.0
1.1  199.5
1.2  231.5
1.3  238.5
1.4  234.0
1.5  160.5
1.6  205.0
1.7  295.0
1.8  251.5
1.9  184.5
2.0  256.0
0.1  255.0
0.2  274.5
0.3  235.5
0.4  245.0
0.5  221.5
0.6  215.5
0.7  301.0
0.8  336.5
0.9  327.0
1.0  187.0
1.1  206.0
1.2  252.5
1.3  333.5
1.4  127.5
1.5  196.0
1.6  142.5
1.7  197.0
1.8  185.5
1.9  95.5
2.0  143.0
0.1  181.5
0.2  106.0
0.3  192.5
0.4  227.0
0.5  198.5
0.6  162.5
0.7  223.0
0.8  209.5
0.9  279.5
1.0  264.5
1.1  251.5
1.2  290.0
1.3  207.5
1.4  273.5
1.5  271.0
1.6  207.5
1.7  120.5
1.8  176.5
1.9  243.0
2.0  218.5
0.1  128.5
0.2  185.0
0.3  274.5
0.4  187.5
0.5  245.0
0.6  268.0
0.7  229.5
0.8  323.0
0.9  267.0
1.0  347.5
1.1  246.0
1.2  159.5
1.3  231.5
1.4  249.0
1.5  213.5
1.6  130.0
1.7  285.0
1.8  318.5
1.9  281.5
2.0  225.5
0.1  261.5
0.2  217.5
0.3  201.0
0.4  264.0
0.5  178.0
0.6  198.5
0.7  286.0
0.8  204.5
0.9  248.0
1.0  238.0
1.1  235.0
1.2  110.0
1.3  228.0
1.4  102.5
1.5  283.5
1.6  280.0
1.7  146.0
1.8  334.5
1.9  160.5
2.0  148.0
0.1  254.5
0.2  245.5
0.3  296.5
0.4  249.0
0.5  252.5
0.6  221.0
0.7  164.5
0.8  310.0
0.9  305.5
1.0  253.5
1.1  184.0
1.2  176.5
1.3  236.0
1.4  194.5
1.5  189.0
1.6  256.0
1.7  209.5
1.8  201.5
1.9  203.5
2.0  165.0
0.1  234.5
0.2  186.5
0.3  192.0
0.4  115.5
0.5  325.5
0.6  256.5
0.7  205.5
0.8  302.5
0.9  269.0
1.0  185.0
1.1  174.5
1.2  206.5
1.3  146.5
1.4  282.0
1.5  276.5
1.6  245.0
1.7  104.0
1.8  236.0
1.9  247.0
2.0  231.0
0.1  278.5
0.2  189.0
0.3  150.0
0.4  322.0
0.5  194.5
0.6  184.5
0.7  211.5
0.8  163.5
0.9  115.5
1.0  103.5
1.1  117.5
1.2  187.0
1.3  159.0
1.4  234.0
1.5  239.0
1.6  193.0
1.7  192.5
1.8  319.0
1.9  212.0
2.0  332.0
0.1  257.5
0.2  255.0
0.3  201.5
0.4  197.5
0.5  161.0
0.6  210.0
0.7  144.5
0.8  332.5
0.9  85.5
1.0  205.5
1.1  219.5
1.2  202.0
1.3  225.5
1.4  229.5
1.5  146.0
1.6  207.0
1.7  198.0
1.8  167.0
1.9  159.0
2.0  144.5
0.1  229.0
0.2  241.5
0.3  166.0
0.4  121.5
0.5  205.0
0.6  170.5
0.7  260.0
0.8  196.5
0.9  265.0
1.0  240.0
1.1  153.0
1.2  262.5
1.3  292.5
1.4  173.5
1.5  111.0
1.6  294.0
1.7  264.5
1.8  216.0
1.9  168.0
2.0  156.0
0.1  227.0
0.2  280.0
0.3  225.0
0.4  209.5
0.5  128.0
0.6  299.5
0.7  229.0
0.8  277.5
0.9  103.5
1.0  220.5
1.1  192.0
1.2  276.5
1.3  191.5
1.4  306.0
1.5  260.5
1.6  194.0
1.7  260.5
1.8  279.5
1.9  220.0
2.0  273.5
0.1  279.5
0.2  193.5
0.3  215.0
0.4  235.0
0.5  288.5
0.6  201.5
0.7  373.0
0.8  232.5
0.9  216.5
1.0  292.0
1.1  264.5
1.2  200.5
1.3  161.5
1.4  258.5
1.5  199.5
1.6  233.0
1.7  127.5
1.8  81.0
1.9  281.5
2.0  178.0
0.1  231.5
0.2  235.0
0.3  320.0
0.4  187.0
0.5  169.0
0.6  271.0
0.7  287.5
0.8  162.5
0.9  215.0
1.0  261.5
1.1  161.5
1.2  234.0
1.3  161.0
1.4  283.0
1.5  165.5
1.6  202.0
1.7  219.5
1.8  282.5
1.9  201.0
2.0  265.0
0.1  234.5
0.2  154.5
0.3  163.0
0.4  210.5
0.5  146.0
0.6  272.0
0.7  271.0
0.8  270.0
0.9  203.5
1.0  143.0
1.1  305.5
1.2  245.0
1.3  240.0
1.4  136.0
1.5  170.0
1.6  257.5
1.7  156.5
1.8  263.0
1.9  166.0
2.0  196.0
0.1  186.5
0.2  246.5
0.3  179.5
0.4  161.0
0.5  185.5
0.6  273.5
0.7  120.0
0.8  202.0
0.9  346.0
1.0  284.0
1.1  276.0
1.2  199.5
1.3  191.0
1.4  212.5
1.5  228.0
1.6  235.0
1.7  194.0
1.8  140.5
1.9  222.0
2.0  141.0
0.1  158.0
0.2  314.0
0.3  216.5
0.4  239.5
0.5  157.5
0.6  199.0
0.7  227.0
0.8  221.5
0.9  208.5
1.0  305.0
1.1  174.0
1.2  311.0
1.3  249.5
1.4  191.5
1.5  220.5
1.6  269.5
1.7  199.5
1.8  219.0
1.9  266.0
2.0  302.0
