2  96.0  154.0296854740493
3  89.666666666666671  454.91586442682154
4  91.25  542.21468573572292
5  96.200000000000003  454.88608370502777
6  94.833333333333329  604.75581940121197
7  94.285714285714292  728.35793869536803
8  95.125  778.9557084468554
9  93.222222222222229  851.88654938628417
10  92.0  1001.4968182606335
2  97.0  160.45999632113839
3  94.333333333333329  325.21117402334943
4  96.5  348.65641410248588
5  94.799999999999997  531.8236952263278
6  92.833333333333329  691.48835468487937
7  94.285714285714292  700.12098198530475
8  96.375  720.84219533392434
9  95.666666666666671  850.34701069989262
10  94.599999999999994  953.34636104425135
2  95.0  193.05814283180726
3  98.666666666666671  207.69268538045671
4  96.75  379.15168421243891
5  95.200000000000003  534.61001863436377
6  94.5  593.82163823909298
7  91.285714285714292  822.99176526198983
8  93.75  829.56521447981515
9  90.555555555555557  979.82826926921859
10  93.099999999999994  983.02074781783858
2  98.0  166.40938549811665
3  95.0  301.24453421100446
4  94.5  456.32451640009714
5  97.799999999999997  426.32928709764707
6  92.666666666666671  730.56312435018901
7  97.428571428571431  585.4263835369311
8  95.5  689.01733100375952
9  89.777777777777771  1120.7523957490287
10  92.700000000000003  990.60619005776982
2  100.0  129.90517380972349
3  89.0  426.1076520290714
4  95.0  430.12229980398882
5  97.200000000000003  446.77529972711915
6  94.0  603.14150290087559
7  88.142857142857139  884.51457248201984
8  93.625  853.5820745838638
9  95.555555555555557  826.20672249734662
10  93.599999999999994  981.65700955092427
2  95.5  188.45166303662316
3  95.666666666666671  264.24235253070162
4  94.5  423.70730827244728
5  91.0  643.38482307367201
6  92.666666666666671  653.03765991729028
7  92.714285714285708  842.21014108036979
8  90.625  941.69616479305137
9  90.888888888888886  980.48111476061774
10  95.5  895.36840963132408
2  100.0  142.81992235892142
3  93.0  381.36271450460691
4  95.5  396.82947715074334
5  95.799999999999997  497.25792067286545
6  93.666666666666671  706.21740753003485
7  95.714285714285708  689.85130254730734
8  94.375  771.13012786737102
9  92.777777777777771  982.86598820297513
10  93.900000000000006  988.19491969281773
2  100.0  128.55247160589468
3  99.0  202.41143533501443
4  98.25  346.78812594741265
5  95.799999999999997  508.40153056966807
6  96.0  586.20332224053061
7  94.571428571428569  769.57409694047158
8  91.75  904.88948295698424
9  94.888888888888886  876.68388836519682
10  91.799999999999997  1047.211028333247
2  87.5  317.02537278594826
3  94.0  336.62322214764271
4  95.5  366.01509079155232
5  92.799999999999997  598.37261193749748
6  91.5  789.03105262010217
7  90.857142857142861  814.8665725899084
8  98.0  654.43768353066446
9  90.222222222222229  959.19967820679801
10  95.5  905.41467947664239
2  96.5  171.28113481570017
3  96.666666666666671  270.45919691407295
4  96.25  369.93800663525838
5  92.400000000000006  599.27247254611893
6  88.833333333333329  788.58761220561234
7  93.714285714285708  759.68515461520451
8  94.25  815.47299434255365
9  93.666666666666671  844.5399721038209
10  94.099999999999994  1004.3537107666383
2  93.0  211.82932877841452
3  95.666666666666671  300.92590942609473
4  95.5  368.05846124671081
5  94.799999999999997  548.60723110595654
6  96.5  601.34304719109753
7  94.428571428571431  712.06106777323669
8  94.875  772.86373779393887
9  91.333333333333329  941.57611262307137
10  94.299999999999997  932.27793564285298
2  99.0  116.48652370333065
3  98.0  244.52689496650353
4  97.0  352.5160501843477
5  97.799999999999997  412.48331245280502
6  94.5  608.05296197193479
7  96.0  672.15846035362949
8  95.25  759.71420114844398
9  95.555555555555557  820.64025802906747
10  92.700000000000003  940.90883006321928
2  99.0  140.51075421290341
3  94.666666666666671  326.92277589172511
4  96.0  403.61453126419968
5  94.599999999999994  577.48153542578143
6  95.166666666666671  608.97532517548086
7  94.571428571428569  729.58589488914174
8  92.125  957.14391525605708
9  89.888888888888886  1060.5064788700925
10  96.599999999999994  807.48027854294389
2  95.5  215.16079291968239
3  96.0  245.73481279448256
4  98.0  333.34232951260702
5  94.200000000000003  573.97804625885306
6  95.666666666666671  610.5251241271236
7  96.857142857142861  600.01552810674025
8  93.875  833.49911677822672
9  93.888888888888886  898.97460215979868
10  90.5  1052.6834734211991
2  96.5  167.77160496682438
3  94.0  317.54645035800041
4  95.0  409.22835340770303
5  93.400000000000006  598.36516048282385
6  93.666666666666671  634.9102067316195
7  93.428571428571431  739.15611552122346
8  95.0  770.04229655379686
9  93.777777777777771  888.37197760415893
10  92.599999999999994  1024.3522155687615
2  93.0  236.08699723237788
3  93.0  357.19369388475627
4  93.0  459.18182520848688
5  94.400000000000006  524.81391281435117
6  95.666666666666671  592.34256419540179
7  87.857142857142861  956.36143122901399
8  92.625  894.36832856921353
9  94.222222222222229  845.82474873328442
10  91.099999999999994  1115.2472934863704
2  98.0  155.31403153023376
3  96.0  287.90842439561311
4  90.75  592.34327074658847
5  96.799999999999997  474.91688346786816
6  95.333333333333329  590.14603942007182
7  94.0  690.12073871950804
8  91.5  888.57134487022677
9  96.777777777777771  768.36381169160927
10  96.0  864.38485596069086
2  94.5  193.93513192750595
3  94.666666666666671  325.26257152412416
4  97.25  335.57843846208459
5  96.0  498.94592070383248
6  91.166666666666671  807.86309500516836
7  96.0  659.09893380841993
8  97.0  704.22268170673749
9  95.333333333333329  867.71528065002565
10  97.099999999999994  861.98137890291957
2  98.5  158.2037999409489
3  96.333333333333329  275.08024157878344
4  92.0  514.29016124176553
5  93.200000000000003  567.46611800314531
6  93.833333333333329  665.20405349254338
7  94.285714285714292  743.08365579736812
8  93.875  822.91073541483286
9  94.222222222222229  896.23139610219346
10  94.700000000000003  953.32238575110739
2  91.5  233.50135791178155
3  90.666666666666671  386.6389530140865
4  94.0  469.16744154653429
5  93.599999999999994  572.2537600602252
6  96.5  554.12988884767162
7  96.142857142857139  678.62530807360076
8  95.125  785.1558527064733
9  98.222222222222229  703.09919519485823
10  94.900000000000006  913.78426251173414
2  92.5  219.25438946195862
3  95.666666666666671  300.99232410845917
4  94.75  419.89275997364933
5  95.200000000000003  509.28691208253036
6  98.5  505.74726417168978
7  94.0  685.44455218320468
8  96.75  718.38974203527948
9  95.0  813.537138882573
10  94.099999999999994  935.29982595529816
2  97.0  182.11467357608561
3  100.0  176.61324066085686
4  90.5  582.38513241376154
5  96.0  483.53709294859078
6  96.166666666666671  534.16954545915235
7  94.714285714285708  702.21190439868144
8  91.875  896.73851165723238
9  94.888888888888886  874.78422491470894
10  94.200000000000003  984.14962450441556
2  90.5  257.77516144083836
3  96.666666666666671  271.07799426474679
4  92.0  537.30675631849795
5  95.0  513.15043900248213
6  91.833333333333329  730.1075613623068
7  97.285714285714292  585.85434754035032
8  91.5  858.74207737114227
9  95.222222222222229  809.08558967909823
10  90.0  1171.9686593426259
2  95.5  163.19737516314262
3  95.666666666666671  302.27490479199724
4  94.0  424.12613215390564
5  98.200000000000003  408.48358490067164
6  92.666666666666671  678.71634882417288
7  94.285714285714292  697.71371591621119
8  94.25  829.87508365083295
9  94.888888888888886  862.62555808334139
10  91.900000000000006  1067.3738581094931
2  95.0  206.33063981544169
3  94.0  348.83359750789378
4  96.5  361.03289528028091
5  98.200000000000003  403.36321086542409
6  97.166666666666671  531.71457277736545
7  96.0  700.28743553535571
8  96.875  694.78320308600507
9  94.444444444444443  846.20205863763135
10  90.900000000000006  995.99562665427834
2  97.0  146.89077354072458
3  88.666666666666671  480.74633385337069
4  96.25  386.27731745773866
5  95.200000000000003  520.1080828722196
6  96.333333333333329  576.67417310280985
7  95.0  696.18619251536188
8  94.625  787.74315405287678
9  94.444444444444443  839.77095283157144
10  94.5  927.99970234347973
2  90.0  304.72821394270272
3  97.333333333333329  232.20461129141313
4  94.75  441.67668363535819
5  92.0  665.33789331995843
6  96.333333333333329  539.75284708668698
7  91.285714285714292  858.46443570915153
8  96.875  682.53774537877075
9  93.666666666666671  926.62169509595958
10  94.400000000000006  924.98857226734594
2  94.0  213.582836868557
3  93.333333333333329  348.49739842484365
4  91.25  522.1199828322151
5  93.0  580.5198982507485
6  94.666666666666671  574.45305852669094
7  94.857142857142861  723.41170214082626
8  96.125  715.91431103776642
9  94.222222222222229  848.86605370856955
10  94.700000000000003  903.40882013186035
2  92.0  217.36357497211569
3  99.666666666666671  196.69028631531012
4  94.75  433.32882415605741
5  94.200000000000003  545.1727747814939
6  95.0  632.52769691507592
7  95.0  706.52630830622627
8  92.0  933.76820928018856
9  94.555555555555557  890.34549699063518
10  94.700000000000003  1002.7032774276117
2  95.5  206.73234319592939
3  97.0  253.26983705865516
4  93.75  430.18320587266567
5  96.0  532.29986806941531
6  93.5  659.80612547842611
7  94.857142857142861  661.70007771318456
8  94.875  767.73619462636839
9  93.0  968.73430376798069
10  92.200000000000003  1029.5894698333334
2  90.5  286.75061068030527
3  99.333333333333329  213.74973076286909
4  94.25  464.81853444737152
5  93.0  607.37194658976557
6  96.5  583.12788467928181
7  93.857142857142861  733.64259101372113
8  97.625  677.78951899614754
9  96.0  773.7817112951808
10  91.900000000000006  1056.3455566904199
2  95.5  182.16363695206999
3  94.333333333333329  318.09364488433874
4  95.75  414.21410083651722
5  91.400000000000006  637.0353639906748
6  97.333333333333329  519.53335932052994
7  93.714285714285708  760.29435406853668
8  95.0  786.05461699568173
9  91.555555555555557  989.43881334353966
10  96.5  896.56439164101494
2  94.0  186.23924030289277
3  95.0  301.76081644265184
4  95.5  420.80219833142439
5  96.799999999999997  442.65733916941639
6  96.333333333333329  596.9002627135136
7  95.142857142857139  639.24425239848586
8  98.25  545.84817493354035
9  94.0  909.55971907980745
10  94.299999999999997  901.8364967111695
2  92.0  223.97608055892317
3  94.333333333333329  339.13910764684277
4  95.75  425.31058224772045
5  94.200000000000003  580.98942541975612
6  95.0  589.0658772611207
7  93.857142857142861  777.88414570785585
8  92.625  870.61090265396626
9  94.222222222222229  883.27411235497789
10  94.299999999999997  958.07138944644805
2  95.5  204.58710622485756
3  98.333333333333329  219.62718923833197
4  94.25  433.49903953134344
5  95.400000000000006  521.1823782159953
6  93.833333333333329  656.88589585950263
7  93.714285714285708  728.30630639658773
8  93.25  830.97764353972616
9  95.0  823.83210529762846
10  95.5  900.06822251601807
2  95.5  187.00491685429515
3  97.333333333333329  247.68388273113553
4  94.0  462.44310888784344
5  95.400000000000006  474.50851462828052
6  94.333333333333329  622.42275703245161
7  95.0  698.3253189512061
8  93.0  801.66176638673119
9  96.222222222222229  791.60593539564661
10  94.200000000000003  988.72006730826172
2  92.5  255.80496668134396
3  93.0  373.7350435466289
4  97.25  329.95106099788688
5  88.400000000000006  778.62961189221789
6  96.666666666666671  563.29071288719592
7  94.285714285714292  775.04170817489683
8  95.375  756.58197835221881
9  90.777777777777771  965.9378891391184
10  95.400000000000006  932.79252910455318
2  96.5  169.83156999997405
3  96.333333333333329  248.98256975078689
4  91.0  530.05244888410937
5  94.400000000000006  502.62087957812543
6  92.333333333333329  721.99477626434793
7  95.714285714285708  694.59418065031161
8  97.125  678.41294625157821
9  96.444444444444443  755.44352786198181
10  91.700000000000003  1068.7670115166688
2  93.5  200.97596091353168
3  93.666666666666671  333.49259526350477
4  97.5  356.66771356540244
5  98.0  410.30686932235545
6  91.666666666666671  784.74821839111803
7  96.428571428571431  643.46817935454681
8  95.875  688.52808940865293
9  93.888888888888886  861.96007684264612
10  95.599999999999994  914.81590656003289
2  92.5  236.18447031879654
3  95.333333333333329  305.45275490513893
4  92.75  492.36112789687036
5  98.599999999999994  388.72466920773189
6  95.333333333333329  631.75470579014882
7  94.285714285714292  733.9753333052364
8  95.25  715.59990531698179
9  94.777777777777771  831.89450613035854
10  95.900000000000006  949.09377672672861
2  98.0  143.55061407822211
3  99.666666666666671  228.42388022806841
4  93.75  479.53533544895328
5  90.400000000000006  696.9069532442121
6  92.5  755.76726513764334
7  93.0  778.03301253931465
8  95.5  795.59471712644233
9  95.444444444444443  855.39038002675125
10  93.0  979.34238892237261
2  98.0  149.77929853472656
3  89.333333333333329  464.85951046014998
4  97.5  362.5170340796023
5  95.400000000000006  521.55691752860389
6  90.333333333333329  879.69999823483545
7  93.428571428571431  796.27198509937853
8  93.125  847.81478580508019
9  94.555555555555557  862.47312467605548
10  96.599999999999994  831.6679448841071
2  91.5  256.81763339173187
3  98.0  277.12598482538931
4  96.0  397.51540196698863
5  93.599999999999994  588.17258848079894
6  97.166666666666671  538.72772556068048
7  93.142857142857139  726.59955107754558
8  94.5  799.65129902155127
9  96.111111111111114  764.00834828355403
10  93.099999999999994  959.68931770326367
2  96.5  188.46925050942835
3  89.0  451.15367778660163
4  92.5  515.79227203369737
5  98.200000000000003  393.46879279428816
6  95.0  647.93213240999137
7  96.0  677.88090857778411
8  89.0  925.61050123636255
9  95.333333333333329  806.35016632655493
10  94.200000000000003  928.85091497128906
2  97.5  153.76054327224099
3  96.0  284.61657784556849
4  97.75  336.49269144692778
5  92.200000000000003  668.39961587768039
6  96.833333333333329  573.62717656986274
7  93.285714285714292  779.85183874267659
8  90.625  952.06343805092376
9  94.111111111111114  843.74788085308535
10  95.700000000000003  887.15438758301502
2  93.0  217.92857515778527
3  96.0  264.77871267231171
4  92.0  511.78892002037537
5  97.0  476.98244397620886
6  90.666666666666671  733.4489154606282
7  95.571428571428569  663.91424126433935
8  96.0  714.97502486444762
9  95.777777777777771  773.07870143848072
10  95.200000000000003  913.79620545946966
2  93.0  251.3984005377813
3  91.0  405.81003638954923
4  94.25  469.77126364815734
5  92.799999999999997  601.17699282647152
6  94.833333333333329  573.27205293625036
7  93.285714285714292  764.40483346784549
8  95.5  800.28424777720454
9  93.333333333333329  873.01532695229525
10  95.700000000000003  871.50879792204114
2  98.0  144.43068191437735
3  93.0  366.96249741405609
4  93.75  475.14309065587645
5  92.0  667.54209089626124
6  95.666666666666671  633.25373750477468
7  92.285714285714292  825.54725711607296
8  96.875  692.76526360656192
9  93.555555555555557  884.01161455980525
10  94.599999999999994  947.07428971081663
2  83.5  365.33937374233693
3  93.333333333333329  330.34987989853772
4  96.0  374.48604087283172
5  96.799999999999997  493.04045571939696
6  93.166666666666671  656.64104550708146
7  90.714285714285708  804.97109412162376
8  94.125  844.29710050385904
9  93.444444444444443  957.18089319774663
10  92.0  1009.2204261721042
2  97.0  164.86122813855653
3  96.0  298.79966214537228
4  84.75  789.86267249343553
5  95.0  547.67365426192907
6  95.0  630.46524240612632
7  96.285714285714292  594.48248155669978
8  92.125  936.57272515296768
9  90.888888888888886  1015.6853587294614
10  93.0  993.28959035878586
2  93.0  222.96958197580867
3  97.333333333333329  260.94607023361931
4  97.0  366.75717787438595
5  89.400000000000006  761.56499783844311
6  97.833333333333329  476.09572287629271
7  92.428571428571431  769.99355393542078
8  94.125  794.96966855437506
9  96.222222222222229  827.71798696721601
10  95.599999999999994  907.83878003320012
2  98.0  156.98268698562597
3  98.0  223.71788434030947
4  93.5  470.28156900139516
5  95.599999999999994  510.20288963797248
6  93.833333333333329  639.04216062928583
7  96.571428571428569  659.30877975226417
8  95.875  745.6906405279949
9  94.222222222222229  865.55255498801773
10  94.5  888.50706604302206
2  95.5  187.60347497896839
3  96.333333333333329  241.41397658929444
4  94.25  472.89159560002304
5  96.200000000000003  493.26147431676202
6  93.666666666666671  689.76045361723391
7  93.571428571428569  736.24739338219104
8  95.5  786.11259140563675
9  96.111111111111114  784.94023012216132
10  93.5  924.27086842227982
2  96.0  173.78092915877292
3  94.333333333333329  311.25825542574421
4  95.5  412.50235993991214
5  91.799999999999997  602.23636208809728
6  97.166666666666671  522.11751456139768
7  92.0  819.70542324027053
8  90.25  934.13111904710797
9  95.444444444444443  815.32152041964434
10  93.299999999999997  966.00272583749006
2  95.5  175.12828155102741
3  95.333333333333329  300.69662726493635
4  93.5  479.10884055204804
5  96.200000000000003  492.18074673210231
6  94.333333333333329  645.47171042696687
7  97.142857142857139  567.61144082822148
8  93.75  809.58119815548548
9  92.444444444444443  830.62052058728455
10  96.0  893.30438413886316
2  96.0  187.93416219265779
3  93.333333333333329  341.0885364892099
4  96.25  359.24102268291938
5  92.599999999999994  654.77980810573308
6  93.833333333333329  672.74276306496665
7  92.857142857142861  748.58141573109162
8  93.125  796.6501416573193
9  95.333333333333329  877.59419781508734
10  91.700000000000003  1053.4232985471983
2  98.5  138.71982255514598
3  96.666666666666671  270.24339652113912
4  95.75  395.95069502637546
5  94.400000000000006  562.69853747772356
6  95.0  590.00253186684677
7  92.571428571428569  773.78633783686189
8  95.25  783.09206133435373
9  94.777777777777771  902.27242574249249
10  94.5  947.18269559569592
2  94.0  226.68838661727469
3  96.333333333333329  298.47763039176527
4  89.5  587.44690204794165
5  95.400000000000006  503.32411604996327
6  95.333333333333329  615.71747966258454
7  96.142857142857139  622.28618220738508
8  92.75  860.78574483739681
9  98.0  706.74371028666496
10  95.400000000000006  947.34162861907953
2  98.5  163.57813443171619
3  97.0  263.42357600333906
4  96.0  407.25752250971613
5  95.0  524.01483102020666
6  98.0  500.33709746954003
7  95.142857142857139  693.69958913760127
8  86.5  1034.487572562537
9  90.333333333333329  1010.1289882896309
10  96.299999999999997  866.96553363375131
2  94.0  226.52660403066423
3  95.0  302.9535778240795
4  91.5  513.68643771894983
5  92.200000000000003  610.91996765541705
6  95.166666666666671  602.28902746038807
7  92.714285714285708  744.21897061528239
8  93.875  814.39844465071383
9  93.555555555555557  921.39311087450244
10  94.799999999999997  916.68134267166715
2  97.0  166.46666328896836
3  95.666666666666671  303.73310483447227
4  94.25  438.90656878587777
5  97.0  446.65365313913179
6  95.833333333333329  548.04326650699977
7  93.857142857142861  771.93001563204439
8  92.25  879.60264133644637
9  93.666666666666671  936.24458709989676
10  92.900000000000006  991.21689643941443
2  94.0  219.17200611794715
3  93.333333333333329  327.84637485388083
4  94.75  416.09205591717574
5  95.200000000000003  497.43737289706314
6  95.833333333333329  587.29569885712613
7  90.714285714285708  851.80600950101723
8  95.75  765.24640454108328
9  92.888888888888886  914.88522369355235
10  94.700000000000003  957.7422884019096
2  98.5  142.6629235179152
3  96.666666666666671  289.26365749573199
4  94.75  433.39711731579581
5  98.400000000000006  399.73678396931422
6  91.166666666666671  773.64654491168358
7  96.857142857142861  640.34117707384735
8  95.5  777.14343691455656
9  96.111111111111114  819.91704347061409
10  89.0  1145.5502764710332
2  98.5  153.35592447414737
3  88.666666666666671  473.65559152732084
4  94.0  462.97647658981498
5  90.400000000000006  733.11119839610672
6  94.166666666666671  694.90007237965722
7  95.428571428571431  638.0336477285216
8  96.25  717.97642466948139
9  96.333333333333329  762.75494795017335
10  94.900000000000006  967.17646763194205
2  94.5  183.08122859615389
3  99.0  199.02663881390382
4  94.75  455.64808687764867
5  89.799999999999997  703.49809457273273
6  95.833333333333329  555.11071431687162
7  96.142857142857139  656.48761289031449
8  91.75  963.26395449245877
9  96.222222222222229  820.38185920272201
10  93.299999999999997  979.85983505103491
2  96.5  165.97787407549549
3  92.0  363.14019032884261
4  94.5  450.84909912441555
5  95.400000000000006  505.50455276788358
6  95.333333333333329  623.12562397797217
7  96.0  625.19995986916035
8  96.875  708.0233690135799
9  89.444444444444443  1002.101008395994
10  95.700000000000003  963.82278638626894
2  96.0  187.67351901768927
3  94.333333333333329  355.89012107686528
4  98.5  319.38333464127589
5  96.400000000000006  453.60206869928737
6  94.5  659.20961291688047
7  96.714285714285708  638.13541368585334
8  92.375  829.25871023278739
9  95.0  852.26500159438785
10  92.299999999999997  982.62248169552174
2  99.5  132.2414062687902
3  96.333333333333329  318.33142710470514
4  94.25  458.74639284945215
5  93.799999999999997  568.65615631913363
6  93.833333333333329  700.82996073250581
7  93.285714285714292  707.42575994703418
8  92.875  817.60420166541178
9  95.444444444444443  818.27285416725817
10  92.700000000000003  980.17744801462584
2  75.5  487.6722979132731
3  92.333333333333329  395.63685053218637
4  93.5  480.43861660827724
5  92.400000000000006  669.40183729881346
6  96.5  531.10431372950211
7  89.571428571428569  814.70735843925411
8  98.0  654.65559494870854
9  91.0  987.33518019991334
10  95.0  937.22868862708651
2  95.5  186.49811260216413
3  94.0  331.57488186972029
4  98.25  308.68348248391402
5  95.599999999999994  494.99925036453482
6  93.166666666666671  708.72321355230008
7  90.0  875.06674590589228
8  95.25  728.69383873138588
9  92.777777777777771  916.8573140870941
10  93.5  1020.5422906245593
2  95.0  219.08233578799596
3  96.333333333333329  273.80099069516274
4  94.75  397.47942493858659
5  96.799999999999997  456.29319563277357
6  98.166666666666671  479.43093633328976
7  95.142857142857139  727.01878299025486
8  94.125  819.25038348905127
9  94.111111111111114  886.77038191065162
10  93.099999999999994  961.92111214998761
2  91.5  247.40460271478256
3  98.333333333333329  230.9004359140379
4  97.5  362.26603411529624
5  93.200000000000003  617.20135645298228
6  92.5  709.16630007031836
7  95.857142857142861  628.25309176121129
8  94.875  787.23813929006235
9  95.111111111111114  855.62987906442027
10  92.5  1086.4363982070549
2  87.0  324.31767494946831
3  96.333333333333329  269.82284588148838
4  93.25  445.84603237925086
5  91.400000000000006  630.45421117792466
6  95.666666666666671  573.53662285904284
7  93.714285714285708  728.85509365886037
8  93.875  805.29400658489919
9  90.444444444444443  1011.8850224875629
10  94.700000000000003  936.56077415137941
2  92.5  252.23059659505924
3  94.0  328.42171403322931
4  92.25  507.04170087212441
5  93.0  624.29901212371328
6  96.333333333333329  597.34118803389208
7  96.857142857142861  619.56218006451729
8  94.875  743.28357539282433
9  92.555555555555557  806.04556733207835
10  92.5  1049.7224578508528
2  99.5  136.66229137606004
3  95.333333333333329  337.92450136510956
4  96.0  408.59644467924073
5  96.799999999999997  457.27839401544628
6  91.5  786.49883762344803
7  96.285714285714292  630.70578323563677
8  94.375  810.8106933833825
9  94.333333333333329  850.0916264927364
10  96.099999999999994  890.82101917741477
2  98.5  148.51431367775797
3  96.0  294.36935932442179
4  87.5  652.77750093231612
5  92.599999999999994  613.91284671326969
6  94.666666666666671  634.97853731569194
7  96.714285714285708  609.93059718704183
8  93.875  806.9762908774486
9  95.222222222222229  827.19997543220211
10  92.200000000000003  1016.0389028105624
2  99.5  146.44559513317418
3  99.666666666666671  214.03044100766166
4  96.5  388.08470551269613
5  96.0  497.78915325596421
6  95.333333333333329  598.84307680391032
7  97.142857142857139  622.33966884011511
8  94.0  811.40688015475803
9  98.333333333333329  699.36367296766048
10  88.700000000000003  1100.6032842666655
2  95.0  184.44212280074137
3  98.333333333333329  243.27170306698326
4  90.0  564.11817796101525
5  92.400000000000006  682.83574533747947
6  92.666666666666671  690.15833150250899
7  95.857142857142861  685.80260218967283
8  90.125  938.28026791101706
9  93.888888888888886  863.13793219154695
10  93.400000000000006  973.5286077559075
2  99.0  126.64717698195784
3  97.0  265.75074046115509
4  96.0  376.32067680109287
5  94.200000000000003  604.86216533673394
6  92.166666666666671  753.57017047228828
7  96.571428571428569  641.35327482441346
8  96.75  710.47667281437941
9  94.222222222222229  867.54335008567227
10  93.599999999999994  1014.5035641976369
2  100.0  126.24692174056737
3  93.333333333333329  331.35575299300854
4  95.75  396.95703505363849
5  95.200000000000003  504.57544625090168
6  97.666666666666671  513.84909018353085
7  94.571428571428569  657.2889847064173
8  93.875  776.76942533806891
9  93.666666666666671  894.11040062963343
10  92.599999999999994  992.6775567699068
2  91.5  257.46417777172149
3  88.0  474.6220169926911
4  92.0  547.50233171433763
5  94.200000000000003  543.41555130374525
6  93.5  679.90411295040292
7  96.285714285714292  677.10503609137254
8  95.125  742.8747013473826
9  94.222222222222229  860.35542366649304
10  91.900000000000006  1017.7762585403907
2  94.0  240.96163779110881
3  100.0  194.01605361136393
4  97.0  339.30917926861775
5  95.200000000000003  542.43509076362841
6  91.5  783.53974530361666
7  94.428571428571431  708.27318659351045
8  93.75  804.58644566031649
9  94.666666666666671  832.40866333022075
10  93.299999999999997  1019.2666744214757
2  99.0  123.96571631615146
3  96.666666666666671  284.08584070721139
4  90.5  574.14451782632102
5  95.599999999999994  497.41878331102532
6  94.833333333333329  622.99625883440342
7  95.142857142857139  719.04111033219226
8  96.125  670.75564309643335
9  94.666666666666671  851.7628683790507
10  94.599999999999994  949.47498868143873
2  94.0  188.67365177608835
3  94.333333333333329  321.75082014013242
4  97.75  353.03406712013958
5  95.599999999999994  509.95681415403982
6  98.5  509.06921879041681
7  93.714285714285708  767.76724797603765
8  95.75  710.39733843023953
9  95.444444444444443  752.29576989758334
10  92.099999999999994  1064.9442571123293
2  90.5  254.4468370075227
3  96.0  296.50566755490161
4  94.5  465.23054837773958
5  96.200000000000003  479.48399914790548
6  96.333333333333329  576.83717743324553
7  93.142857142857139  702.78018741555502
8  92.0  896.67436599440703
9  91.111111111111114  955.8523808850814
10  92.5  1013.9950895882316
2  92.0  238.94075364413266
3  96.0  264.69182578632336
4  93.25  494.65162876455156
5  94.200000000000003  541.10913681526279
6  97.166666666666671  511.8581611971203
7  95.142857142857139  688.3858935350105
8  94.625  764.59305093294006
9  94.333333333333329  835.0954748661527
10  93.900000000000006  902.85151820761564
2  96.5  183.21341537468217
3  95.333333333333329  292.78868673933994
4  91.5  464.2422227245832
5  97.200000000000003  456.03433979967656
6  95.0  636.16512787321358
7  95.0  714.21824052077443
8  94.75  809.4418606775946
9  88.333333333333329  993.16690978819111
10  98.400000000000006  741.90339322462921
2  99.0  136.17645613494838
3  92.333333333333329  342.58428831511185
4  94.25  450.2256771042571
5  96.799999999999997  448.76541619575778
6  92.833333333333329  713.58381245280884
7  91.857142857142861  841.87551634833426
8  98.25  633.11375303136049
9  94.666666666666671  892.14976472909132
10  92.799999999999997  937.81525115847739
2  85.0  377.60760545659474
3  96.333333333333329  302.23427024380601
4  96.25  424.07919774202162
5  89.599999999999994  757.70832288242332
6  96.666666666666671  562.64913795085113
7  96.857142857142861  645.97257086086427
8  93.375  781.88732675436222
9  95.0  805.73735022823917
10  88.400000000000006  1162.396928842951
2  87.0  313.79510784748129
3  92.333333333333329  350.13944320839562
4  93.5  468.29621720144598
5  94.200000000000003  571.10041213338593
6  93.0  644.34512304789689
7  92.714285714285708  726.46193323252112
8  92.75  858.23127541311635
9  89.444444444444443  1097.2799619233742
10  97.400000000000006  851.43075905172861
2  93.5  245.28240579884286
3  96.666666666666671  265.84921593378567
4  93.75  479.27463101919608
5  97.599999999999994  453.22912382910602
6  95.333333333333329  583.54104468208698
7  92.714285714285708  834.63540438198322
8  97.875  670.56083227950967
9  93.444444444444443  878.27117203258422
10  92.5  1029.6269014182594
2  97.0  194.32665983751937
3  98.0  217.27493004871704
4  96.5  375.39570720350406
5  92.0  658.8021433410546
6  94.666666666666671  632.70722455365092
7  94.428571428571431  744.30115743687134
8  95.125  735.24501276939486
9  96.888888888888886  778.03856867680452
10  96.400000000000006  831.42106263424671
2  98.0  155.9254944544212
3  98.666666666666671  253.86658873362015
4  97.0  383.58024955881643
5  90.0  621.24953630233165
6  95.0  653.61861286435203
7  96.285714285714292  646.16152110597125
8  97.25  645.99382506609538
9  90.0  1012.0040329996409
10  91.5  1013.103654576965
2  94.0  170.92390921859095
3  92.0  398.048059277623
4  86.5  643.74738346182994
5  95.799999999999997  546.13430580741567
6  94.333333333333329  633.24113692267417
7  94.714285714285708  700.80111436523475
8  94.25  776.09295319183457
9  96.0  795.84506686362079
10  93.200000000000003  992.79533457058142
2  93.5  228.86061298726383
3  96.0  300.84352688649483
4  89.0  613.76994944179728
5  95.799999999999997  513.2107570680447
6  98.166666666666671  482.19997771803571
7  97.714285714285708  568.44390398634323
8  92.125  824.77343762871897
9  92.888888888888886  903.98425193478022
10  92.700000000000003  960.11708635864306
2  93.5  202.66532292694006
3  94.666666666666671  313.13887998113472
4  97.25  325.89032464597938
5  94.200000000000003  596.49878690866137
6  95.166666666666671  616.31690116986749
7  96.857142857142861  651.40525077359894
8  95.75  742.56448663160563
9  95.0  855.1626999395188
10  94.0  967.7611277529254
2  96.0  165.90176832350838
3  94.0  306.83379672333615
4  89.0  612.10334083978591
5  95.0  531.36448138669766
6  92.0  699.84281584031578
7  93.571428571428569  780.72256163308748
8  95.125  731.33487688015157
9  93.888888888888886  933.82620743522773
10  93.200000000000003  990.53508900990573
2  96.0  178.38951528296985
3  95.0  309.61177108282487
4  93.75  420.36002667649075
5  93.200000000000003  623.69127346114703
6  91.333333333333329  742.77004464078766
7  97.142857142857139  603.81693308302067
8  94.125  812.22490016785571
9  93.333333333333329  863.14301693311529
10  91.200000000000003  1033.1351029084406
2  98.0  149.54550829647158
3  94.666666666666671  311.24776445714622
4  95.0  408.80793004530273
5  97.0  462.83234773459355
6  95.166666666666671  607.35928642658394
7  95.0  679.74419028379782
8  90.75  852.27511060190614
9  93.444444444444443  890.12480904356175
10  94.5  941.11578281941718
2  99.5  143.7304845238406
3  94.333333333333329  339.49610171992651
4  95.25  443.45917455349104
5  93.599999999999994  573.3561480258046
6  92.5  759.4210557487786
7  92.428571428571431  772.0724015697665
8  92.25  821.76011898791637
9  95.555555555555557  888.21147976043062
10  93.5  981.9628669108215
