2  34  120.20024778882103
4  11  202.99999999999991
6  67  467.91022725014881
8  37  205.17170715253445
10  89  745.22013365368707
12  67  697.42052953471932
14  79  773.81518425028821
16  82  685.2424453078354
18  61  757.00000000000011
20  55  684.37349695529667
2  23  91.283562524628408
4  6  107.00000000000004
6  56  460.3240946258652
8  50  465.33416228747541
10  55  664.83959604019446
12  77  707.05169601106275
14  70  807.32326113637566
16  76  747.85698063334939
18  77  796.78289615963513
20  65  830.1961329293365
2  19  146.00000000000006
4  37  278.17586490007579
6  35  264.3932880376467
8  75  569.40949409210168
10  55  780.11152584437718
12  85  592.35896463672714
14  95  436.27620453089031
16  68  694.14479549037958
18  85  787.97839584782685
20  60  773.89620039010504
2  4  112.0
4  27  52.96750904164832
6  49  474.73347879538335
8  55  549.06921706201626
10  80  652.3590958990568
12  71  303.50145847609315
14  77  737.35553314222398
16  83  523.93675369614687
18  73  788.1342320525556
20  77  838.42193308163507
2  33  128.29379597534711
4  35  170.89612118106777
6  53  366.53707279108215
8  19  324.11013998900273
10  45  530.47628031188719
12  81  717.94183418554019
14  60  602.20575314673658
16  60  561.59146004207059
18  98  813.01616600337752
20  90  685.8780005612449
2  18  161.99999999999994
4  42  352.80810055558402
6  37  364.39240375232242
8  78  562.83374823986503
10  81  707.16874750799423
12  49  773.71199131331286
14  96  420.16770989233646
16  100  575.71996390771199
18  78  723.43590001339874
20  74  854.76524102654787
2  25  173.99999999999997
4  51  224.72857399841399
6  45  374.95253365109403
8  62  491.05481899588915
10  64  537.12700693574004
12  64  720.67415559093706
14  76  792.13940150135568
16  62  841.1538191618547
18  87  740.0132778928886
20  83  876.1478856865067
2  72  163.02827448503254
4  56  230.49799026689234
6  15  283.0
8  53  269.16976672224183
10  96  465.10461058872193
12  59  519.78510477467671
14  67  749.72793978554239
16  74  701.3723341544237
18  88  745.15155629888136
20  86  731.82407269796931
2  60  175.31135264196575
4  34  188.18775926071638
6  85  376.89874407919183
8  49  529.50388060323621
10  65  373.58840355752756
12  92  794.7843293000567
14  65  615.63881141921001
16  77  749.29182817181743
18  79  714.85748509974837
20  95  589.72526127144897
2  20  157.99999999999997
4  45  163.20253931245807
6  55  353.51302830984235
8  100  428.25578395696715
10  61  589.19256857465655
12  58  649.44162818084283
14  75  829.13471253040575
16  73  764.95789504981394
18  72  732.61499236021245
20  66  691.29694789034056
2  10  83.999999999999972
4  23  239.91715533005495
6  19  186.99999999999983
8  45  421.91812742736982
10  55  569.80508934184274
12  52  603.79605832693971
14  86  668.18949231470503
16  91  574.69644963387498
18  78  813.84648551184944
20  90  823.14389339950674
2  25  85.667762697176641
4  68  274.96495084811465
6  69  418.70063323438137
8  76  372.65392547135627
10  77  427.40900189649903
12  95  745.78467118632102
14  58  529.76698105446621
16  83  639.17789984177216
18  72  823.76046492691808
20  61  753.20700028821386
2  55  189.23721054390467
4  50  255.34780816070941
6  53  432.69156324002506
8  70  636.49982336339735
10  89  564.26269398937927
12  81  811.69095853710667
14  49  512.8551484687332
16  93  824.04670769522534
18  92  549.91271256235495
20  84  792.60752540310352
2  48  144.13311983990715
4  43  258.8241912805691
6  33  351.0
8  63  590.08917327237725
10  62  381.49761791134921
12  67  511.09162554640477
14  74  697.54482131954194
16  66  786.90265339245173
18  82  801.25768499881428
20  70  792.32357410299346
2  14  95.999999999999972
4  29  178.23983623046195
6  37  278.60792464797953
8  100  587.36847598179008
10  56  529.55947592007726
12  56  655.0921949534079
14  82  684.97784455288775
16  92  763.80805034960792
18  99  687.70762905173535
20  69  841.23866018630872
2  9  64.000000000000071
4  44  239.30325311697209
6  39  173.26770380296784
8  66  361.23806091118786
10  81  542.44976341598067
12  47  628.68311225522496
14  72  701.76807981932723
16  84  848.51831768270415
18  91  763.00273481209126
20  88  652.57376611393795
2  60  95.870621600972711
4  23  265.00000000000011
6  36  251.27336899021552
8  30  456.98878486049114
10  74  594.50691934386452
12  84  752.47743750921938
14  61  543.93832600369012
16  49  821.37919605307206
18  86  843.5417257611798
20  86  827.24600536103367
2  24  178.33894357578396
4  15  148.62179729064255
6  47  291.17722212575694
8  58  523.80271631030894
10  42  671.98594683745432
12  43  634.00107666552015
14  61  543.63921696201271
16  100  723.2049506913479
18  66  720.99244250126424
20  93  819.79297111038272
2  26  124.31699688638832
4  31  228.89878881573898
6  76  247.47703062208302
8  44  355.8777844575273
10  53  736.90870866283467
12  57  596.60760182840397
14  97  777.74408347230644
16  96  746.84209171087116
18  86  827.46304446851343
20  77  794.32590503989059
2  28  79.434785058825341
4  0  102.00000000000006
6  10  274.99999999999994
8  50  382.44691791575269
10  75  725.41414895168191
12  64  580.55780191506199
14  70  754.54655142945512
16  81  712.57980137363768
18  73  778.39716615243458
20  68  587.44216016197333
2  22  167.00000000000009
4  28  215.95700170086721
6  59  371.96473591123919
8  62  272.00657512829412
10  81  476.19705528349033
12  67  504.17627178464522
14  98  720.05727099407898
16  88  705.95474891143385
18  66  854.58873099632547
20  81  765.83783872180118
2  10  97.000000000000014
4  6  30.000000000000007
6  74  509.74051342927567
8  51  438.64058207221223
10  47  399.38238365856057
12  53  544.45736548446121
14  72  726.5457414354122
16  67  640.8575284131681
18  62  724.99942402087356
20  100  636.40364579018194
2  57  151.12284665988233
4  56  251.56957208055343
6  35  440.93230003788671
8  47  423.75968757641897
10  65  633.18665044476597
12  49  636.73815953964129
14  76  765.05931861356919
16  73  729.41552556908164
18  59  641.25887851406389
20  66  746.54040070626331
2  22  62.99999999999995
4  84  210.07367690267165
6  22  167.00000000000006
8  50  457.07149483958142
10  58  660.91369669626624
12  65  779.38297303033676
14  57  588.88116032417804
16  93  771.69229907793692
18  96  804.05176419232259
20  72  785.62719742721276
2  24  98.000000000000043
4  44  293.63676773821607
6  41  190.61670803523529
8  64  549.95708941066709
10  71  573.59328366076636
12  56  603.6330976131519
14  75  761.78640422325668
16  79  781.90657063499862
18  94  727.45638638731873
20  91  821.2040349990416
2  0  0.0
4  28  170.58320732671152
6  28  319.0
8  44  479.64650316596516
10  61  587.69106804045384
12  53  605.70577834854555
14  58  712.3956483513889
16  75  805.42083498289765
18  90  779.55914314358597
20  100  711.08508990621351
2  9  111.0
4  61  295.93595871296037
6  55  349.29564507703139
8  75  653.99603554489033
10  55  772.19353965248092
12  77  743.12649548040372
14  66  826.49958410713964
16  80  746.68846563429247
18  84  752.6487368498274
20  63  629.61762592102332
2  89  162.10321306200692
4  25  247.78385586530104
6  23  296.99999999999989
8  45  618.90696840395015
10  65  493.92680549087669
12  59  666.84200085237342
14  96  666.88198844927717
16  66  553.26444704125197
18  82  836.83522093577915
20  87  465.84891188432482
2  19  130.99999999999997
4  88  281.16295936326338
6  46  286.58674329881313
8  38  322.24127791566633
10  63  402.69086593873624
12  72  612.28274549851051
14  66  624.38518146743854
16  49  621.02859688459898
18  86  664.4817334318883
20  84  634.32211910333115
2  41  188.2733391744209
4  52  123.61573784604195
6  69  472.39788880510918
8  52  557.03915353551122
10  58  439.69957974405548
12  66  742.38275221423453
14  74  676.42869789872418
16  63  752.36333812492819
18  92  761.37192051160412
20  87  802.10515290731576
2  38  187.44039751957501
4  60  240.85652149027212
6  50  342.66814329568859
8  41  344.83746447770255
10  54  695.55338954517788
12  70  788.36445438854207
14  70  632.83515884332951
16  71  868.94795460090313
18  63  790.41545025743619
20  72  822.25889127238099
2  17  67.103836428710551
4  63  246.86480958926794
6  42  348.8833999964184
8  69  323.11654009861337
10  47  607.99755253562489
12  50  735.09070875153429
14  97  763.89955528932148
16  75  578.05667942785885
18  87  864.32767727403564
20  65  639.92940013565851
2  0  23.99999999999995
4  81  158.97730285742176
6  23  264.00000000000006
8  67  583.82552515358179
10  99  704.74871817059841
12  78  567.54521239877261
14  97  761.97854076346289
16  89  746.75233960503772
18  91  511.06541267263782
20  75  846.59225950100802
2  63  153.35476974876664
4  81  196.63905187686731
6  25  391.42319650591401
8  49  400.0053626623976
10  43  307.81364233219489
12  57  513.48399156989035
14  83  678.99234163310007
16  83  706.58034207933997
18  77  776.81925303898493
20  90  695.6486890674106
2  26  100.80479488035222
4  46  270.31379778592816
6  51  333.68060375174622
8  76  602.8571342853229
10  94  763.25304734913516
12  88  642.56307049711802
14  69  761.01813431451376
16  73  830.62645694446871
18  82  790.70389767813458
20  100  635.74401436843721
2  58  130.0692826836104
4  43  280.62790546225955
6  74  512.48872204381883
8  77  500.84635987635619
10  70  680.02894748203857
12  74  673.27417002967695
14  70  772.51851141151701
16  98  701.07246309874836
18  87  723.88138835302493
20  89  767.83603006934175
2  28  143.0
4  40  368.03004752584502
6  24  275.99999999999989
8  40  382.51949995317318
10  36  430.46118967131116
12  67  675.70002291960043
14  76  662.58591139038504
16  74  820.49030434159363
18  94  747.62060413651909
20  81  852.22250354239065
2  13  109.99999999999994
4  41  311.43067999811387
6  28  306.05470250244508
8  48  620.72537713892041
10  81  468.1406022051483
12  90  723.91892926662763
14  87  701.8904673594875
16  58  755.50356742421013
18  63  803.22259448601596
20  89  736.14984479009365
2  50  159.09006795103141
4  21  273.00000000000011
6  51  332.17376996516776
8  28  446.6108326298928
10  69  160.19316153817954
12  40  543.66640845832478
14  73  725.31138140951737
16  76  682.51315811476229
18  78  825.02649713378196
20  78  836.12188419540303
2  61  161.34432351687698
4  35  235.74212868050975
6  72  333.44554463730464
8  31  389.20996687852642
10  39  337.62853506785035
12  74  561.02686311751484
14  36  764.78399454555847
16  75  714.18928990643644
18  60  798.88032286832663
20  77  665.23317312652057
2  14  143.0
4  27  251.0
6  49  321.28721394406739
8  56  282.24299789070483
10  72  643.83547630348789
12  86  724.27157226180384
14  89  779.73457045713712
16  85  764.83346155644483
18  72  695.69290781833627
20  88  739.21548960502378
2  30  171.52325799555422
4  26  327.21492517021949
6  31  278.00779748488895
8  81  514.90677263664577
10  41  496.15041958264953
12  75  463.12402843381744
14  79  717.46753400632554
16  78  667.22948752113803
18  88  817.32596076944321
20  89  678.7612019598904
2  17  143.00000000000003
4  63  289.18589119952122
6  47  482.36569050866353
8  90  381.77719326439848
10  38  519.59342572147
12  78  728.2608303821155
14  92  570.54767715037951
16  83  782.06112175110434
18  84  749.4954936823998
20  97  706.89607747226876
2  48  96.26152846506011
4  12  122.00000000000003
6  47  304.33955812307522
8  40  488.86695859043039
10  48  403.28764624593572
12  94  781.70050335968654
14  81  622.53688225293024
16  60  766.28791769513441
18  81  767.99381848850862
20  76  859.45865244314382
2  0  8.9999999999999982
4  40  281.27545099312414
6  47  388.66705798565744
8  55  307.10339699577378
10  69  544.69458839538993
12  42  427.37982311587103
14  51  654.95952317602541
16  83  707.15660833907123
18  92  840.62011710801801
20  72  722.08171092106295
2  33  180.82760897997679
4  13  282.00000000000006
6  71  302.52187881971048
8  65  451.97617832385077
10  89  596.56539064392734
12  97  367.80728152173089
14  86  786.36416037262859
16  77  838.85682345449527
18  85  850.26822090894723
20  91  631.21236677580259
2  30  131.91255077374385
4  91  236.1609044510958
6  25  379.38969156306854
8  69  546.29189602475094
10  36  484.7384506496058
12  57  621.34368165389765
14  66  785.91710711171106
16  88  666.04590428610004
18  77  769.27543506020561
20  91  811.13801935532604
2  9  189.00000000000009
4  87  166.78163113698136
6  49  406.34146316510549
8  44  456.18484990033653
10  55  467.40829787019749
12  22  349.00000000000017
14  70  653.23797760408138
16  55  645.86667334482934
18  86  827.25320001753141
20  96  644.32397947891695
2  24  200.00000000000003
4  37  326.53451503309196
6  60  307.03017497065082
8  30  532.33262464363668
10  92  676.53258428583285
12  30  391.75249856036447
14  70  871.41100246506392
16  54  791.22264873495772
18  85  819.27726773982931
20  62  828.13947650348473
2  51  175.64081912266204
4  29  317.49729067123906
6  64  374.01497479730295
8  64  570.16425288112237
10  31  493.54356063323849
12  92  638.55259996447978
14  50  732.17812429505148
16  84  679.48599981872894
18  80  765.46286944286283
20  99  588.02647870957628
2  8  62.999999999999993
4  41  315.49237543329838
6  48  321.54661826536358
8  46  374.15943069628378
10  44  555.87677197223024
12  62  640.74589662611254
14  62  765.00482653980021
16  98  599.84038111814186
18  98  668.50723068130947
20  88  828.05344556024681
2  24  99.495194042407377
4  15  216.99999999999994
6  37  230.94019259369904
8  42  286.34436075432808
10  59  469.29434329459406
12  84  764.38935579690667
14  82  695.33685204978167
16  55  732.07006128951673
18  58  841.79968293169065
20  95  736.47563046757421
2  14  169.99999999999994
4  42  284.22929192850461
6  45  469.15915827876307
8  83  657.52033970905416
10  50  591.14629177901816
12  79  640.0873893173698
14  80  719.35648273856236
16  96  678.01139133825563
18  66  787.34791334273132
20  91  671.60734562280072
2  19  192.99999999999997
4  51  302.182209416288
6  48  501.9284062630685
8  30  396.30329323382188
10  33  543.31512099060421
12  87  815.53059923104092
14  89  704.27293488109558
16  87  701.80293949466568
18  77  759.43229619377053
20  85  825.90107656685052
2  24  109.74595575621923
4  68  216.42367919059529
6  58  290.75947962589356
8  58  380.18745337318273
10  61  465.47009649804352
12  98  638.6027801311659
14  84  828.60634034420059
16  72  681.42966796435428
18  75  753.00045634928586
20  75  745.86499038579814
2  12  101.00000000000004
4  37  297.57391667022569
6  61  287.01696423170512
8  57  454.64622581053783
10  52  696.5537329143159
12  74  610.3198171412314
14  88  728.00783308569953
16  90  491.2520600513148
18  100  537.97335582497954
20  98  767.06961044186198
2  25  81.558440217333853
4  31  268.98628945874913
6  62  393.59425385144857
8  80  303.88894699160443
10  55  169.15966902891034
12  88  821.20626353952048
14  81  735.08602573964117
16  78  709.96560401788906
18  91  758.63358948183611
20  84  757.92818081860651
2  26  140.65035682011276
4  34  324.20755765079917
6  67  478.17535401151633
8  32  217.00749281878541
10  48  468.46989650861002
12  61  495.26003631747545
14  64  734.84255819027533
16  71  821.12999585444652
18  90  608.35901143588057
20  83  727.49434733318799
2  18  146.08153343754728
4  64  149.51011936176252
6  45  198.30213882987485
8  85  249.88813497750834
10  56  503.5363203360746
12  67  736.55091977630309
14  57  763.93998780287097
16  73  843.76732801520188
18  82  854.78242235346147
20  79  775.65591232029487
2  27  97.672889218082105
4  29  153.33575538298504
6  82  451.29240108983595
8  43  423.38102041731429
10  35  421.07162512598921
12  71  774.69497866579127
14  86  706.23094203864434
16  92  649.65371072956361
18  70  804.6285534572487
20  83  838.96050083815862
2  40  182.04369092965837
4  58  186.6046009371249
6  90  270.53041455626618
8  57  227.04522804273893
10  55  634.54760361383887
12  57  599.15957977627227
14  92  710.28110718544713
16  83  865.37565469650121
18  89  615.45463547098859
20  97  578.68802387091614
2  27  155.00000000000009
4  45  52.296472038949467
6  19  212.99999999999994
8  78  427.95327830399071
10  88  620.81009581148999
12  78  573.35178075996453
14  76  794.02340549280893
16  100  794.23251964878295
18  57  765.49580625518024
20  83  810.66379545010489
2  31  97.994657496914854
4  33  276.0
6  35  369.03303183380848
8  39  701.98409766517489
10  63  576.70063029163225
12  65  543.5505486790471
14  63  521.61878169898932
16  76  790.45962816333588
18  100  670.1483831304447
20  66  740.24621887558806
2  24  168.72951400849237
4  60  204.78129286337349
6  85  374.9975261532278
8  80  440.12081608362428
10  54  614.76283335229607
12  79  291.18505422959515
14  83  800.65692055757188
16  83  647.94104539720979
18  90  845.77810654389293
20  79  785.99414232011748
2  33  193.386943718954
4  78  259.17926668587137
6  66  473.47067426027041
8  61  359.66122982808855
10  47  527.81966991659078
12  64  552.74312613885456
14  99  545.93365570753997
16  100  788.22062676966732
18  74  608.7027838679353
20  96  688.54954065815321
2  25  112.98719701895308
4  69  274.554219858034
6  88  345.76038173234747
8  40  446.91675510580137
10  46  372.29955855815319
12  63  600.45863364925015
14  46  633.10116556656772
16  71  781.14521478465508
18  80  853.25500158383613
20  69  705.13560583346725
2  10  112.99999999999994
4  30  368.0494395418774
6  47  312.24332755057253
8  54  461.56000584257248
10  61  520.39379323019102
12  70  526.93790435623555
14  86  635.1071842242668
16  72  777.22556633844181
18  85  793.55361435963891
20  91  791.78300849470054
2  94  96.546796116606487
4  35  264.39488218058574
6  99  329.84975545970872
8  59  695.08132616785247
10  83  246.77508396183003
12  80  609.22620397591459
14  71  759.23913365129135
16  73  795.61893764578599
18  88  622.41681879848124
20  86  782.15804677283415
2  33  95.834288357068374
4  59  254.17794234860423
6  73  429.94471743833361
8  54  333.8828202443591
10  96  641.87309815956417
12  63  701.12201737702594
14  64  729.31473407145393
16  84  737.230594563159
18  89  718.27242870089367
20  82  791.84437011862076
2  33  94.093742776402408
4  34  256.25318683001876
6  46  400.49919755305319
8  56  558.30144953073398
10  50  333.70717307811748
12  67  663.19115095752568
14  84  607.68091113403307
16  58  701.09400650926125
18  88  844.48668703587009
20  94  649.80894581156224
2  59  142.13843362219831
4  30  205.00000000000006
6  34  313.23765472180622
8  85  575.07508494857154
10  76  721.84763812265692
12  71  762.80752611989726
14  76  785.42899771503596
16  86  820.30626944123514
18  74  852.46508532040195
20  94  842.9299696827976
2  42  116.92648900522036
4  73  214.2645876826069
6  48  437.07007242048172
8  77  464.63285596962959
10  51  410.05920158540187
12  68  594.89288771200279
14  77  337.04974049225518
16  86  791.55679472642021
18  70  825.31714821401226
20  92  669.23715552570206
2  12  79.000000000000014
4  49  202.12622594461382
6  74  388.98536767897963
8  71  623.23399383544734
10  63  496.70382483843781
12  79  635.07082949568314
14  57  636.59666655884359
16  73  699.57880925306551
18  79  766.57508088393843
20  80  827.02735635382101
2  7  62.000000000000021
4  41  272.32519433939746
6  55  338.02728796516089
8  87  564.41058259910665
10  85  807.55069851874691
12  71  543.75250924814463
14  80  760.28652856090901
16  100  605.57804118502258
18  86  806.09614134104947
20  79  780.98956163944706
2  10  86.0
4  34  195.0379129229801
6  69  419.44850447586708
8  57  349.65830508717471
10  76  500.24776426351764
12  66  623.40007474424488
14  99  635.20835952469383
16  73  750.33515236859171
18  79  736.45153731559981
20  84  806.9647770953502
2  8  122.0
4  68  273.18537499420097
6  31  233.99999999999991
8  60  400.15643457826184
10  75  640.02808815019125
12  73  656.48403190774582
14  47  472.30402890381293
16  70  680.4230109926383
18  81  771.61737324723913
20  61  788.41290099815922
2  0  43.999999999999957
4  26  157.15982447054787
6  68  572.99083113870506
8  60  542.8598234021141
10  99  710.23396349900122
12  81  581.73730922838422
14  97  779.79343132056908
16  79  643.63264385634511
18  98  587.94218323771497
20  93  712.82908933968838
2  30  80.210860473066845
4  34  261.4862519521019
6  29  349.02495212179349
8  41  279.64947545851675
10  44  446.38940340474943
12  89  505.46352690654453
14  55  675.33496926999408
16  76  764.8666861460913
18  57  778.82117068859645
20  79  693.18873452223022
2  11  61.775720479767301
4  25  192.8867396797898
6  46  277.44422816862811
8  73  602.14895243169815
10  66  676.7141168005146
12  48  495.56869017619789
14  86  668.3172989146525
16  82  735.59771192380686
18  90  758.06624991497495
20  95  741.40846547342426
2  33  168.99999999999997
4  34  351.16178405543559
6  58  479.613654475548
8  68  539.24566639746695
10  67  596.42565615657963
12  76  692.2291732605745
14  68  596.03407923943121
16  56  839.72566096959338
18  68  773.18202269226117
20  64  753.24470119880493
2  100  138.24523244560856
4  29  180.43212437027097
6  18  292.56334954890519
8  78  544.32070697720076
10  71  692.74061216772338
12  75  764.71895595176716
14  76  692.57794291463767
16  97  629.67335963548555
18  76  747.04288435632805
20  64  815.48209898672565
2  37  184.96128952247869
4  26  147.83829415502026
6  22  290.62608413347465
8  65  557.01857334608485
10  83  401.29436056087974
12  54  600.13381867202691
14  47  638.86411380933532
16  93  718.57619200101442
18  91  572.15656055876036
20  93  770.80326710922975
2  27  92.194768440358658
4  24  67.521589431540264
6  48  339.43139896016947
8  35  445.00000000000006
10  74  578.14735338397077
12  60  801.26631861861676
14  74  720.42291611875373
16  84  716.10893063309254
18  51  817.08802506055099
20  88  703.89512107753637
2  38  189.03602624479814
4  58  320.24789739762758
6  28  221.06999371709233
8  74  505.85017275636352
10  56  425.65588836042957
12  86  829.45709861011903
14  61  669.28783799825635
16  80  800.16265632475029
18  90  714.28925986411002
20  89  772.95865021471525
2  25  172.22870733526756
4  36  280.0
6  31  284.75246458418121
8  56  476.2593930574597
10  76  611.78192382057875
12  73  627.01080773269553
14  64  632.58873905686039
16  99  752.60455735311882
18  81  725.79299590772746
20  53  764.60242592905388
2  43  110.63261086704138
4  12  242.99999999999994
6  93  249.39231815720387
8  42  398.78441820279778
10  59  688.78600116074961
12  82  509.73341662392914
14  71  791.47367649394255
16  93  761.0960039883837
18  70  780.73265730303126
20  94  731.24912906568682
2  6  174.0
4  22  188.00000000000006
6  64  236.84069055605354
8  32  261.25803610503448
10  42  475.46349704763247
12  30  447.12429490650482
14  65  734.00747129156332
16  62  748.39984604074562
18  89  709.24523366746371
20  93  780.71205282972028
2  26  178.25223900708576
4  67  249.34257218579481
6  61  342.03169278940504
8  29  423.0
10  89  612.91614501941149
12  96  650.0475728163309
14  54  418.95775902203468
16  81  862.28146302470327
18  98  616.02045479251171
20  93  784.82059354156286
2  27  93.816165467896809
4  53  314.03603557401954
6  43  351.04330569169861
8  72  658.36029435759212
10  93  624.79178090891332
12  80  820.57944507350317
14  62  555.36011178514582
16  66  734.93942470819286
18  69  750.80689057750487
20  98  788.97547392139415
2  41  178.29522979192586
4  28  254.00000000000017
6  40  245.3341727692584
8  67  431.74522367311528
10  42  475.96693733163039
12  90  610.65038963465747
14  47  661.64713268569608
16  83  775.8588757477346
18  65  801.13670500348519
20  81  835.39244437558898
2  34  179.99999999999997
4  27  283.76721069427794
6  38  247.27749564261887
8  57  349.87265690625566
10  43  511.41612516154129
12  78  613.41898801576053
14  83  796.49287347743734
16  71  569.24520778467092
18  74  772.92553959890245
20  89  733.68473800519666
2  8  58.999999999999972
4  43  258.36350325922439
6  72  525.13295212249545
8  94  322.20524933592066
10  46  675.5056068016379
12  81  716.91140350420653
14  100  552.22729014319179
16  65  824.01405696002894
18  82  772.11713114342285
20  75  832.92596618665891
2  24  168.0
4  57  145.24652035660446
6  55  258.76000025814216
8  59  415.39033884968819
10  66  521.8794568027904
12  76  647.71286637374556
14  63  519.94820108524902
16  56  753.21332532939869
18  97  655.72978811601774
20  93  714.10941733549237
2  17  78.999999999999957
4  54  284.48757419498378
6  97  373.30082703581098
8  64  521.68839433893265
10  61  527.61767612685082
12  64  702.3400652066814
14  85  749.01828295614405
16  72  487.36367091016035
18  73  786.24984160121062
20  90  780.08153123703289
2  39  183.19358568278304
4  43  270.08845605660389
6  41  397.68561853735508
8  63  374.54679089410223
10  77  348.2055830558391
12  81  571.42874271802009
14  78  756.60319255050126
16  81  752.94008621021101
18  65  790.52954919071988
20  97  710.81295811598045
2  98  72.226159573006754
4  0  84.000000000000014
6  51  478.81876445120849
8  68  389.94451827220303
10  67  430.20957474863479
12  79  625.87490994810605
14  85  809.90477325633969
16  78  539.47489305995464
18  87  676.27739764764999
20  80  828.95027116280869
2  17  102.00000000000003
4  39  186.34063356172487
6  80  460.5404931235102
8  65  380.31699227638364
10  99  651.76294233882152
12  62  423.96993037861023
14  75  707.07388782008388
16  79  735.4823387834
18  78  742.12054694102267
20  84  844.03953057041144
2  73  74.906149779935802
4  28  277.99999999999989
6  38  415.70933708636284
8  22  441.68584782609207
10  78  665.42049293308162
12  75  493.29247894113337
14  83  494.62087313721588
16  74  800.54745646043443
18  92  841.80856725168314
20  87  799.8526336344903
2  23  121.44373354182567
4  31  237.94084787818596
6  45  496.40829991940319
8  88  429.51983911522825
10  50  656.81228182890447
12  96  582.84277676675072
14  90  680.52784078045124
16  86  782.87978052620338
18  72  658.4695507999304
20  75  769.45524515057684
2  3  76.000000000000028
4  10  237.0
6  38  384.40415160780731
8  54  512.08049185786854
10  72  458.13686863886721
12  76  458.60029188848421
14  68  562.33284242142338
16  67  646.75907283412664
18  91  770.39859589217963
20  83  684.61999901908166
