2  13  152.48231132546121
4  23  194.65477051238875
6  18  220.26215319050857
8  53  281.01873825411019
10  48  246.50692625349512
12  53  342.27764324006097
14  79  156.60753665631921
16  76  114.20711090729054
18  93  32.144730134418317
20  76  283.48481578929989
2  12  179.15731261189933
4  26  193.17371389411289
6  54  214.20096607098176
8  57  258.72841839223196
10  45  343.80146022445967
12  39  279.86296534774385
14  71  275.09841968041559
16  47  485.59318256681439
18  89  249.12866987061136
20  62  333.64874913860461
2  8  60.27530307461813
4  25  158.42889039878781
6  47  225.66053099343335
8  35  229.57311217782376
10  64  226.19958540020326
12  44  434.11335081982912
14  50  292.24147027330594
16  43  493.34166512965589
18  71  362.36067284756587
20  65  387.91923642346813
2  24  159.03348844188534
4  60  129.5978324098144
6  51  203.54774085777674
8  32  261.37954162195581
10  55  319.89282209878922
12  59  278.9720181521156
14  35  695.05277098426814
16  84  123.53497411862789
18  86  112.80169541880657
20  86  114.7506927144578
2  0  0.0
4  31  248.49703350766453
6  62  186.80572787190761
8  42  136.61439445242422
10  78  125.24257815196358
12  76  168.33609934841508
14  64  249.24443008513944
16  87  120.68107820169155
18  89  101.60077823398123
20  76  286.51959696189408
2  10  132.72263637701838
4  39  202.33178665276202
6  43  243.35646871786207
8  43  319.7243604065805
10  63  315.12525152501775
12  61  254.57255452052129
14  31  662.85113666116308
16  43  383.78485278572788
18  53  478.24435270956536
20  80  189.62612828094814
2  18  168.64610411754424
4  13  266.49687084063481
6  29  259.25983272105049
8  25  390.34004426232775
10  43  318.28821002508192
12  47  477.91475036504778
14  78  214.85689735270094
16  56  440.14178119798794
18  54  462.97565401511764
20  60  432.74649452986705
2  17  127.29168846657548
4  39  135.96876576559748
6  20  465.13261399310602
8  38  310.07048105858127
10  45  322.79346240745861
12  46  349.8620732140825
14  54  483.13725829171182
16  89  106.14411797793014
18  75  280.11447697892572
20  82  313.03987004568029
2  34  140.25564174252136
4  18  116.1201157602917
6  28  335.19063591267025
8  50  144.12620703090124
10  54  258.22454299925334
12  35  686.98024216603824
14  66  169.0106233805065
16  48  348.00905355297448
18  51  376.01660800157975
20  83  110.5089335026771
2  36  55.926784660121903
4  33  220.19118684055351
6  53  160.73228839316579
8  35  242.98311862752968
10  46  286.71020025422894
12  50  230.50495454919223
14  36  419.86163671278018
16  69  216.62331663441816
18  83  141.15368732845835
20  68  340.39911258163778
2  8  188.60975815958528
4  23  231.03446282139379
6  27  164.20782597546673
8  55  224.62281508023719
10  39  469.84184280681967
12  64  196.61049362412834
14  68  192.21170899672555
16  53  458.75841700437536
18  61  347.47814991565411
20  75  551.70170871350388
2  7  177.58469038682676
4  21  295.46726949671739
6  46  235.70465641762524
8  30  274.86878942050265
10  65  186.67772235448962
12  53  212.63636740713841
14  47  378.13363710427319
16  44  534.40399508175165
18  66  400.65768735790493
20  86  153.52112850482044
2  41  111.21981973386684
4  42  236.42604178709999
6  26  395.81559932233534
8  49  329.48264460726216
10  62  192.53873186259034
12  31  431.29298166287248
14  48  473.38598241961051
16  50  404.15220246042406
18  70  307.08504207676066
20  83  125.68604237190058
2  47  114.08326868940193
4  44  71.921049942203823
6  31  370.18408907225955
8  37  344.22329512860478
10  42  422.91445403236634
12  47  233.3419917305169
14  88  93.479868403010045
16  74  300.12990959072749
18  86  90.824637722511042
20  67  415.84993953695437
2  16  135.87533612364447
4  44  167.50393098343406
6  19  426.8802284175311
8  65  133.16510310566483
10  34  283.98855096986051
12  57  340.29427114278684
14  63  328.23779577755641
16  71  209.12130191495379
18  65  327.4872304987033
20  74  260.43598100663246
2  26  132.08079238388748
4  8  187.06288089832742
6  25  395.87504357250907
8  43  275.9284648378586
10  56  241.40211346732659
12  56  311.36498427937607
14  52  373.3518746232424
16  64  274.60723546068624
18  57  499.46569849236897
20  79  211.31428530852773
2  14  44.521968869929651
4  33  109.6234923937117
6  42  169.94399592332084
8  39  299.1564031070177
10  54  416.93475452939259
12  68  243.73413814365145
14  75  132.75127205215904
16  72  227.39355487249676
18  58  285.90241280548662
20  66  369.95427795865521
2  14  164.04044692810177
4  43  128.86181642570293
6  32  320.25093507147722
8  33  339.75476879263522
10  48  351.56922687605538
12  81  100.33791396872121
14  78  131.96049254825718
16  39  624.46295632809608
18  61  293.25846498648002
20  66  355.95520030227232
2  35  87.133130416273048
4  59  150.09679145097681
6  43  250.62957588501985
8  46  360.15805421934743
10  76  102.49882154616286
12  55  422.40095947794907
14  66  335.48311795641177
16  54  532.52387002380476
18  63  422.46798640931809
20  67  360.62817071565405
2  25  115.68858909673747
4  23  274.80704589620649
6  45  169.18672312196526
8  34  101.02603958659776
10  29  411.50043053419074
12  31  531.19597570314011
14  54  313.99646301194508
16  47  502.47656690428931
18  81  159.99504975432711
20  69  380.53950081162054
2  4  160.19169134065075
4  38  204.38582768453634
6  22  357.38256281267843
8  44  318.81478589263929
10  54  223.97528638426752
12  55  363.41310701369696
14  49  569.4012652852457
16  63  384.07633972587422
18  46  506.26151159701851
20  47  586.97503476342433
2  57  79.49797222222837
4  44  129.25026624296558
6  68  176.2701542355251
8  73  124.41934439929696
10  67  178.34833068570262
12  45  197.51897663781804
14  75  184.98347036571047
16  58  426.48355097456351
18  59  488.19651364184807
20  76  198.72612480974317
2  22  85.028016282885559
4  36  107.83915655576303
6  62  148.43279276892159
8  43  325.07225512320429
10  56  299.97553708377939
12  57  231.12506912687945
14  41  350.1113824732393
16  67  247.35030121050701
18  43  555.91721810836714
20  68  206.05225963677736
2  8  164.67232257891021
4  34  186.61548665990594
6  35  356.95776275394786
8  75  60.979007941049794
10  43  480.87676533790398
12  42  360.43172420417943
14  58  339.07638316211285
16  74  233.21035816081289
18  69  292.25120416088197
20  81  182.69426702189992
2  28  135.01199661966362
4  55  202.42324376225358
6  41  230.89945835537642
8  46  235.79079912750268
10  57  281.05290520676647
12  47  278.61459113364162
14  86  110.19093395676983
16  67  239.00029071570725
18  39  643.0344418201953
20  76  263.75949519375513
2  38  108.66175977843494
4  23  103.5876612327158
6  51  269.64914650896702
8  32  387.92492240310588
10  68  230.61737262326713
12  61  210.18349681249774
14  45  406.99181281924899
16  50  646.5444043380312
18  74  144.89070468013725
20  80  108.66915843843734
2  46  115.55414384957569
4  16  89.910388351101489
6  52  163.436424012733
8  48  277.14378491561843
10  71  133.04515095707819
12  54  332.79879539912542
14  49  352.33421916887943
16  48  596.23411124689005
18  69  163.47758531641912
20  50  520.76179488645755
2  0  29.999999999999993
4  24  274.38393373672159
6  33  281.90449950666999
8  41  257.05619731056771
10  45  220.41639039130689
12  75  143.78905254491659
14  60  322.48053993362737
16  76  210.51900635499771
18  77  350.41512970259828
20  61  374.77478136246026
2  0  100.00000000000003
4  20  281.3827516309567
6  49  201.11836198438695
8  79  94.012308237837274
10  45  445.35380072913011
12  64  328.75957623550681
14  68  249.85897747161752
16  37  575.12916749528165
18  47  610.48388144841965
20  75  254.01501632976402
2  12  143.33910554351303
4  15  138.79873734986589
6  39  310.41742267461865
8  52  237.18140115417262
10  9  821.06323005555066
12  50  314.09925563983461
14  49  399.35705133443037
16  57  340.89769995558964
18  59  302.98413795613919
20  77  174.72743481691845
2  11  145.22314916616702
4  40  133.18879091950356
6  32  361.30065648062197
8  35  230.24050395345117
10  61  251.57824274356645
12  57  391.98268875435622
14  57  223.1049504873281
16  59  386.49138226449418
18  89  108.99320240912387
20  46  668.62236824383342
2  9  139.84781722707558
4  48  149.99072807827139
6  16  333.49565933774647
8  39  239.47866054259038
10  67  238.65384546198263
12  56  257.08908053543894
14  44  292.25036753387013
16  79  233.07385974298253
18  78  284.39126102592149
20  50  649.61258289411762
2  40  124.73277742073984
4  29  242.74490094477744
6  61  248.83177828228057
8  41  371.72463416628068
10  24  487.86103936568145
12  70  284.42830081202339
14  58  372.89417652588196
16  61  398.70340096140632
18  67  242.52557072002011
20  70  280.34665268865825
2  22  142.67165620184997
4  48  203.11197810228259
6  35  254.61466736900709
8  58  218.04293028518379
10  45  143.94038859178468
12  65  330.99293202936144
14  36  440.78939858930374
16  49  425.4281276836507
18  66  254.31299477615724
20  57  613.42529903081038
2  9  163.36720550222742
4  39  129.47291835684436
6  36  250.05407378697862
8  64  158.77418470735887
10  23  451.53489684275172
12  85  62.333444471554003
14  64  319.49072037802529
16  70  277.9004194747705
18  56  214.67440033890313
20  46  669.44673717740807
2  11  178.38712961063482
4  29  247.03362924799339
6  57  127.94479887547172
8  39  245.69936173124913
10  59  335.25672453110201
12  53  357.73717879813347
14  49  388.36280943721988
16  65  264.98233700032335
18  60  378.59217160480938
20  76  260.80193157368171
2  31  87.939419773889853
4  46  167.44127133633268
6  59  110.31482579352912
8  76  135.35773451674294
10  60  308.97648527324077
12  78  142.73457170716631
14  66  230.86931657490985
16  76  164.01443608190769
18  77  166.8993382628729
20  86  78.861072743554558
2  29  147.32861715776497
4  11  224.11630540627527
6  48  219.8546989041526
8  33  322.12671884772402
10  62  286.32967674801392
12  85  103.75804258195728
14  49  371.91528881957294
16  67  163.30789661309791
18  67  377.29634130651249
20  43  722.28427368668645
2  11  180.3115747959294
4  43  178.66066793885318
6  9  367.93840720831855
8  33  347.94229887089631
10  62  185.33531765069463
12  71  192.4742243521392
14  42  304.71922361357207
16  59  384.38768502163322
18  67  303.15122591383084
20  85  98.306283524292226
2  6  99.999999999999957
4  25  174.9455622142292
6  37  291.59689284859019
8  28  455.68152321606385
10  54  239.15550729653592
12  41  399.59799288998454
14  61  459.15446237602839
16  41  736.83067434543909
18  54  398.53261177962037
20  64  477.46623307085497
2  26  86.636488535304963
4  24  76.434072376842622
6  57  186.9929088627301
8  48  301.61767682619535
10  56  264.87513349710059
12  68  212.57474219107954
14  66  377.06194383934445
16  74  319.66001900409663
18  80  140.84110834979973
20  66  403.42484542458357
2  12  78.210306829699888
4  23  303.84078661340482
6  48  228.02404194754169
8  66  188.80758194218066
10  61  313.91835447782921
12  65  196.37677131186712
14  45  284.35522199496211
16  59  412.07198821692589
18  62  299.09825981585084
20  78  298.99819145250467
2  3  84.748638014171348
4  26  214.99999999999994
6  45  264.77693067916169
8  34  278.19878908162042
10  77  132.094611887057
12  58  203.76346606258255
14  37  531.15886022921165
16  78  279.32529909384476
18  89  71.626696632275795
20  68  505.68411114212211
2  0  0.0
4  35  169.42408963806665
6  15  429.13367210891948
8  29  208.42592066974396
10  70  149.79357899608934
12  65  248.05564407514183
14  57  261.50328452665923
16  67  318.64255517475704
18  59  315.64543956758058
20  78  255.03305008767558
2  14  92.492251255570309
4  41  178.41899919949699
6  49  169.33571655925283
8  68  120.04254021340006
10  43  283.76282539466933
12  78  171.05931208394935
14  68  245.1342218099802
16  57  492.7404489905224
18  72  225.14267945105865
20  83  200.29485859487681
2  21  146.34924567165243
4  41  175.37698589316011
6  58  182.05394303632963
8  22  394.9635480391255
10  61  228.84975811796082
12  47  394.91823085994895
14  87  114.57735378404296
16  54  378.13689718743416
18  40  396.37699440642206
20  63  292.34420079308194
2  21  163.14196916303172
4  26  143.05868956959716
6  50  128.26081647877785
8  39  304.82073052229214
10  48  384.54045920807283
12  52  351.5846162488503
14  70  291.12175855763405
16  64  457.1590378753325
18  77  203.95789716099395
20  62  374.46820676657711
2  14  166.84889474935716
4  31  217.56362623732849
6  19  215.55904745045106
8  54  259.92430475922725
10  70  198.07732510994325
12  73  192.37481603426201
14  38  621.69047107341339
16  52  373.27617183895921
18  74  276.9131162502822
20  91  74.390889041387823
2  35  140.21032168498428
4  30  163.04462380726312
6  43  183.97283551841909
8  27  378.20631407029953
10  46  300.91682969277787
12  64  222.44032901342825
14  46  293.16700318662868
16  65  347.66156014124203
18  64  391.16287798940317
20  91  84.426102631132224
2  31  130.39829149776378
4  16  159.48516158379951
6  48  229.7015112852265
8  49  196.71866619829075
10  42  365.71642379845701
12  68  215.21917405920468
14  77  153.1109944004339
16  69  157.9250493470872
18  61  455.09691294778588
20  80  192.00214506454
2  17  93.328689003417566
4  45  216.97927112416863
6  49  228.52089232157826
8  29  439.84691966672995
10  61  260.40862713095299
12  33  289.59440713858305
14  59  327.49023565013852
16  52  321.78681076325807
18  66  417.05446109221134
20  99  4.7957687698977285
2  19  93.318308592400214
4  30  176.34447780007534
6  48  208.90255823392172
8  52  239.92966675522931
10  74  150.11844366130569
12  67  241.05342058078975
14  58  435.73449394240129
16  75  194.42811829000783
18  61  346.99291930054676
20  76  197.16408707751592
2  15  140.0
4  51  126.16585946904767
6  67  114.40627079962715
8  71  164.06762544287798
10  29  265.85147221737145
12  49  235.81808571064943
14  57  384.00047748492506
16  67  261.22747869960477
18  59  433.46371144022135
20  66  317.6366707252908
2  38  129.81838743784004
4  36  188.91881853212604
6  43  206.65720685392313
8  67  177.47656644091464
10  48  201.50889710759333
12  74  129.74365287506001
14  59  265.62236647919985
16  70  250.35961753521431
18  41  669.13028775643238
20  80  324.26176399113609
2  12  143.93334243413193
4  28  133.36452977316301
6  39  259.1363067471442
8  47  319.7792674281356
10  74  172.13781453769485
12  63  269.77677746134322
14  65  149.67586311042982
16  91  77.736068810727815
18  53  338.68944097792189
20  57  318.20429319192738
2  34  128.02797887301122
4  33  203.0837454662458
6  55  157.98757554561388
8  61  112.45335639132799
10  56  301.74338628939239
12  66  283.5073061919752
14  61  209.77126181925539
16  74  115.09742223575979
18  68  400.09919394397872
20  47  579.65841732353761
2  14  91.031633988050345
4  31  148.16204237002472
6  19  246.61199086023868
8  48  249.30025748781392
10  60  250.24448937948137
12  34  628.9160835999628
14  42  541.19777317070429
16  84  120.69366357263628
18  59  349.01918795517821
20  69  375.30914345298959
2  11  71.970000012073413
4  29  171.49089616476562
6  21  324.45863054938144
8  57  258.95192476907437
10  63  200.28481074004037
12  42  387.72597826231475
14  45  383.76288848166979
16  57  310.09971587375111
18  67  220.81703263907875
20  46  663.13883874638157
2  16  129.04832887605531
4  36  104.27597563953533
6  41  231.42886254038561
8  56  87.744899425740329
10  61  297.35852273573505
12  45  325.78044288892954
14  71  293.95480663140836
16  67  235.87622484750045
18  90  79.042502699502435
20  89  153.38146631012995
2  20  95.747842946811545
4  26  198.13758892761734
6  31  244.90898687073175
8  41  378.34030888439094
10  55  175.15127759062753
12  22  485.49861951649592
14  77  161.68263685623594
16  87  181.46942419227256
18  73  206.09302917207151
20  57  471.13739507383309
2  0  53.000000000000007
4  34  188.32554224806955
6  51  285.21794582849219
8  39  282.02372397599504
10  38  315.40081649126739
12  39  510.78928139041409
14  45  387.41038781082665
16  63  299.58625388964026
18  65  447.59455937561711
20  71  154.15865856210814
2  13  104.05312183569926
4  47  175.64441168119464
6  33  121.63838699701843
8  30  343.10274638121746
10  63  215.54510315332766
12  42  405.34501344685071
14  49  358.79379114190732
16  38  377.46942762942183
18  43  323.97376913503814
20  50  486.8130607868394
2  3  88.690750541562451
4  50  162.45834044766403
6  45  203.12613662819155
8  44  330.46274695604797
10  62  244.54067156627738
12  50  372.65340517312143
14  40  647.65153786060614
16  56  315.05355920746706
18  62  413.58960357315885
20  73  317.02952936515385
2  27  94.804834577703033
4  25  268.26244700350145
6  50  268.66773863365006
8  33  313.26488798716969
10  49  303.99752822917179
12  68  174.6535703098605
14  56  342.23786156417788
16  60  245.36305807267786
18  70  357.78509393765876
20  84  185.65318386797344
2  15  158.63987157955296
4  40  165.77415342857606
6  46  219.55510083627112
8  24  268.21243088999739
10  31  558.80289608496514
12  12  222.74860888601054
14  58  328.34574404077262
16  54  440.64988929780645
18  60  362.68631826639921
20  51  605.84677495337917
2  26  82.850972663817743
4  30  146.33989449184739
6  42  204.42707816836821
8  33  249.12452351938555
10  48  291.95441814994189
12  63  252.84967356284412
14  68  253.86642180333664
16  88  130.67272147521797
18  54  364.657097663201
20  63  484.54026335594995
2  20  121.24968045163443
4  19  193.93955767018585
6  44  299.51735710689155
8  17  445.98641367656325
10  61  166.51714300051245
12  51  319.84521841758504
14  70  181.57525367268988
16  56  279.08793201781589
18  59  500.18748824923046
20  72  195.19554142557462
2  31  142.99473507637398
4  12  118.32158552178615
6  41  275.11030503865624
8  47  241.58688729411529
10  60  409.74473530482709
12  73  163.37220517445667
14  62  280.88056091390376
16  71  268.33457565583205
18  60  454.34899259628662
20  78  202.68834633505546
2  13  176.24329355844088
4  4  242.09012408729785
6  47  226.37084865084421
8  40  250.75460415394286
10  43  201.2951689672193
12  44  549.29798203403107
14  65  291.37881421956456
16  69  255.6070048235058
18  40  549.02139337900326
20  66  376.60070468578562
2  6  154.0342238726036
4  47  241.52726040545403
6  15  194.90926848947171
8  43  146.22682876491456
10  53  308.58239343824289
12  42  393.36462440201643
14  68  229.5632126899537
16  28  580.4599255813265
18  52  592.39125700479349
20  74  221.04603304363238
2  22  153.88228671724053
4  29  212.68635255871587
6  30  316.30734621955838
8  57  291.0649718662915
10  37  526.87948649614395
12  78  174.57793780633247
14  78  224.57710153034054
16  69  204.40366233384279
18  71  317.03494520919423
20  58  277.52742813050747
2  13  136.44749535363565
4  18  240.27988079737216
6  20  339.32336730909208
8  37  344.66982681377141
10  43  303.76140889387671
12  65  306.45396671868696
14  62  296.06866831970956
16  58  410.98739009211755
18  64  472.57117414253617
20  72  331.19654084904374
2  27  117.98055363356011
4  39  147.86607046014018
6  57  169.98156635736242
8  67  214.54644062403358
10  75  193.30289899796628
12  66  213.08468498685528
14  70  264.0631061694163
16  58  290.26872913422756
18  69  355.19741638416576
20  77  263.19331774185628
2  29  149.9543703949507
4  25  75.811283133246306
6  67  111.13822101388189
8  71  198.3651916946356
10  66  216.80946760552504
12  55  409.73106987384386
14  66  196.09997577344197
16  68  221.69506699339863
18  66  277.67932157324549
20  65  392.01470333922958
2  63  86.181057981651776
4  20  255.57120007683278
6  22  381.2147368040068
8  36  180.43246572386531
10  67  229.04047210753163
12  63  272.28263193753776
14  63  311.43113563677957
16  68  299.1416969957495
18  83  166.18237123569446
20  61  439.89087366346877
2  30  130.69346364458735
4  32  202.10923177125895
6  22  318.61552523096492
8  41  431.87352879829592
10  63  206.67528506922551
12  77  122.87543397469366
14  49  471.68858543546878
16  82  158.24936576723886
18  57  384.85736616339329
20  66  444.30785047793893
2  15  154.96435927457932
4  44  124.28121063515636
6  27  367.40911975332773
8  37  308.81852280889183
10  48  371.89415413520476
12  86  106.3699544129103
14  68  231.14529337653801
16  61  464.02544946161447
18  36  825.45919638680334
20  73  273.54016291355816
2  30  135.82747948301406
4  29  132.34719044549914
6  27  249.35254403155054
8  36  373.86483367161128
10  50  219.81276220894154
12  55  249.82683796588412
14  51  391.09540851708908
16  27  543.68494953906793
18  61  331.82469605271308
20  67  269.16865092194524
2  43  135.43009211229801
4  24  202.34248209275313
6  24  155.15165774386307
8  61  171.9644117530159
10  74  135.34465850691015
12  54  394.32992175682182
14  72  292.05467227176678
16  63  401.36228080837236
18  57  424.51470446744855
20  71  404.47414306067327
2  43  104.65414876189836
4  24  269.36560803199643
6  28  267.80411417265697
8  48  301.6462925196866
10  72  158.0012713733652
12  73  163.79106519271471
14  68  282.26372177843558
16  67  337.49382702970439
18  64  210.15692039147001
20  51  590.95462838938045
2  15  174.0420182147875
4  49  132.2527831978752
6  34  263.94557969436136
8  54  261.0414836269623
10  53  219.10923959134055
12  54  289.09289745822957
14  60  286.03615472894933
16  55  344.62468930111322
18  73  252.78869401903103
20  65  191.16036192573051
2  18  143.89346769511911
4  26  214.79426841706129
6  29  240.23290159164097
8  53  221.97634193982711
10  70  178.65258967907096
12  53  279.0676676922028
14  80  101.89772404873328
16  76  158.8100885230233
18  73  182.37504063215152
20  67  392.90546829720938
2  40  129.15173907536334
4  35  177.99366071135347
6  18  191.30990683499036
8  62  220.88327055716874
10  59  296.56687482956443
12  45  299.30387710342086
14  79  153.48073083876781
16  57  391.70941495560487
18  59  368.3754839640556
20  55  633.77040160950639
2  25  153.03426313878751
4  62  147.72433142812301
6  57  119.89660168764402
8  37  336.34386118947543
10  56  225.17539976083486
12  54  361.08291972628689
14  48  313.51663616675825
16  67  231.92069789967186
18  60  435.74190926215147
20  71  130.89178236527837
2  45  114.61261947819273
4  43  115.48905430107945
6  18  193.4109353005916
8  42  390.76799319320685
10  57  358.25779132495575
12  41  427.53252511592825
14  63  260.85787394582417
16  48  367.05560819275286
18  57  326.56783394371087
20  75  164.6966199233994
2  22  135.61694193518105
4  0  0.0
6  26  246.67672372328116
8  36  317.0796689896888
10  53  296.76398218601719
12  42  429.99902089053126
14  76  293.4351789955316
16  73  226.30589766654168
18  67  302.40666746054245
20  88  162.26989358609558
2  27  84.566266317184585
4  38  121.92888907289891
6  36  210.74162839622556
8  94  19.798778613776527
10  27  524.41586825534557
12  63  212.01850633758403
14  73  204.80597072124459
16  39  758.60484627063886
18  78  213.00285090155464
20  81  189.60534141506884
2  7  177.6361047115592
4  59  129.8311017390929
6  14  392.38171835549571
8  49  302.9198113170084
10  45  408.49086738349115
12  33  481.82667052490854
14  56  279.82036239514508
16  50  461.61226889334955
18  78  184.53121190995017
20  53  726.5448875400474
2  34  118.53131189609805
4  10  139.57880471628053
6  41  129.81997662279363
8  69  138.91647829567046
10  77  257.58015121564927
12  68  140.6031780720032
14  72  179.70166127154411
16  68  399.6628794351102
18  76  244.71311092558548
20  76  242.32850344174599
2  25  103.49683758298289
4  38  229.43731733280205
6  72  127.69533395661281
8  46  299.45352273384145
10  43  129.50610298761248
12  73  166.25712662948558
14  54  374.50397631080392
16  67  258.00302185191248
18  68  305.11196323835424
20  71  317.24225043256183
2  27  140.77065075685934
4  21  240.48289120327959
6  38  232.41498173765703
8  52  238.62714913864158
10  58  236.58561592093056
12  36  493.08268626149948
14  78  228.0002396615761
16  75  269.25794463382636
18  75  208.58039708890411
20  77  130.94102658366921
2  37  109.26068255576588
4  45  128.75114576958302
6  24  149.36229733533645
8  45  386.68761965688225
10  49  335.76146532805609
12  55  258.55697383110754
14  56  448.89859303789268
16  52  465.04571664444899
18  62  545.75791632535891
20  69  337.32614058716723
2  28  52.120557619607851
4  41  142.08083591650922
6  73  143.4527994949714
8  66  250.14581655475018
10  42  489.11636420296162
12  59  249.56890477709024
14  81  195.20841126334119
16  63  353.36705013715505
18  58  398.38272816284513
20  70  257.11575026100729
2  9  173.96784326265779
4  24  250.42996189237249
6  64  120.69266195493222
8  35  429.76061387725326
10  65  168.68360441387404
12  38  519.15505321058697
14  41  336.78815914478508
16  69  230.60392044200944
18  50  500.60060984320393
20  65  290.49476677285685
2  23  111.76353528959918
4  44  192.80167273025188
6  26  226.08813425057565
8  58  208.42611681631845
10  73  293.91683999626827
12  54  314.3117720049101
14  64  232.52963398037903
16  76  144.80250776720345
18  71  259.13556042861723
20  77  223.49511920454256
2  35  40.055536815333703
4  34  186.61483168073536
6  34  277.96598069168823
8  44  93.166464113782936
10  34  311.79270100170538
12  50  326.53783059093547
14  64  239.42819693694983
16  78  180.6936444888328
18  65  457.88482105719953
20  54  476.91998107251607
2  18  168.40013404465975
4  44  149.81281418546715
6  27  211.22049950943918
8  42  374.75029746429857
10  53  261.59572283681518
12  61  297.5781080886681
14  54  325.71869212583675
16  63  272.07206561192862
18  58  463.18872792935264
20  50  567.18518930433436
2  0  0.0
4  42  182.50601390547735
6  28  298.90990427128321
8  46  278.85008321293486
10  50  382.84864447327601
12  38  511.98164191149766
14  51  357.35216274757198
16  62  261.82951827902912
18  80  182.56078644128274
20  76  340.53934874335295
2  18  170.65499803149689
4  15  215.67415553230725
6  51  230.7401912902003
8  33  297.36901690384565
10  19  460.68389206422779
12  57  272.84236967600856
14  41  520.50777878338715
16  53  352.29473846731867
18  62  246.60292860199078
20  65  358.95008523398366
2  14  142.44797139983041
4  21  243.84473218153948
6  26  331.82801938838577
8  59  232.98074202988204
10  67  171.75005619172896
12  41  408.26317954166876
14  72  199.40054525218017
16  52  469.78248274863586
18  79  147.75022500328521
20  69  344.21883560802405
