2  29  93.538666678411346
4  58  89.172418509391804
6  48  100.05852956040782
8  78  119.00241845515738
10  62  164.43389207581191
12  50  118.69814762135587
14  83  136.39724783693899
16  73  127.37489363712309
18  74  105.67926965365363
20  84  92.30332021568249
2  39  76.567551519902864
4  19  58.427409665904996
6  78  56.488248631628153
8  76  110.35142338955943
10  72  109.65319059692615
12  77  114.51813427842961
14  58  129.02946888194691
16  38  177.75404751401985
18  58  208.83080606053264
20  90  73.251874261594551
2  13  72.697121811638155
4  0  0.0
6  83  88.508127082415896
8  58  153.78269291576888
10  63  108.70351084111375
12  74  101.4675815587035
14  61  122.45186371685108
16  72  129.09613692363644
18  67  155.64664665248324
20  62  172.70509287192655
2  71  50.016645333060524
4  19  36.720960286559318
6  23  124.45943617731767
8  70  122.02425114919819
10  53  92.797728032975371
12  100  44.72074043218857
14  70  135.69592414187139
16  84  114.566720646145
18  96  66.214503738714711
20  72  94.707767572121156
2  0  15.000000000000004
4  17  68.336118283756207
6  53  101.15575121704073
8  71  136.88440484540277
10  57  139.97448990447134
12  47  144.73175861323725
14  85  113.63605218862944
16  59  129.36891060233305
18  85  112.83998907009888
20  75  150.40816547982965
2  54  67.713239355978004
4  14  58.666887002660999
6  52  149.55915856782119
8  88  101.78164716282183
10  48  70.778280423807416
12  48  163.95271858737124
14  99  64.513725335452705
16  77  139.71081085548269
18  78  164.79399135294409
20  72  143.15273705060108
2  0  0.0
4  18  91.104981177060182
6  49  142.54960271431332
8  7  29.940408895774794
10  83  120.58460996178114
12  70  149.64269532499119
14  92  65.873272598828919
16  75  145.868743896712
18  62  192.25856475734724
20  85  81.244108140850102
2  3  73.000000000000043
4  61  71.083495228212186
6  85  83.047183186291335
8  40  105.21895298764974
10  74  124.13685588561452
12  56  174.55287958675157
14  65  115.52114847644823
16  93  83.336457323824618
18  81  92.258953766016347
20  86  112.01869417597284
2  19  45.600098671069233
4  82  115.57453806538055
6  44  66.44999116741306
8  56  85.672526282575575
10  55  100.97442322400775
12  43  133.96973007575201
14  40  172.71662252430286
16  70  172.16009304924071
18  81  65.755689667414117
20  67  173.8872920007756
2  24  27.149326711266987
4  0  61.999999999999979
6  14  99.434108521436031
8  77  107.96721660690896
10  74  72.622156564566836
12  29  156.78337983497005
14  81  70.605800203245295
16  58  196.66546313655348
18  71  143.46119278563074
20  67  190.38948151112038
2  0  10.000000000000014
4  60  77.341439866704036
6  55  105.23322006153472
8  33  144.86034628810495
10  61  141.01637522645208
12  83  92.946101689308634
14  50  220.34708241350111
16  72  154.02540343056975
18  54  232.08461796576404
20  80  140.70329542551599
2  28  42.37005414442234
4  54  74.696334964296113
6  17  176.74151862348918
8  35  147.90407922037187
10  53  126.58762092943218
12  80  107.9887361506939
14  64  137.78855655542606
16  94  72.095089816797255
18  75  138.87189453183544
20  69  154.99037591089407
2  0  0.0
4  29  90.20249512464558
6  0  23.000000000000014
8  43  148.68265737328545
10  51  168.46141523004187
12  79  117.23278500934833
14  93  89.931885224314826
16  61  186.93649206764607
18  86  137.15988318541042
20  49  168.66682399469019
2  20  65.998552731051419
4  40  34.596871376485439
6  27  90.440376210333923
8  55  80.460212152485695
10  74  131.85086134369087
12  59  135.58347495696935
14  79  96.822313297294983
16  50  172.10577319297718
18  75  135.75162290521021
20  43  158.47693332483865
2  27  67.477488495647449
4  8  66.663015762154259
6  44  117.27500368258376
8  30  117.04915253845407
10  81  94.168347164244366
12  66  164.355019390477
14  64  209.020703581042
16  73  146.66908927208689
18  53  198.605716917904
20  78  116.57731574315508
2  0  1.000000000000002
4  0  46.999999999999986
6  37  119.12161196068786
8  48  85.900536956797382
10  51  51.266039357326875
12  59  131.87453251941483
14  98  67.628723608359678
16  76  127.69080111406674
18  67  166.54482730701881
20  95  88.621590170238122
2  0  0.99999999999999989
4  21  76.184376649841042
6  53  122.42823488592876
8  31  122.41268379328527
10  56  141.57795811923424
12  82  117.71534547343973
14  84  108.2222841638047
16  72  136.38447232937111
18  58  224.75133528138758
20  80  132.23703074655191
2  36  58.553617362459427
4  50  85.194690633477933
6  71  96.315576305340713
8  58  137.03478119312894
10  59  149.98995418555455
12  72  103.41712409541462
14  80  104.37054839196432
16  78  121.47779512482026
18  93  69.0230170835043
20  97  60.899113779851447
2  0  59.000000000000007
4  42  55.463641607469341
6  21  21.771140376040314
8  49  150.34740325684237
10  58  94.404140674046431
12  35  149.55572201009838
14  50  109.02536803356273
16  86  106.22894358326798
18  93  69.412392641049621
20  95  82.334799988797954
2  55  23.58932442106423
4  38  81.682712523101998
6  70  74.848817366544949
8  63  119.67951743785764
10  78  89.217944378401313
12  79  99.760291009759953
14  38  164.73114455779347
16  64  175.62914753356191
18  68  161.56591682677779
20  95  66.868185499013265
2  62  60.307552848612687
4  63  70.982511080045043
6  51  170.71674258262507
8  73  118.3934807489448
10  61  73.957879342584093
12  73  157.99483545418639
14  38  181.87463612085295
16  87  125.02509989033288
18  65  199.47327777498313
20  67  175.32140342506571
2  27  49.330885281844893
4  18  70.626353114266607
6  41  98.048162115988887
8  35  65.384151995592831
10  83  54.565142745480372
12  53  190.65573161187658
14  83  72.647863849241219
16  84  74.843179250786463
18  61  183.1641757680442
20  78  157.08736552274925
2  18  55.241722919344568
4  28  69.611553298054218
6  56  74.523912137489503
8  6  143.78242662468577
10  80  45.998178463940086
12  57  133.67851018824831
14  87  111.00589121116307
16  64  151.75692790875863
18  89  93.85925412697668
20  74  139.1714892258743
2  23  38.263684987792963
4  32  78.98103862797312
6  47  110.93777669049081
8  70  78.317008980670906
10  90  89.319487191538627
12  72  102.11640834915205
14  73  78.605610173832645
16  90  99.451333290762705
18  73  153.90556659404311
20  96  70.359761676714882
2  2  46.999999999999993
4  27  107.19078786746084
6  37  134.32764670202442
8  81  106.78922189820989
10  69  110.01913834311235
12  68  152.92342093300897
14  87  113.33637560710206
16  77  145.57480524996066
18  100  71.020090817721169
20  66  76.099416955770764
2  60  62.780010555271964
4  22  87.18276259952647
6  16  114.1615964777006
8  46  146.88592623328239
10  86  82.619844120951441
12  68  162.84643077611653
14  92  92.617151915156441
16  94  81.245552130938592
18  67  146.17907049028472
20  91  84.735692276901091
2  43  78.147687129365792
4  72  110.85229684515997
6  53  128.18399375816125
8  46  104.46388221249249
10  45  146.35583093048106
12  65  179.52008287775587
14  64  166.98708217369466
16  100  59.647221930455636
18  63  209.45029805276229
20  82  113.03897627054529
2  0  39.000000000000036
4  52  97.494539860115893
6  92  74.758200563148506
8  70  71.186516754444497
10  91  98.309610354064091
12  63  154.63493896391648
14  31  189.81735351055721
16  99  73.081166718535329
18  91  69.882476341761219
20  88  96.287986261158721
2  0  35.0
4  31  106.63258569800399
6  52  60.32208620277396
8  72  60.914560113526882
10  64  142.63416145832574
12  70  109.76476053433062
14  85  117.20971407958375
16  72  130.26020048549483
18  54  137.86936380492827
20  77  102.03643683855148
2  7  25.267075455298876
4  0  0.0
6  40  155.43094811996693
8  66  80.048917948620513
10  42  107.67842709823995
12  84  106.18745019850894
14  34  152.23894864932626
16  66  133.83662654944416
18  90  111.0416508986395
20  91  87.488161811090791
2  0  0.0
4  36  75.835380256619857
6  67  72.773328365910544
8  53  82.363991253916595
10  51  103.36901573296743
12  22  135.58381343712151
14  46  207.69966737997103
16  80  107.77613506607922
18  74  130.78662115514734
20  100  59.260563513796832
2  51  89.323282358170104
4  28  60.036958194841127
6  42  85.953943799228284
8  62  106.53108585180883
10  81  89.935419664849093
12  60  120.95399842195637
14  81  102.15845758462308
16  67  136.45742336186336
18  79  101.80388664706608
20  73  162.38825479424844
2  0  29.000000000000036
4  63  94.554826239863488
6  38  123.93040789960159
8  39  108.27438818647977
10  61  102.89885181355824
12  44  192.73804690271422
14  72  127.77499354919563
16  40  208.98296534365699
18  90  85.058045024271252
20  73  138.13363562765696
2  47  60.917347225758256
4  89  85.113311804594062
6  92  93.353864680531927
8  30  129.25940929195747
10  74  88.467114349924685
12  71  101.38242623715931
14  52  105.77671534189412
16  85  106.41220706181085
18  80  136.32193225638795
20  89  103.78292410238898
2  14  38.607589066666037
4  0  37.999999999999986
6  43  131.43317320935418
8  51  134.64845810487449
10  83  111.82633002713018
12  56  67.166689776646763
14  75  94.484590346561617
16  82  128.59126427726002
18  83  119.46508345596145
20  78  136.52909162160009
2  0  1.9999999999999944
4  66  71.143435887700051
6  74  105.11412591414556
8  44  127.36552342988385
10  81  120.9667704921692
12  81  83.184679065333398
14  91  101.80735463992754
16  72  148.68656991291553
18  84  138.11609396989371
20  88  123.22086190609853
2  0  37.000000000000036
4  38  44.843868825278754
6  78  96.195391807852261
8  70  65.223707194350084
10  79  109.28891738482911
12  100  70.366197071838059
14  57  162.00546273192535
16  76  134.19505763817014
18  68  180.32779689809237
20  52  240.01173519164533
2  41  66.964989273753048
4  82  84.990067351818027
6  9  88.607445278719254
8  50  160.28244899183275
10  44  207.96642489388626
12  51  199.83897450099511
14  55  207.85948290739557
16  66  162.41255871915871
18  87  98.264085820752101
20  87  108.21097160102026
2  10  34.269420255633605
4  20  90.313947500093064
6  33  148.04466348855814
8  87  99.089847652247585
10  62  130.41754426654293
12  91  114.16453385865935
14  47  191.31984365315375
16  96  66.531208928056131
18  54  275.36777307350377
20  33  207.44682627254633
2  18  14.679475170753761
4  72  111.29007593665739
6  71  102.75221490261229
8  49  145.48162019049474
10  75  118.05020732521432
12  71  134.09030662051748
14  77  125.2652337038097
16  54  182.32270133205225
18  62  182.17210518843845
20  70  154.35432863169964
2  41  61.258953518563168
4  17  53.321037730595357
6  36  140.03507892298776
8  64  141.78740744943312
10  64  91.454538121093776
12  97  63.357116514886116
14  84  96.627798305177265
16  71  92.511458159595222
18  87  98.887582787533404
20  79  73.516958945852551
2  62  82.619811219132231
4  0  28.999999999999982
6  39  69.46596799161307
8  68  123.35658291316271
10  54  149.84821493925961
12  60  157.64666543671825
14  55  128.70657759723622
16  88  93.470559993925775
18  58  192.02101208683834
20  88  100.22915655862191
2  36  45.055414413672679
4  28  98.999999999999986
6  18  86.578470421306321
8  42  122.45951550202116
10  67  90.45219300735188
12  42  163.5409380888126
14  98  52.180769225105834
16  91  75.260770023628055
18  66  164.08001910432733
20  59  191.81992497079972
2  4  33.398883801698439
4  15  56.578653807263201
6  28  87.99758845069961
8  43  117.65820909778947
10  64  130.75675872975432
12  82  97.010314385256365
14  72  135.58316401873077
16  74  167.24648337882917
18  74  139.0314975593875
20  79  134.41017857416929
2  0  0.0
4  53  85.032793227121658
6  51  143.06457489281763
8  61  117.77532670069819
10  45  153.57361274469659
12  49  203.36457818654051
14  77  137.75404298793478
16  98  54.781866220281906
18  64  157.59307775708893
20  98  70.299551236080177
2  13  43.13873384383367
4  49  82.58028422901657
6  20  88.819727891807858
8  44  85.217354724375923
10  80  91.47342145580204
12  51  155.13481757399919
14  75  132.74074718199014
16  78  138.37154958113328
18  63  182.34250207034842
20  86  131.11386178594478
2  0  84.0
4  33  70.357026385881497
6  53  113.61444347436166
8  40  126.62949917840318
10  70  107.24326683371976
12  64  122.98313843942451
14  74  152.10443619608182
16  91  92.63815022481387
18  94  82.596250369751615
20  87  94.80635724407891
2  50  115.36604204711396
4  31  62.28779971742199
6  40  93.764653949386428
8  84  84.954053179308673
10  30  152.30244197027992
12  73  94.883921958027372
14  80  143.76602074077704
16  66  49.23009875111768
18  66  140.05096496187326
20  77  122.26018202335342
2  13  34.946018960496481
4  21  76.151781218529067
6  0  80.000000000000028
8  77  91.017335793661914
10  57  89.985321107505357
12  54  184.86705732636347
14  77  151.45059837704378
16  60  118.01320040140823
18  93  77.036411280548279
20  94  95.453045552092959
2  26  59.285950098906966
4  59  52.222065968379567
6  60  106.84525283182474
8  31  137.06177930799547
10  38  80.017354821135939
12  34  188.14217527144302
14  87  85.312662627387795
16  93  83.964026639360299
18  70  155.50454091699615
20  97  72.928751777465052
2  9  70.999999999999929
4  89  57.673521461314415
6  83  84.226760502611569
8  65  92.171228503655982
10  50  191.91222237218116
12  56  182.09649131197469
14  77  143.77738190955674
16  63  193.86623603088825
18  84  79.818047050602246
20  78  161.76671431277984
2  24  61.437889608459216
4  76  62.650975934185169
6  90  64.725424931527186
8  65  106.87789959466595
10  79  103.82067547611049
12  62  145.42882827558583
14  73  119.54142220400912
16  68  136.24504177366961
18  79  132.68874831792363
20  86  107.99463680775264
2  0  57.999999999999972
4  30  85.834655237882586
6  75  74.124717733113442
8  66  86.811841653850166
10  5  98.999999999999972
12  82  110.19097798289563
14  54  45.620287070147199
16  84  123.03164183759125
18  92  89.973159296690298
20  66  186.58567324048593
2  11  62.000000000000078
4  25  91.693981415092807
6  81  67.001597687480981
8  72  89.876744284267915
10  96  59.481522300030342
12  42  146.64208949246583
14  72  177.69402922430157
16  100  80.195341708001237
18  71  133.18870325748586
20  92  85.84862440112785
2  9  44.0
4  25  50.470809607261437
6  34  150.7991591426217
8  62  151.20253169724907
10  100  70.185230779752246
12  50  118.13379357064665
14  76  143.07628343581956
16  68  92.702934253036517
18  45  249.7861394626336
20  45  217.34285691694967
2  0  16.999999999999972
4  30  72.961846779146768
6  37  77.538867801460142
8  69  150.10223240967605
10  48  69.287184166384506
12  44  150.50095079074202
14  43  166.44158974559298
16  67  184.29120078689218
18  62  170.39990194354971
20  73  139.76437399601227
2  11  50.988628368719404
4  21  56.107635432373129
6  16  155.48507801172585
8  82  80.218550578424399
10  85  73.081031200425613
12  98  57.52266053109269
14  64  150.59955240039687
16  91  66.274808886681384
18  70  154.55216439747588
20  97  77.523030875123283
2  39  83.132084128654839
4  58  76.946805561005476
6  30  96.810838893435701
8  89  82.781538733370027
10  77  97.58824135113494
12  64  145.96370192713999
14  42  79.56621711146596
16  86  99.894129338247708
18  41  176.55834063249145
20  71  137.05765828879302
2  14  27.60590641817554
4  54  123.73472499455833
6  38  79.605436592556387
8  34  111.07026591741486
10  77  120.873994854358
12  48  80.026054181274105
14  77  135.55214292399631
16  72  152.76286755412232
18  52  213.18100623573247
20  84  121.42807228904176
2  22  72.16685345930199
4  55  107.5760197375355
6  62  127.69376920230353
8  12  132.80172198052279
10  71  106.71525780020902
12  46  85.757432698214956
14  87  98.756084217365085
16  84  132.04735355147616
18  65  161.07022977933704
20  57  133.65788835372376
2  40  59.301229843339847
4  38  64.644790206398127
6  34  66.993983413330227
8  56  104.51387230928538
10  61  131.99051089742815
12  63  111.90883200891835
14  57  96.950013781004031
16  72  117.91118215434655
18  78  132.46741297761713
20  74  146.59116167054756
2  6  42.999999999999972
4  37  65.678368929704845
6  56  121.53979052976241
8  25  66.496862429940379
10  88  92.21748119967296
12  67  79.581260827356004
14  93  69.055745708879584
16  66  152.63742939115082
18  78  97.918439551707621
20  93  91.897867793465863
2  0  11.999999999999998
4  16  76.881667732483976
6  77  72.025645481941964
8  67  70.474432832018536
10  21  65.814215537636684
12  67  166.38157992648658
14  65  161.33225984313518
16  78  133.126474719583
18  79  117.58374774354012
20  73  165.00147382353555
2  32  67.768441075362603
4  85  65.659538527858047
6  57  52.220702594089317
8  63  80.977064452344365
10  46  149.84025373601509
12  87  84.560217502703182
14  97  73.500733863514583
16  73  138.15165298982564
18  82  108.24852004858329
20  92  91.522496398896081
2  49  100.63694905087642
4  83  62.344748186822869
6  59  89.834628131564713
8  57  91.332195098401854
10  64  149.41028542196838
12  67  107.53099634742796
14  79  123.22815911622091
16  59  99.928800130927456
18  67  158.62642273380962
20  81  132.18353404206096
2  43  58.752982555231569
4  67  70.401511985952169
6  65  92.254743628743853
8  64  88.428417199494376
10  87  93.123166668128931
12  47  190.57918963108833
14  64  134.47635480032247
16  86  104.12895529024981
18  88  103.46067046773061
20  62  191.07937968515969
2  40  86.13625252821484
4  45  41.408633734030602
6  75  86.705491747874376
8  98  55.876031292476192
10  53  92.074109172063203
12  59  180.8621175325581
14  73  112.99950377012448
16  81  99.91283546389117
18  57  157.06728423870351
20  65  132.59299375331824
2  5  83.999999999999929
4  49  104.36904752197745
6  65  114.92976968986396
8  89  74.600469355597596
10  77  118.36462645814838
12  9  89.508308284918428
14  63  183.7322000211465
16  73  144.486447445349
18  51  221.36537260101372
20  56  189.43614549639884
2  0  4.9999999999999911
4  60  89.535133399825241
6  49  76.481625650103837
8  34  87.478553719577988
10  81  124.54258461590281
12  82  96.016719486861163
14  53  197.87835789889516
16  89  86.185567451170286
18  81  131.04682146467215
20  77  146.53342154413318
2  0  16.999999999999996
4  50  65.587816018774447
6  77  89.89532465610452
8  37  137.58377849819004
10  64  130.90405569285926
12  59  96.059227298301096
14  63  175.93469371858723
16  81  141.43025131073151
18  58  136.56343250947518
20  90  75.690479852672624
2  11  79.439065553933091
4  30  77.320720223396791
6  61  87.685440811264201
8  62  109.98581234858916
10  74  67.609074634881537
12  41  117.16690031324804
14  55  159.77507466819529
16  91  84.123184964997407
18  85  103.34201981707301
20  63  179.10275988689398
2  29  31.082314393663193
4  30  93.0382873367911
6  28  132.26596734643326
8  63  58.276946350036823
10  81  108.46070155168586
12  70  150.98132387567313
14  85  108.51231057692331
16  67  175.28745176293663
18  68  111.85660675796211
20  62  200.69584700258719
2  0  58.999999999999979
4  0  42.999999999999979
6  35  122.98358972513607
8  64  110.66631958748241
10  47  209.67630346278915
12  50  180.08197754850141
14  60  195.28024795012649
16  65  186.50508957118959
18  81  111.07825745099824
20  86  111.88677447471136
2  26  45.836404247238086
4  17  63.332702410504886
6  93  82.894735097640947
8  63  81.447624943554715
10  56  142.59399133195234
12  67  149.99132665072926
14  86  106.20406580211881
16  94  76.791779039679071
18  96  69.021768556312892
20  69  198.04836034328764
2  0  31.999999999999972
4  39  127.65186644440864
6  64  104.63432076237321
8  62  100.53402083729905
10  90  100.14467697273604
12  74  104.34303155028648
14  66  143.60233653384307
16  67  153.23908991974264
18  95  73.969741822355232
20  83  101.06040538195244
2  41  102.22803154653458
4  23  110.88768253770161
6  67  100.21807281804411
8  73  67.169294482070242
10  72  129.69193468113417
12  64  162.64698303053783
14  64  148.5638780833842
16  81  86.935807641073708
18  96  58.497465089416522
20  73  149.56995013456284
2  0  65.999999999999972
4  38  61.022591277378019
6  56  97.385465323966045
8  28  94.065594847169294
10  43  169.26204339532131
12  34  234.93407927358012
14  52  110.93264813837543
16  88  94.576989094626228
18  80  126.56928075946479
20  74  155.36051241475718
2  0  0.0
4  42  70.1238373068568
6  23  114.22167279259244
8  61  126.3932169337194
10  78  96.38404287831419
12  69  154.98143229975997
14  66  110.34030852081861
16  74  165.62574465264757
18  70  172.3189349421304
20  72  159.02787755709093
2  0  31.000000000000028
4  40  73.320993493860371
6  31  96.206209188417361
8  64  63.402362764728636
10  77  141.85697438160292
12  75  128.45444017211253
14  95  83.293918417967177
16  70  93.909427193565136
18  74  149.57606264408173
20  89  86.67109348589446
2  14  28.806730351156965
4  35  100.85060017118454
6  62  96.256491451888593
8  55  115.93937291079924
10  26  180.7073893526499
12  47  92.971373243141855
14  65  150.01116025351104
16  69  149.44355391336398
18  89  70.193089376701153
20  85  137.7083241859562
2  32  45.390550263714793
4  45  74.956335029045533
6  36  120.5004990942285
8  49  128.74778791556923
10  51  183.37070279613056
12  58  159.01022510738977
14  80  75.896007461566668
16  79  139.28699054481956
18  56  230.70453652382983
20  58  203.48035754446778
2  0  41.999999999999993
4  14  64.691462376076927
6  17  66.159994068798369
8  66  150.83186803712954
10  84  77.380774907233317
12  60  107.3043003323906
14  73  162.58296896375219
16  61  183.79479894816728
18  91  94.529997267350197
20  80  127.40203491517732
2  16  50.702208755138997
4  41  67.023649082279604
6  45  98.525228604083367
8  37  114.8324420401501
10  62  151.78921614122461
12  60  141.26421670780522
14  98  64.239034233422714
16  80  106.92022204895453
18  91  102.6219563176074
20  81  152.74865629068984
2  3  23.999999999999979
4  16  102.41233234844361
6  45  32.650800030172498
8  45  103.2296830476421
10  70  124.06602522498288
12  84  113.79275272917045
14  85  113.75788353256993
16  91  80.709996550397619
18  67  192.01537513836755
20  70  185.60273649102109
2  6  14.107225240837346
4  11  15.818774105127284
6  54  95.254403421158017
8  94  63.309423018475833
10  59  121.84038524332053
12  55  138.03538712112069
14  74  147.30774393685869
16  88  81.832692499753776
18  81  110.13046503435034
20  67  163.60138291382205
2  18  46.999999999999986
4  24  103.09195233116574
6  40  120.54268143065548
8  56  110.02140122964644
10  53  97.734066385964084
12  76  125.89629759562374
14  79  120.94448252977325
16  81  135.06007536735996
18  69  156.24740339795579
20  63  90.145248251574046
2  12  22.72778892364752
4  0  44.999999999999993
6  51  86.74087377802195
8  92  75.784302839907767
10  69  153.19035758517288
12  93  79.972841071803998
14  86  91.857626792125842
16  84  80.907109135365275
18  100  54.711994052651981
20  84  77.266101963600278
2  0  8.0000000000000142
4  55  123.39435246966568
6  79  73.508316658694426
8  67  135.78096861371571
10  61  124.45308088251237
12  81  119.0074085271287
14  66  120.47048701418875
16  75  170.30695871322925
18  79  135.10462402785728
20  72  137.1151668738199
2  4  35.888733358437079
4  42  66.706567052844761
6  69  108.7258287634227
8  6  38.999999999999943
10  93  75.396615835416853
12  83  122.13124620131947
14  52  161.56443163758826
16  90  92.718910867580476
18  75  143.89849220520776
20  88  76.332461094556621
2  9  17.57736110211151
4  30  56.272342949864907
6  29  75.930850879671794
8  73  94.455436161322709
10  33  110.05783212962007
12  62  155.25547800206172
14  68  165.39993384874646
16  50  176.1198082710755
18  78  128.61949307581594
20  59  145.8981483474316
2  31  87.072123886764857
4  19  57.250989450740533
6  38  109.81550843079847
8  15  126.02828614115606
10  67  161.05578611961607
12  63  160.17886133458634
14  80  126.41537744326864
16  71  184.66291212212965
18  66  161.87967501188581
20  72  151.87383863413055
2  43  52.193952690867526
4  25  68.830693490658931
6  12  97.342100123312889
8  48  125.59914888351371
10  55  165.29925570654166
12  71  181.86302425861135
14  77  91.785804573740634
16  49  236.9014724541338
18  63  213.54392660005701
20  83  123.29031072308669
2  60  44.383053583026211
4  36  25.888898562178063
6  23  91.78089925386098
8  58  118.69349374991296
10  59  99.230532535522329
12  87  93.839662584023984
14  74  159.27639606559097
16  84  115.26714824417479
18  92  84.406412827503814
20  77  140.9887462974435
2  23  87.993104110317006
4  20  64.355196772400163
6  18  146.68115076139344
8  56  116.09783143041766
10  50  166.32658159783335
12  91  72.060205141821655
14  82  120.96199579139471
16  40  212.83081846928627
18  84  127.79520914181214
20  96  57.993590199328544
2  37  53.199181399087983
4  65  86.435478549044504
6  43  103.662580172091
8  68  113.62261496500975
10  99  59.204372400879272
12  78  114.56300349326573
14  100  61.536113103120492
16  74  100.06220751482832
18  91  94.596274570796297
20  97  80.639844738357993
2  12  49.471014283997157
4  7  30.559192858226947
6  67  83.038089360202065
8  37  83.397437581606624
10  72  109.17812043925151
12  58  136.2093711904738
14  72  157.04507156475299
16  72  146.39278917468044
18  56  226.23851088599162
20  96  89.810978510208983
2  14  73.040874953505863
4  12  38.18013053468173
6  57  84.324001963840857
8  53  92.308430746457717
10  79  117.40283793152761
12  72  150.56942920885322
14  53  122.02764128203842
16  73  132.38858417523988
18  76  153.75747204461913
20  53  212.01918422374044
2  3  47.999999999999986
4  27  79.585116219543721
6  27  93.6284349214082
8  15  127.29601314420705
10  29  196.1602664493343
12  60  155.62536974584685
14  96  74.029356603062467
16  37  187.40985689276764
18  73  135.80628617139951
20  66  203.14285965703706
2  3  29.000000000000011
4  19  57.676415734170611
6  79  87.025566063444487
8  31  103.22476488042849
10  81  105.35323384495787
12  57  126.81699306115809
14  37  199.30303375916327
16  52  137.86561010028592
18  95  71.315659123475541
20  62  184.77008077769034
2  0  0.0
4  55  97.786264925074491
6  62  85.003930809481517
8  49  140.66978097751362
10  65  150.23086546246466
12  69  165.54024745751937
14  91  108.43806658726709
16  98  67.318547594109759
18  78  130.98693403503597
20  71  157.04159132733531
