6  13  0
7  11  0
8  3  0
9  51  0
10  0  0
11  24  0
12  58  0
13  61  0
14  64  0
15  48  0
6  0  0
7  0  0
8  15  0
9  47  0
10  0  0
11  64  0
12  38  0
13  32  0
14  36  0
15  35  0
6  10  0
7  9  0
8  0  0
9  39  0
10  31  0
11  51  0
12  45  0
13  37  0
14  59  0
15  98  0
6  11  0
7  19  0
8  44  0
9  10  0
10  27  0
11  47  0
12  20  0
13  43  0
14  47  0
15  28  0
6  10  0
7  50  0
8  11  0
9  26  0
10  9  0
11  52  0
12  37  0
13  0  0
14  37  0
15  45  0
6  9  0
7  21  0
8  28  0
9  43  0
10  0  0
11  21  0
12  53  0
13  28  0
14  53  0
15  68  0
6  8  0
7  18  0
8  0  0
9  21  0
10  37  0
11  29  0
12  83  0
13  56  0
14  0  0
15  36  0
6  12  0
7  11  0
8  20  0
9  0  0
10  54  0
11  36  0
12  39  0
13  46  0
14  33  0
15  49  0
6  0  0
7  3  0
8  0  0
9  80  0
10  40  0
11  46  0
12  49  0
13  43  0
14  14  0
15  46  0
6  24  0
7  0  0
8  10  0
9  24  0
10  23  0
11  57  0
12  24  0
13  39  0
14  69  0
15  51  0
6  0  0
7  11  0
8  3  0
9  29  0
10  0  0
11  38  0
12  22  0
13  56  0
14  38  0
15  58  0
6  14  0
7  3  0
8  14  0
9  47  0
10  37  0
11  17  0
12  47  0
13  50  0
14  44  0
15  0  0
6  18  0
7  1  0
8  6  0
9  10  0
10  43  0
11  66  0
12  66  0
13  43  0
14  17  0
15  50  0
6  25  0
7  0  0
8  24  0
9  27  0
10  20  0
11  33  0
12  12  0
13  38  0
14  56  0
15  68  0
6  13  0
7  26  0
8  0  0
9  0  0
10  48  0
11  49  0
12  43  0
13  47  0
14  64  0
15  28  0
6  0  0
7  8  0
8  12  0
9  4  0
10  0  0
11  36  0
12  53  0
13  26  0
14  53  0
15  53  0
6  25  0
7  10  0
8  17  0
9  24  0
10  14  0
11  20  0
12  0  0
13  0  0
14  40  0
15  36  0
6  25  0
7  0  0
8  18  0
9  23  0
10  31  0
11  6  0
12  1  0
13  57  0
14  42  0
15  19  0
6  0  0
7  0  0
8  36  0
9  27  0
10  30  0
11  68  0
12  56  0
13  74  0
14  9  0
15  49  0
6  0  0
7  0  0
8  26  0
9  47  0
10  20  0
11  41  0
12  8  0
13  61  0
14  42  0
15  63  0
6  0  0
7  0  0
8  35  0
9  40  0
10  44  0
11  55  0
12  30  0
13  32  0
14  45  0
15  34  0
6  6  0
7  12  0
8  17  0
9  13  0
10  6  0
11  8  0
12  61  0
13  37  0
14  42  0
15  49  0
6  0  0
7  12  0
8  6  0
9  3  0
10  21  0
11  41  0
12  27  0
13  16  0
14  28  0
15  39  0
6  10  0
7  20  0
8  11  0
9  30  0
10  44  0
11  36  0
12  43  0
13  46  0
14  14  0
15  54  0
6  8  0
7  12  0
8  0  0
9  74  0
10  29  0
11  39  0
12  25  0
13  34  0
14  50  0
15  27  0
6  4  0
7  37  0
8  16  0
9  7  0
10  15  0
11  0  0
12  40  0
13  62  0
14  93  0
15  77  0
6  7  0
7  19  0
8  21  0
9  17  0
10  36  0
11  17  0
12  4  0
13  52  0
14  36  0
15  68  0
6  15  0
7  24  0
8  5  0
9  12  0
10  53  0
11  47  0
12  88  0
13  47  0
14  59  0
15  44  0
6  24  0
7  42  0
8  18  0
9  0  0
10  28  0
11  0  0
12  54  0
13  30  0
14  68  0
15  14  0
6  26  0
7  15  0
8  14  0
9  6  0
10  36  0
11  26  0
12  65  0
13  27  0
14  5  0
15  37  0
6  7  0
7  18  0
8  37  0
9  24  0
10  0  0
11  53  0
12  9  0
13  55  0
14  62  0
15  57  0
6  25  0
7  43  0
8  46  0
9  45  0
10  38  0
11  34  0
12  20  0
13  62  0
14  56  0
15  39  0
6  15  0
7  11  0
8  20  0
9  24  0
10  34  0
11  53  0
12  12  0
13  60  0
14  60  0
15  54  0
6  0  0
7  15  0
8  46  0
9  0  0
10  37  0
11  27  0
12  79  0
13  53  0
14  80  0
15  53  0
6  11  0
7  0  0
8  0  0
9  0  0
10  38  0
11  48  0
12  48  0
13  27  0
14  55  0
15  51  0
6  0  0
7  6  0
8  0  0
9  29  0
10  2  0
11  0  0
12  93  0
13  7  0
14  32  0
15  50  0
6  4  0
7  18  0
8  29  0
9  38  0
10  14  0
11  35  0
12  25  0
13  52  0
14  38  0
15  73  0
6  11  0
7  7  0
8  48  0
9  27  0
10  13  0
11  30  0
12  41  0
13  56  0
14  35  0
15  12  0
6  11  0
7  16  0
8  18  0
9  18  0
10  44  0
11  34  0
12  13  0
13  63  0
14  18  0
15  67  0
6  0  0
7  4  0
8  13  0
9  32  0
10  46  0
11  16  0
12  8  0
13  36  0
14  66  0
15  0  0
6  0  0
7  25  0
8  18  0
9  32  0
10  28  0
11  65  0
12  38  0
13  50  0
14  34  0
15  47  0
6  0  0
7  7  0
8  11  0
9  14  0
10  51  0
11  64  0
12  50  0
13  0  0
14  26  0
15  40  0
6  8  0
7  19  0
8  11  0
9  6  0
10  0  0
11  14  0
12  15  0
13  70  0
14  62  0
15  62  0
6  0  0
7  12  0
8  17  0
9  22  0
10  24  0
11  31  0
12  16  0
13  31  0
14  62  0
15  43  0
6  19  0
7  16  0
8  34  0
9  26  0
10  9  0
11  54  0
12  30  0
13  39  0
14  10  0
15  67  0
6  6  0
7  6  0
8  15  0
9  0  0
10  4  0
11  42  0
12  18  0
13  47  0
14  54  0
15  63  0
6  0  0
7  12  0
8  6  0
9  78  0
10  5  0
11  44  0
12  0  0
13  37  0
14  30  0
15  24  0
6  0  0
7  10  0
8  3  0
9  8  0
10  32  0
11  12  0
12  41  0
13  72  0
14  29  0
15  29  0
6  12  0
7  2  0
8  23  0
9  18  0
10  5  0
11  63  0
12  47  0
13  67  0
14  27  0
15  22  0
6  16  0
7  25  0
8  0  0
9  50  0
10  82  0
11  40  0
12  44  0
13  63  0
14  10  0
15  65  0
6  23  0
7  0  0
8  13  0
9  53  0
10  21  0
11  11  0
12  58  0
13  24  0
14  16  0
15  46  0
6  8  0
7  4  0
8  32  0
9  14  0
10  21  0
11  49  0
12  30  0
13  65  0
14  55  0
15  59  0
6  34  0
7  17  0
8  21  0
9  3  0
10  32  0
11  28  0
12  15  0
13  54  0
14  54  0
15  47  0
6  0  0
7  26  0
8  8  0
9  8  0
10  22  0
11  5  0
12  38  0
13  77  0
14  37  0
15  25  0
6  13  0
7  0  0
8  37  0
9  17  0
10  17  0
11  16  0
12  60  0
13  49  0
14  32  0
15  72  0
6  13  0
7  33  0
8  26  0
9  21  0
10  14  0
11  6  0
12  19  0
13  27  0
14  66  0
15  62  0
6  13  0
7  15  0
8  9  0
9  41  0
10  25  0
11  28  0
12  32  0
13  50  0
14  37  0
15  55  0
6  5  0
7  37  0
8  19  0
9  29  0
10  0  0
11  41  0
12  4  0
13  50  0
14  49  0
15  17  0
6  13  0
7  30  0
8  20  0
9  74  0
10  20  0
11  25  0
12  29  0
13  21  0
14  16  0
15  77  0
6  19  0
7  9  0
8  13  0
9  0  0
10  39  0
11  46  0
12  8  0
13  46  0
14  54  0
15  32  0
6  10  0
7  16  0
8  6  0
9  35  0
10  12  0
11  39  0
12  33  0
13  48  0
14  81  0
15  69  0
6  0  0
7  43  0
8  13  0
9  19  0
10  27  0
11  28  0
12  38  0
13  62  0
14  35  0
15  51  0
6  23  0
7  24  0
8  14  0
9  25  0
10  25  0
11  63  0
12  35  0
13  11  0
14  0  0
15  42  0
6  2  0
7  12  0
8  40  0
9  13  0
10  0  0
11  44  0
12  60  0
13  27  0
14  31  0
15  11  0
6  4  0
7  10  0
8  12  0
9  16  0
10  40  0
11  43  0
12  31  0
13  43  0
14  20  0
15  45  0
6  10  0
7  8  0
8  13  0
9  0  0
10  41  0
11  38  0
12  27  0
13  36  0
14  53  0
15  65  0
6  11  0
7  21  0
8  15  0
9  54  0
10  32  0
11  55  0
12  45  0
13  73  0
14  52  0
15  82  0
6  42  0
7  39  0
8  2  0
9  0  0
10  7  0
11  56  0
12  55  0
13  36  0
14  51  0
15  54  0
6  0  0
7  0  0
8  0  0
9  18  0
10  55  0
11  46  0
12  15  0
13  29  0
14  30  0
15  87  0
6  32  0
7  13  0
8  14  0
9  25  0
10  55  0
11  40  0
12  57  0
13  2  0
14  52  0
15  55  0
6  3  0
7  3  0
8  25  0
9  36  0
10  40  0
11  39  0
12  49  0
13  49  0
14  67  0
15  79  0
6  0  0
7  6  0
8  29  0
9  33  0
10  19  0
11  3  0
12  8  0
13  7  0
14  42  0
15  28  0
6  0  0
7  17  0
8  6  0
9  17  0
10  30  0
11  53  0
12  39  0
13  52  0
14  23  0
15  21  0
6  6  0
7  6  0
8  10  0
9  16  0
10  43  0
11  46  0
12  35  0
13  1  0
14  23  0
15  54  0
6  12  0
7  3  0
8  0  0
9  28  0
10  51  0
11  67  0
12  0  0
13  31  0
14  25  0
15  73  0
6  0  0
7  18  0
8  24  0
9  29  0
10  31  0
11  36  0
12  57  0
13  26  0
14  48  0
15  61  0
6  2  0
7  5  0
8  60  0
9  15  0
10  30  0
11  20  0
12  38  0
13  57  0
14  85  0
15  40  0
6  13  0
7  13  0
8  11  0
9  22  0
10  0  0
11  36  0
12  48  0
13  49  0
14  40  0
15  48  0
6  13  0
7  28  0
8  36  0
9  38  0
10  9  0
11  17  0
12  34  0
13  57  0
14  32  0
15  36  0
6  0  0
7  12  0
8  9  0
9  11  0
10  48  0
11  2  0
12  15  0
13  73  0
14  10  0
15  71  0
6  17  0
7  4  0
8  9  0
9  37  0
10  25  0
11  31  0
12  22  0
13  21  0
14  64  0
15  72  0
6  5  0
7  12  0
8  24  0
9  0  0
10  6  0
11  15  0
12  34  0
13  30  0
14  4  0
15  33  0
6  0  0
7  0  0
8  14  0
9  28  0
10  26  0
11  53  0
12  17  0
13  46  0
14  52  0
15  18  0
6  5  0
7  24  0
8  11  0
9  16  0
10  7  0
11  49  0
12  70  0
13  51  0
14  28  0
15  41  0
6  6  0
7  9  0
8  0  0
9  12  0
10  15  0
11  16  0
12  0  0
13  44  0
14  18  0
15  30  0
6  19  0
7  19  0
8  15  0
9  14  0
10  25  0
11  29  0
12  38  0
13  52  0
14  69  0
15  48  0
6  20  0
7  17  0
8  14  0
9  6  0
10  15  0
11  32  0
12  58  0
13  55  0
14  39  0
15  93  0
6  0  0
7  10  0
8  34  0
9  25  0
10  11  0
11  41  0
12  19  0
13  67  0
14  13  0
15  12  0
6  0  0
7  2  0
8  31  0
9  0  0
10  0  0
11  0  0
12  0  0
13  43  0
14  45  0
15  95  0
6  11  0
7  14  0
8  17  0
9  17  0
10  21  0
11  0  0
12  18  0
13  52  0
14  80  0
15  48  0
6  32  0
7  37  0
8  12  0
9  9  0
10  67  0
11  58  0
12  59  0
13  14  0
14  44  0
15  44  0
6  11  0
7  0  0
8  0  0
9  18  0
10  25  0
11  14  0
12  50  0
13  44  0
14  24  0
15  59  0
6  26  0
7  9  0
8  12  0
9  4  0
10  32  0
11  2  0
12  53  0
13  22  0
14  25  0
15  19  0
6  9  0
7  9  0
8  46  0
9  10  0
10  37  0
11  8  0
12  37  0
13  41  0
14  33  0
15  70  0
6  0  0
7  23  0
8  16  0
9  46  0
10  37  0
11  18  0
12  17  0
13  50  0
14  29  0
15  30  0
6  17  0
7  14  0
8  0  0
9  50  0
10  33  0
11  40  0
12  38  0
13  73  0
14  58  0
15  63  0
6  39  0
7  39  0
8  0  0
9  13  0
10  43  0
11  48  0
12  38  0
13  68  0
14  42  0
15  47  0
6  0  0
7  39  0
8  50  0
9  16  0
10  11  0
11  0  0
12  29  0
13  43  0
14  41  0
15  39  0
6  11  0
7  14  0
8  52  0
9  23  0
10  14  0
11  42  0
12  29  0
13  39  0
14  82  0
15  46  0
6  6  0
7  9  0
8  18  0
9  9  0
10  51  0
11  0  0
12  25  0
13  38  0
14  32  0
15  34  0
