2  4.666666666666667  49.0
4  37.333333333333336  223.77335555073029
6  70.333333333333329  340.46544497028134
8  66.666666666666671  313.34546687046719
10  52.666666666666664  291.38001624814336
12  80.0  253.99330429133931
14  74.0  393.17814716320152
16  94.666666666666671  242.85626613160278
18  83.333333333333329  413.39579749764897
20  80.0  346.44822721834061
2  36.666666666666664  145.72696805464233
4  72.666666666666671  252.66147451483465
6  79.333333333333329  273.07650780640989
8  72.0  268.85854432505295
10  61.0  388.21117492324538
12  75.666666666666671  335.73456041907048
14  61.666666666666664  436.16910615410649
16  78.0  353.67272011030605
18  86.333333333333329  373.57019364747049
20  88.666666666666671  293.49864941110303
2  18.333333333333332  58.553102959232938
4  39.333333333333336  226.20955658987418
6  44.666666666666664  239.03831792905078
8  90.666666666666671  265.46746656965172
10  81.0  275.92241643931317
12  73.0  412.68094554892014
14  83.0  367.50737089986501
16  82.333333333333329  357.51387686751605
18  91.0  250.91638165527357
20  80.0  368.18324939236226
2  24.666666666666668  161.19065479890764
4  52.666666666666664  317.79257692224758
6  54.0  262.69349987103607
8  76.333333333333329  221.15112845066071
10  77.666666666666671  305.76121193305971
12  86.333333333333329  248.13881542075205
14  81.333333333333329  340.3417362686526
16  69.666666666666671  454.12116581382077
18  61.666666666666664  358.85070769921566
20  99.0  93.689213198215043
2  48.0  168.9137843524459
4  36.666666666666664  205.07433418049902
6  62.333333333333336  302.82853641132368
8  72.333333333333329  395.66322725203872
10  38.333333333333336  233.35042993308375
12  73.666666666666671  291.94743810600818
14  83.666666666666671  358.30642759898353
16  71.0  309.75622547211344
18  78.666666666666671  453.20482970561909
20  91.0  372.7996200646179
2  40.0  129.37381949173528
4  53.0  188.84661645798988
6  85.666666666666671  220.747678132777
8  82.333333333333329  304.89909138322002
10  64.666666666666671  370.93788593841958
12  85.333333333333329  304.28040083203314
14  76.333333333333329  255.64091536964
16  82.0  325.27306718839498
18  90.0  298.17933985328227
20  88.333333333333329  380.22718889266002
2  9.3333333333333339  169.25914473026629
4  24.333333333333332  138.87179791010269
6  49.0  263.57194724520986
8  80.333333333333329  319.04631649532598
10  62.333333333333336  450.06054821522207
12  84.666666666666671  288.55298751328303
14  83.666666666666671  327.01158394922351
16  87.0  278.07288898089791
18  84.0  301.89019768212296
20  86.666666666666671  253.34032651132179
2  24.666666666666668  127.35889868057629
4  45.666666666666664  205.08558769836165
6  76.666666666666671  324.40926295728048
8  63.0  292.96834726208294
10  82.666666666666671  314.29710862059721
12  83.333333333333329  322.9436185488093
14  74.333333333333329  378.94602275818505
16  87.0  263.86134013661302
18  89.666666666666671  269.77092269253035
20  90.333333333333329  312.22051107594535
2  22.666666666666668  155.65726058978768
4  55.0  280.99806832660437
6  80.0  203.60164268114019
8  78.0  225.87853523614663
10  73.333333333333329  303.64702889362462
12  82.333333333333329  297.64231116976003
14  95.333333333333329  246.41708496922914
16  87.666666666666671  282.8717364903971
18  81.666666666666671  393.01464507000929
20  86.0  253.35722604338841
2  17.666666666666668  169.83983392909548
4  30.333333333333332  235.63748856018628
6  71.666666666666671  204.5709163848222
8  63.333333333333336  409.31413596240395
10  60.0  412.74822330507504
12  81.0  245.97670058512264
14  80.0  383.68035020854512
16  86.0  332.24205716043491
18  80.0  472.26059081051744
20  83.333333333333329  266.79410183824871
