6  27  311.07995007325258
7  52  248.93129644150332
8  59  138.08890298063596
9  52  264.83701058666583
10  69  206.2795097969427
11  82  104.37580266269283
12  88  96.814548393571684
13  57  380.96826089009318
14  90  131.03876792691887
15  83  136.99107224118617
6  37  130.97808387981195
7  34  313.75648717906392
8  54  185.51374957346755
9  52  394.95856799319381
10  70  192.81124517248767
11  59  276.75652778056565
12  69  241.74301217861517
13  59  104.52916563507212
14  87  193.70437459422115
15  90  84.289737430395888
6  44  196.18988409137131
7  28  275.28913802306022
8  64  230.28837816137838
9  68  207.53796945303327
10  51  204.91753695812091
11  66  262.70192926772307
12  66  257.11333488221442
13  79  136.64751479732263
14  69  166.54116833045467
15  72  334.66321448203462
6  13  166.91690617742427
7  40  320.06307254422182
8  30  288.91112508822727
9  73  191.17278534423278
10  46  298.23595489195213
11  64  158.99351957700623
12  84  94.463426573920856
13  85  108.01106242455252
14  86  99.073067445405172
15  93  40.45663555768288
6  37  117.49397350175113
7  31  232.89658461510862
8  12  217.81547805719038
9  85  60.456230060048746
10  50  496.7123937592317
11  63  289.46731962961371
12  56  273.39234663465123
13  71  251.01791433163453
14  85  120.68365700392593
15  97  28.488101644575337
6  57  135.85629006769071
7  57  139.92845410610587
8  55  254.7117331189697
9  61  182.80625582732512
10  55  193.43623447745583
11  48  386.36416688859987
12  81  142.38755150920582
13  78  190.40816373736794
14  85  121.35575046725526
15  59  324.22230715116433
6  40  167.76202518900385
7  50  300.47499673646979
8  33  427.64200419129838
9  55  281.530749972715
10  74  124.77953079307399
11  47  327.58928125495305
12  47  466.73156610674499
13  76  171.76106028099787
14  75  161.91100036906192
15  53  361.68826049189073
6  19  108.34505109162852
7  22  344.07790825192967
8  52  148.04587656392485
9  51  179.60179688173736
10  58  270.06236390995372
11  68  216.13135171462193
12  67  144.81094469334758
13  62  194.75355665549725
14  68  252.79240139396214
15  84  121.65504792640493
6  3  123.30657697963541
7  43  146.71220136460278
8  49  374.34914601997184
9  47  267.76726949331402
10  31  244.52181480792103
11  68  178.6690892829842
12  63  270.83205165024953
13  76  185.45160780429381
14  82  159.55759240481515
15  87  86.830323703308608
6  10  135.99887439075732
7  53  183.10327622842993
8  76  71.813030049375556
9  49  230.60705084597285
10  66  212.47026085618759
11  70  185.18781296137905
12  50  350.44865232745519
13  76  192.17723733428946
14  61  324.91787345398933
15  89  68.878159675250757
6  23  259.55108221834286
7  25  151.36734471736651
8  56  306.68697498838151
9  59  134.49158678693965
10  46  240.38038133628652
11  46  371.34724260261453
12  36  575.1856691414248
13  62  310.13025743984815
14  97  25.825302987669552
15  66  198.949124060674
6  56  196.14270295774537
7  40  246.49370390296045
8  20  241.35841665481121
9  40  355.88494844901481
10  59  349.03749976737856
11  70  231.42027481226799
12  93  49.079634061603606
13  57  364.57815762150676
14  60  210.6229897146965
15  37  497.49791151081934
6  40  310.71400542716663
7  42  354.12546287592573
8  38  393.9772169250931
9  30  352.42002179506159
10  41  394.44426418314089
11  77  180.111845572444
12  75  140.25627581625179
13  54  359.6005886244385
14  64  321.27256845690971
15  74  175.94901434108021
6  34  215.15699826054916
7  36  258.1689174246863
8  47  232.32351106006678
9  60  174.94979566134717
10  53  316.96398071371345
11  52  278.29395669017424
12  77  271.1084901142292
13  77  153.37013972982336
14  46  376.66835621169588
15  89  76.575052579151162
6  4  332.79616526912486
7  57  177.67536880738353
8  35  549.04909107564993
9  30  451.3554594622866
10  69  141.647172336165
11  77  175.0342484948074
12  45  368.42065133604973
13  73  174.40025248166123
14  68  237.44600719891591
15  91  68.058925795951893
6  34  190.55323954820457
7  25  111.86663897387436
8  57  113.91535354571742
9  39  138.49856479756161
10  33  300.26397705066813
11  60  173.541511830822
12  50  293.4954697050689
13  86  113.44237526773232
14  46  416.68178903592803
15  79  141.09204285371433
6  47  189.99301967678673
7  32  224.65345542375951
8  59  261.42863910156996
9  47  104.00214633093117
10  74  143.85378059640209
11  74  139.85931848724738
12  64  240.62692662375625
13  80  114.43756063581944
14  81  145.33909455411217
15  75  119.62223541820943
6  42  206.31395653728734
7  37  373.27454313976074
8  44  323.00012620420358
9  45  244.07256169781843
10  61  236.85182541797388
11  57  261.62519261045446
12  63  287.7878001160712
13  93  42.268769628916289
14  70  232.01143250765205
15  85  112.73254781676373
6  24  212.70482998395454
7  54  182.43990297883485
8  60  226.69908754005846
9  66  176.35062490292
10  51  422.09822974569096
11  58  253.2121467236592
12  64  304.91331268731068
13  54  275.38437046273532
14  88  70.207214168266106
15  97  28.836994732481575
6  24  288.49531856509856
7  43  289.19820403326764
8  77  87.553632341978471
9  18  300.55955620807771
10  71  115.2050640659957
11  87  90.202922454873644
12  70  268.78128052124464
13  68  192.50498833734429
14  87  100.87656068784818
15  82  117.94520901520748
6  31  174.83088350003797
7  33  266.58508518330905
8  40  115.36428068228015
9  40  277.85225347200958
10  72  214.65013691742985
11  53  216.05029058908917
12  70  183.31165428640551
13  68  312.28130181945494
14  85  85.249242579196277
15  85  114.13890618183319
6  31  218.90719404446105
7  51  108.66763345394833
8  56  151.38697130473815
9  74  192.68516246303122
10  59  217.69987279451846
11  68  179.93810682463746
12  68  218.84596704139713
13  76  291.60601193913863
14  80  163.16145265128375
15  84  121.68636321448162
6  35  242.67281559616904
7  47  176.77874901649949
8  70  112.25274736775521
9  57  128.17170494329463
10  51  248.00803017374261
11  75  201.27447008321604
12  64  346.62717619893971
13  55  298.17787209319556
14  65  265.54562568171434
15  74  169.56983621053413
6  21  373.74246527392143
7  25  220.13668394254529
8  17  38.609058160339586
9  52  297.95682203968937
10  84  84.812045300384142
11  71  212.2807730768977
12  80  142.9841145163644
13  80  153.05844028041921
14  76  166.37892603535494
15  84  110.71232583551217
6  56  83.877464943563425
7  49  158.6278068919076
8  35  264.36646948911607
9  61  208.82397357340261
10  63  181.62551697170534
11  61  192.73919304787918
12  74  187.82692566630175
13  52  429.98594245301399
14  70  269.79115449246342
15  89  93.008295295365002
6  30  185.96976194014528
7  35  189.30924443792446
8  56  170.40673129029901
9  42  263.36918584948779
10  56  258.35048570658893
11  49  194.46756595700472
12  47  269.62232083829684
13  63  250.08164426265441
14  73  250.28994724554943
15  86  103.03751776930667
6  40  199.48769683703372
7  33  188.46737982240697
8  45  221.75002120896212
9  49  335.86989920375657
10  81  126.38487980184409
11  40  460.37604327882042
12  69  124.604790430458
13  67  245.60835923347565
14  86  106.93032371037779
15  86  139.97868192026348
6  48  194.17479201872536
7  29  447.63596104098235
8  44  240.20233445260277
9  62  180.14273227241907
10  65  185.09433098151271
11  69  172.91953612596606
12  64  225.20387789560638
13  50  431.43911303209069
14  81  92.621856655780661
15  80  146.15054412423842
6  23  189.90058338745521
7  45  228.07429571900653
8  36  315.15678916047011
9  74  132.64975803029211
10  71  159.80486639917876
11  50  294.3861184614866
12  59  348.48462649238877
13  82  156.63191271487119
14  85  133.72486984171005
15  56  284.97507185416424
6  26  243.09451842843862
7  12  177.66366933980245
8  76  131.85672647352754
9  64  166.91027334766005
10  60  343.19914142791862
11  69  298.10082502628165
12  77  108.85393020494962
13  57  331.3796724043176
14  66  235.1212183901979
15  59  291.57562809552888
6  27  206.31566940167443
7  37  107.99398288572013
8  51  357.12696447009688
9  40  277.27788730139468
10  69  194.46481556241287
11  75  194.59523419633149
12  61  205.85181976372334
13  60  328.198480915993
14  67  284.06316858928079
15  90  78.348961125438507
6  27  386.02334959709469
7  17  231.42900207383835
8  44  312.63782383318545
9  60  304.55816101069217
10  51  210.5723994995129
11  33  368.79686866594795
12  59  177.23963553043612
13  65  276.48643797488273
14  74  245.36823367260419
15  78  172.83719406875454
6  50  132.03937203570518
7  21  418.65034191156093
8  60  222.5464041138373
9  41  199.16166486203977
10  57  212.02888306438646
11  73  167.2125647715043
12  54  379.71153496157098
13  65  184.13228077530169
14  74  170.42159737051963
15  96  27.118651370922752
6  32  211.15084715527107
7  35  153.95952575081208
8  64  160.39525663355317
9  42  303.96216529133483
10  31  469.9774174750911
11  88  94.960112843782269
12  63  205.68275927720117
13  80  161.87375457695646
14  31  394.0960894847783
15  82  152.59445486026863
6  36  162.25021174196431
7  17  171.60520848792038
8  56  191.66454472936752
9  44  413.51651172324762
10  60  422.3947374209007
11  68  261.55918106046283
12  76  142.59348489243067
13  62  221.13989444838475
14  89  81.973214019368484
15  77  264.00516778833997
6  43  198.07146441664412
7  50  118.26289287292587
8  27  234.32916807865837
9  44  411.99771516191521
10  42  321.44020569687564
11  84  100.10320267070428
12  59  197.76112564767504
13  67  199.21627574564624
14  71  182.96627654201052
15  64  333.32491484948594
6  21  175.75847025529129
7  65  106.45884770914223
8  39  263.54227116577562
9  58  210.91964361972487
10  52  249.62619225860411
11  77  106.14319547123951
12  80  116.23630935004324
13  87  78.843401699921856
14  76  212.02823212413767
15  64  255.73758936816051
6  28  254.618243423411
7  26  276.39792055687991
8  40  228.95613731870949
9  79  90.129870963041043
10  40  157.42865934027535
11  61  216.54775423556481
12  82  145.31437287760556
13  35  352.65031442890518
14  49  281.55245779199208
15  75  211.84530456700793
6  29  300.53441042416301
7  64  166.03954177198113
8  55  298.73591145746423
9  37  284.92764966323625
10  39  392.06967416932952
11  57  202.79151414779949
12  26  665.921325774357
13  71  285.63883141437691
14  71  260.97384548768559
15  82  117.43982235916644
6  51  173.98634906028855
7  34  248.19140088697091
8  55  153.67344132087138
9  47  359.19091652219788
10  51  332.75090146982109
11  69  155.66534239582228
12  64  227.22596517566149
13  61  209.87290232724021
14  67  223.75612709955172
15  71  260.52237143230195
6  24  238.92894685573987
7  50  235.5073608934988
8  20  506.56182282637951
9  55  150.41311529857035
10  67  106.47352829736498
11  59  208.87719555699263
12  59  294.22043726761882
13  76  200.92317328056401
14  60  324.10194121197952
15  90  73.966444622942447
6  50  59.782884631026384
7  50  281.39857747799238
8  40  304.98135976365455
9  47  221.31851614855097
10  69  191.73714802847337
11  60  255.89371145882328
12  78  223.97198195984831
13  55  384.60123369986087
14  46  510.29773209311719
15  84  147.24266180581432
6  10  78.041006920206883
7  40  348.75593596092835
8  39  175.5127622838281
9  47  264.04931110713687
10  76  110.93038919636383
11  63  214.99226353287014
12  69  219.92506493626075
13  79  152.76103408884231
14  62  333.14708680569925
15  86  109.1884681969249
6  30  185.85241933054215
7  23  326.85164448111937
8  61  189.93977306489279
9  41  297.36633582211363
10  42  293.63084227337544
11  58  262.75866586664222
12  86  120.27490316631481
13  80  135.25611320945305
14  76  240.36402482393314
15  80  166.62051208636851
6  40  164.87179505071703
7  33  85.142016453048683
8  47  176.01437597061397
9  31  348.84774433483057
10  50  311.42039019187064
11  68  206.87858026634268
12  94  31.595011129844004
13  60  298.91737876379131
14  88  103.1110662825852
15  76  155.06331256233477
6  41  213.56491139605117
7  18  172.66349581054703
8  34  168.39603381962212
9  54  229.02048512234254
10  69  170.50187448931223
11  76  132.09665634394753
12  41  296.92987319966721
13  40  364.21210959066667
14  69  214.02476665420875
15  91  66.813082248702358
6  34  172.355318705869
7  53  122.84943573396528
8  28  245.11751652064271
9  39  357.50006941058058
10  62  204.22167191988149
11  57  303.29071302478587
12  53  398.48365462623701
13  65  219.07178699444623
14  71  237.12989564608975
15  76  193.69319261929951
6  20  237.72429986034447
7  43  285.35368953909074
8  44  194.23369458826016
9  39  130.13678718748096
10  71  134.0115162066372
11  54  223.52811876187246
12  63  332.88701976020008
13  87  93.370185604394621
14  66  316.5857806329393
15  80  136.73059060841842
6  41  266.19282507893706
7  42  354.21122850338867
8  49  199.41150945511419
9  54  248.56119889081697
10  56  156.27621003278918
11  78  135.36155799089246
12  79  256.77472058328931
13  92  95.346721434761861
14  74  240.93907259101891
15  84  208.63553613990877
6  30  197.58020199302223
7  40  283.31694458173456
8  41  191.20598002520308
9  78  171.64950897232472
10  82  106.74783404960912
11  76  131.72298862243795
12  61  170.49809322575632
13  51  423.07395600284349
14  84  135.43401420752059
15  80  153.57853988925314
6  46  133.31198078314637
7  39  266.93429413514298
8  16  365.9758819652688
9  57  185.05648338216523
10  64  126.38439136367199
11  65  131.15194636089143
12  61  238.83712051827277
13  65  154.0578956864646
14  75  229.04666407824783
15  78  184.47011675963964
6  35  299.28375357762053
7  33  207.39934313044535
8  49  400.0528483361233
9  54  316.08060068837847
10  63  231.30297099079951
11  73  144.49941182279241
12  66  187.48887252039853
13  65  299.1200639620829
14  70  162.95701342340448
15  77  181.12394035261542
6  24  136.81118693374827
7  49  193.79489362395341
8  40  44.333241271910111
9  74  190.37599045372497
10  66  189.08406127629186
11  56  170.02935638275881
12  59  304.36492507842337
13  81  155.96704346507232
14  75  207.39094601008094
15  62  305.56833704775988
6  29  383.76457995877388
7  35  337.94814633133353
8  36  99.160332860323606
9  76  106.04374025589681
10  23  420.21081681563646
11  63  186.0550546401364
12  60  224.48530470473236
13  71  162.42517471541822
14  48  370.98574339814394
15  74  167.65415432637317
6  30  257.30088294752716
7  57  134.31301709811314
8  34  173.82420094194285
9  53  236.21759681242662
10  45  407.17091299425704
11  62  284.39838211488853
12  60  271.43675909300339
13  65  259.96303788344039
14  89  82.372922719330134
15  61  296.76710449986297
6  20  138.75592725008011
7  61  131.13424098847707
8  53  325.42113354667339
9  75  106.43483034883552
10  53  257.35465257779322
11  56  307.28838777218289
12  42  376.29701401054314
13  72  185.8631834589892
14  68  204.83170608707019
15  72  255.54786533688909
6  24  131.48771886088065
7  33  357.16111646116775
8  29  277.81947789416597
9  49  309.31154302780845
10  65  214.53949465574098
11  50  294.58221105627013
12  65  293.90124549176846
13  74  164.19370652452889
14  64  280.3224077355286
15  56  296.23362176948217
6  36  206.13377659211386
7  17  445.72840963268311
8  40  197.28491041614404
9  69  144.74261718101192
10  52  209.8248367989591
11  61  187.58555808424788
12  42  304.06004870950306
13  48  365.36959342288731
14  68  267.87835544973956
15  76  214.53011621273788
6  23  383.4914331088105
7  38  174.18609812262355
8  47  299.118727443816
9  55  167.5052772025924
10  60  154.76959630869092
11  73  214.18150245828423
12  59  152.77718953073816
13  66  215.87745232943965
14  88  95.996267289346832
15  89  97.081729644347845
6  61  129.97073326137928
7  46  272.14924795390374
8  33  279.12856287358431
9  70  167.59677361025675
10  48  304.53210618770129
11  55  325.67664764123526
12  65  269.20716329698047
13  55  351.01182691239939
14  51  328.65013521404722
15  75  233.03984723044448
6  14  158.5454843365066
7  39  231.41748474282252
8  34  296.5349318057456
9  65  140.8231161951185
10  46  266.83494102198449
11  56  278.48257260409349
12  57  247.23392496011016
13  59  260.88847601798352
14  82  89.784952737755859
15  63  331.50494714435195
6  33  135.10774042600326
7  53  187.17645550201939
8  28  358.12917744986242
9  38  460.7365414138805
10  56  267.07779329947925
11  56  246.93276343208524
12  54  315.59998445388419
13  77  235.62613899662423
14  69  224.91492262166418
15  65  295.94369921820925
6  22  193.22047092899552
7  61  184.06115923472001
8  62  190.31591409710518
9  74  150.0573685562137
10  58  188.14860600233717
11  47  301.35496910176732
12  59  204.58010141253038
13  85  124.67099804522768
14  87  101.78564704400604
15  83  118.0437761684334
6  40  126.45907988309628
7  34  130.41066983862581
8  53  211.42988499100008
9  64  164.83534960474057
10  55  282.92510398433438
11  66  236.86217460318124
12  62  314.72420888310791
13  82  123.26646250344561
14  81  195.39797292759292
15  75  215.55869031442688
6  31  225.95592950578896
7  25  252.40198455901151
8  65  182.53326607697684
9  41  247.49246323283185
10  44  285.92872152068469
11  70  235.99223024154117
12  56  316.58542688042252
13  53  364.76957693546194
14  74  202.14487097626488
15  75  209.77547983773684
6  42  157.69282759632952
7  6  406.3601223183673
8  34  250.79569880300616
9  42  276.86147848235794
10  62  227.95418102628275
11  50  145.40273409363073
12  75  197.05541924309577
13  79  108.11498212146138
14  77  155.96754796502168
15  74  215.00098036189456
6  45  264.08023529670868
7  29  175.25833621842983
8  46  214.68412470650892
9  40  355.03547898961216
10  38  269.08576572258556
11  67  196.16448575690657
12  92  41.410736792067702
13  52  367.1647408901465
14  89  90.950319665226573
15  83  132.99387454336798
6  21  96.797439604540699
7  33  301.20051638522409
8  56  209.67633609385101
9  34  455.17328607219002
10  54  336.90391532469948
11  61  234.35278146227327
12  47  471.21600524956568
13  69  251.3844985963145
14  67  223.86874595772366
15  68  334.70740018160222
6  38  153.82993988568484
7  31  197.5560447035941
8  45  293.52501476553584
9  31  253.89892842883938
10  76  101.16684498456435
11  56  109.66137750796146
12  78  134.00742867851403
13  93  52.912968736789168
14  83  143.58916114246421
15  88  79.029697076544508
6  38  259.08743863056793
7  27  178.33020253430294
8  25  395.75745631339765
9  47  231.44391207296988
10  62  167.47042331803945
11  76  147.59551221897317
12  68  201.71219508206846
13  58  316.91732010557263
14  83  90.772364714714357
15  79  203.81171676305101
6  18  238.43716432894846
7  65  89.724358555047587
8  61  193.13635240563974
9  85  79.354546302976786
10  41  190.75463572876217
11  52  265.27947181334463
12  79  78.849896169891835
13  71  212.75684831426412
14  58  234.15672578071275
15  82  119.7824804539124
6  34  366.50351722935966
7  44  283.23063190180557
8  37  197.33102685286147
9  53  174.65920752363152
10  62  237.88231001372455
11  76  190.56493413204205
12  81  121.37081559760767
13  79  139.31900685530928
14  56  409.08205485617844
15  79  155.30186256329108
6  18  253.32527318222969
7  32  175.76182115474671
8  54  166.60962344398351
9  62  151.64599103689369
10  82  125.92142584197893
11  53  306.24912682157554
12  75  212.04585429420536
13  81  132.75559659417814
14  52  285.51515204480387
15  71  243.34711688380969
6  25  159.14919529940363
7  35  376.77667102865848
8  66  138.6352702185834
9  34  218.05681446597455
10  46  279.75095253228716
11  79  150.91877122572058
12  62  325.11054271494993
13  76  116.34525927875542
14  65  218.46960240107381
15  95  31.411879167072712
6  25  271.10207921669553
7  38  293.46790155724347
8  38  431.71383299562314
9  62  151.8853739029837
10  49  387.67064477448605
11  59  193.89109777677936
12  63  242.72851409467444
13  98  13.47302973919758
14  71  189.0
15  71  206.62776462717241
6  31  173.25427190523345
7  37  240.53387775479797
8  22  315.52310733396052
9  52  269.13887318000718
10  33  448.37979152597387
11  70  200.07753959074574
12  85  89.650240717127701
13  78  169.47054900561022
14  79  157.55772837996972
15  78  199.45510231029104
6  30  287.34308802825711
7  18  336.81850494329848
8  51  229.83841115760617
9  54  157.72049366318319
10  71  173.3208713105322
11  53  405.24848455644576
12  71  225.77632509540211
13  33  501.43886457806775
14  65  276.87447852394655
15  70  245.53530431025922
6  29  239.99337573519796
7  42  155.11104130243896
8  51  237.82657238243974
9  40  310.01151721132658
10  63  256.19323917682573
11  75  180.79569932826556
12  85  106.24990462953738
13  45  451.28136050991736
14  78  105.06016532271713
15  74  166.79731571457035
6  28  232.52039222704315
7  24  361.71263446803528
8  59  152.49285841622324
9  56  221.30949675522945
10  55  181.61045303681041
11  76  118.93627108534419
12  48  437.29613211357844
13  48  500.57988558907175
14  70  272.42853285756507
15  95  48.831218274391432
6  48  184.79075912601485
7  73  111.08777843425199
8  37  283.82654657681485
9  63  164.93838777277094
10  71  240.59880796878306
11  56  330.80430098170297
12  70  249.94447179986935
13  83  117.67834565641202
14  63  236.80363506960535
15  77  175.18387472961237
6  23  338.43397804378191
7  35  316.2304206247918
8  23  383.78152105968996
9  44  279.29136367485904
10  41  317.62754099410756
11  51  266.41713253442879
12  46  329.91699069456837
13  56  297.97878363371819
14  66  284.10420294607513
15  70  240.80935542659739
6  43  173.31786189610818
7  23  702.74990731717935
8  30  280.63333527413567
9  47  228.8826608810005
10  62  214.59534619070322
11  53  223.93577020103575
12  50  369.06036933597863
13  67  302.84163894302782
14  81  118.89733387678758
15  69  216.09152377490796
6  31  253.07570882771003
7  43  62.365032229064305
8  44  163.22799995138487
9  54  330.63650166711875
10  47  137.5203255044548
11  58  216.53456764013245
12  57  292.57203188454184
13  41  550.73081681405745
14  69  206.50028693741248
15  64  292.52578844494411
6  26  301.98388279721922
7  34  265.24718368458565
8  34  368.94383723182824
9  38  215.30537870728438
10  65  247.67839897718051
11  51  374.05195091214654
12  76  161.35583681792056
13  58  395.36895858699626
14  92  80.827522130279661
15  93  62.563399489556112
6  8  400.51935577559107
7  45  233.83364599098252
8  46  203.67074993484826
9  50  353.29338613140783
10  43  265.39266979435683
11  65  153.17244168885347
12  69  199.572636252591
13  59  351.8665683188749
14  84  135.79789336328918
15  90  76.570751380748078
6  28  199.36162467264626
7  17  99.881368274811649
8  59  159.2608010952122
9  75  148.23372852228223
10  71  185.49462724969706
11  67  202.02918596364617
12  61  215.71710667957277
13  67  227.16921727989731
14  72  203.20843139106768
15  63  308.56438925596763
6  32  161.71579692351332
7  64  115.37235358432072
8  39  294.3054442238228
9  56  246.21606885218924
10  70  156.08110524169115
11  64  239.15624610471431
12  53  211.18506693864401
13  50  337.6275784830068
14  89  69.828913553120643
15  87  93.276078521391426
6  38  252.94950420426321
7  30  183.18693487994435
8  53  195.15373921774059
9  69  182.3304768131683
10  60  253.39761818513074
11  72  209.46505779461762
12  80  116.81998536459695
13  69  261.57145445256754
14  79  165.75160468588302
15  68  251.60979284908069
6  24  78.489251585003359
7  68  198.25157095668783
8  56  199.21739671808567
9  18  280.55760973380995
10  42  306.42752466284048
11  58  222.70941280055737
12  28  571.78047208152077
13  70  261.27398263998322
14  80  133.03506927916325
15  71  291.90243640023937
6  29  206.11134829102755
7  40  240.86420754352415
8  44  345.28097009408623
9  49  240.8118454134391
10  29  329.43236851430419
11  65  277.762410508389
12  72  159.55599118995619
13  84  133.67001823352973
14  75  202.17579440519108
15  71  147.23939478243136
6  56  114.85147786203703
7  55  134.43552973109678
8  67  81.679768796182586
9  63  274.60588718599456
10  50  422.89059146613931
11  75  150.36058696597834
12  72  216.80122170702793
13  91  74.867098231285325
14  87  87.508712237473446
15  91  78.270339470384201
6  30  142.11153918501199
7  46  215.12828935062757
8  63  125.54893123106565
9  27  353.35701641909986
10  50  265.60954127143839
11  49  231.88433994219267
12  85  110.11838530341186
13  78  130.76656555087055
14  85  102.81533620029778
15  76  197.81495870099073
6  37  226.74778678100338
7  38  278.85780908665919
8  69  154.68628410892558
9  32  307.01845835222082
10  69  316.40995575507407
11  62  278.87492096424467
12  74  171.88153613419141
13  76  170.24998049642815
14  67  239.24010495573941
15  69  182.715182914617
6  27  288.33291352270362
7  64  146.34089058545609
8  63  118.98355135037482
9  44  344.80960998234383
10  74  187.06473607168655
11  52  288.73078117521146
12  66  170.29074150971644
13  93  80.780980764297624
14  50  340.84980516781098
15  82  160.60067272618716
6  22  283.55728325196009
7  56  125.22589530530148
8  46  230.81531780022164
9  61  145.81910076862178
10  77  132.45662442471391
11  61  208.80009758694234
12  94  37.756018578796613
13  84  124.15723813378521
14  76  184.1675298525179
15  61  316.61590650047782
6  21  131.52073391088769
7  29  449.21208221902953
8  26  333.70624538606631
9  38  261.55190489031258
10  60  223.14382561509262
11  54  286.16023400258297
12  45  194.99427882115782
13  56  337.98765222356394
14  84  123.55984753082055
15  71  227.74614246588774
6  38  138.29279920751091
7  27  285.09860772877846
8  43  334.70513389494715
9  38  281.38378567632446
10  70  211.85923294076963
11  64  291.78283331719672
12  78  171.26101571554696
13  79  121.90219131329138
14  84  110.46953778238674
15  85  112.15102102723638
6  53  166.74683531295867
7  21  324.36264287470811
8  59  138.59685419779188
9  63  152.24054917825865
10  78  110.78332026504405
11  89  82.219497366467081
12  43  436.17368856483756
13  85  121.52368513731977
14  43  374.01302453403332
15  53  461.19231060644836
6  28  302.12844327820767
7  38  167.64274003494731
8  41  243.92768305686684
9  54  325.57431069848036
10  40  336.1968792823539
11  53  286.20884724730951
12  61  241.07502049389677
13  82  167.8980263035894
14  68  254.53743570272252
15  78  132.98312784766213
6  17  438.33665260571598
7  45  220.4883783021771
8  32  238.26519541529294
9  57  229.70834762058936
10  65  228.95641831826612
11  67  248.97446162971809
12  81  103.21641402190464
13  52  407.55209511248341
14  54  422.60622417182952
15  81  162.07898502137476
