2  27.666666666666668  157.22817282156061
4  49.333333333333336  174.6340269679896
6  40.0  354.46104222008836
8  46.333333333333336  500.4608758202441
10  56.0  395.94503804497992
12  58.333333333333336  498.55196645739221
14  73.333333333333329  392.43618977497295
16  71.333333333333329  554.23056230300256
18  79.0  426.36353379117571
20  84.666666666666671  416.02634192285939
2  17.0  148.45813097404206
4  48.666666666666664  275.09037197491438
6  62.0  342.03697830328582
8  69.0  303.42510948785161
10  74.666666666666671  329.45264020970723
12  58.666666666666664  549.66034017965512
14  71.0  479.54077973199003
16  75.333333333333329  465.0152538975579
18  78.0  370.00026780421962
20  89.666666666666671  345.84951168020433
2  22.333333333333332  169.28692756073062
4  42.333333333333336  177.03902294192534
6  51.333333333333336  422.65542599092754
8  52.333333333333336  436.98577627521883
10  70.333333333333329  430.38924396436909
12  75.333333333333329  403.80449909644005
14  69.333333333333329  493.88738624690723
16  92.666666666666671  278.54368422973403
18  73.333333333333329  490.51985245283009
20  82.333333333333329  433.63727795683525
2  22.666666666666668  150.8164334055071
4  40.666666666666664  252.14075653822309
6  30.0  388.11376726592323
8  37.0  447.68161340399593
10  49.0  332.71497433410241
12  71.333333333333329  377.41599487290352
14  69.666666666666671  444.37551708604565
16  82.0  407.44294247225321
18  91.666666666666671  302.25273007979609
20  88.0  333.13364522455203
2  44.666666666666664  160.56948091550808
4  40.333333333333336  161.746317778617
6  56.333333333333336  360.69776802001485
8  52.666666666666664  494.4431249571121
10  67.333333333333329  337.02720231090615
12  58.333333333333336  487.3674726488797
14  79.333333333333329  390.47886106573742
16  72.666666666666671  532.86013024004399
18  82.0  391.62225735602931
20  82.333333333333329  433.77044612430461
2  14.333333333333334  196.83982090604948
4  36.0  276.6258736179347
6  54.666666666666664  275.8553275609525
8  76.666666666666671  301.94698973309585
10  65.666666666666671  476.03929003781627
12  58.333333333333336  494.88993090648142
14  59.333333333333336  622.60145742570489
16  85.0  342.96049399394917
18  75.666666666666671  392.40860609898573
20  83.333333333333329  373.18744333698993
2  37.666666666666664  136.45295971525337
4  27.0  313.50846089862074
6  53.333333333333336  352.53278675942965
8  56.666666666666664  428.81356381700073
10  74.666666666666671  312.20799375215552
12  55.333333333333336  385.31189509844637
14  65.666666666666671  553.31009295210447
16  75.333333333333329  482.73928238123216
18  82.0  474.92867578832721
20  64.666666666666671  626.62334663120839
2  24.666666666666668  192.66105600351435
4  36.666666666666664  304.8050600744524
6  62.0  373.49906814851607
8  51.0  479.47764741406502
10  56.333333333333336  268.90071907046553
12  60.0  552.15569271840036
14  77.0  440.48075006578682
16  59.0  589.15689073542353
18  84.333333333333329  337.1768382917914
20  89.666666666666671  319.88105295903756
2  40.0  169.72240604406028
4  31.333333333333332  254.8526253857699
6  47.0  354.08175397778774
8  44.666666666666664  414.83045746920322
10  71.666666666666671  414.32424615946371
12  70.333333333333329  444.51703276370279
14  75.666666666666671  369.43585643767386
16  90.0  307.80690724832044
18  76.333333333333329  552.04115654091959
20  88.666666666666671  384.8546492618878
2  26.0  182.82457795336805
4  53.666666666666664  283.8389272331903
6  73.333333333333329  259.36430758461705
8  72.333333333333329  344.25533084172082
10  50.666666666666664  562.51458709762971
12  54.333333333333336  502.27048560650553
14  73.0  392.19285200683362
16  64.666666666666671  636.37968710209009
18  71.666666666666671  538.77710814470015
20  80.666666666666671  503.76849538170762
