2  19  33.043203750875101
4  34  112.01561485405139
6  53  69.666702104025234
8  55  90.138010484115853
10  56  165.56002784098828
12  67  108.8322446750812
14  60  215.11046873550194
16  56  211.43590881049568
18  90  67.745534326704316
20  90  88.830851830830454
2  0  16.000000000000025
4  16  23.437249449788329
6  37  98.312307760537777
8  39  206.58502358478998
10  76  89.688856463784148
12  91  77.921024966148195
14  65  168.15962226063903
16  91  76.534307320294246
18  51  76.913873246958033
20  68  174.73658101281089
2  0  35.999999999999979
4  70  86.195809770696556
6  17  111.79008820547251
8  22  152.35400289578868
10  99  51.078899496704281
12  46  239.33517793828139
14  77  136.26814373063493
16  72  122.31202316797621
18  78  111.28040497708193
20  76  140.1322159052946
2  44  68.361159009884091
4  4  56.8823935441647
6  83  88.858753673784349
8  43  113.45146360568621
10  75  83.166978826742763
12  49  218.42063068053318
14  52  156.7741185853512
16  71  166.48404535549156
18  90  94.172942902149501
20  60  188.03816227329688
2  0  38.000000000000021
4  56  71.182100608804461
6  77  77.932557779074145
8  67  101.87238287516291
10  42  206.65051604360283
12  88  54.883978749966445
14  62  152.99828401309443
16  60  182.48889153945146
18  88  122.57399693915572
20  80  115.20960197414976
2  0  24.000000000000011
4  90  61.496560769210504
6  59  85.135227712880592
8  36  64.820427062588891
10  100  40.959937651157027
12  60  147.90299204227716
14  72  124.27856917174518
16  70  154.92615179630943
18  75  163.99257541519199
20  96  69.176828642940478
2  71  53.827347068156833
4  65  70.924063733166875
6  22  97.429541073410178
8  74  101.27255598761043
10  54  134.45382238421763
12  75  111.73934930660724
14  33  272.08303637319364
16  64  156.68569248745442
18  73  135.11280694766091
20  83  122.46248408422115
2  29  94.000676751461185
4  6  82.39492382886786
6  23  168.75298415444777
8  65  83.140226339412891
10  28  62.049657304772161
12  45  213.10006776215633
14  80  118.73232471315659
16  65  136.53423306674046
18  78  134.6394155414396
20  72  124.33454213553503
2  15  25.86603727794898
4  67  117.22777973189919
6  59  82.287598894247679
8  71  86.272465741224991
10  51  103.00359429724963
12  72  117.32771227668378
14  39  192.72167761182698
16  54  158.64534768126268
18  58  188.9449527792309
20  58  216.77070722774386
2  0  0.0
4  22  95.502864984684805
6  65  111.90075471718505
8  92  78.177049326782367
10  88  67.768182550890614
12  76  105.6581243897659
14  87  91.429652258514182
16  80  156.23725968023027
18  70  165.45897889699486
20  73  146.85209654489591
2  28  56.84789761753666
4  71  82.706470983745589
6  51  135.11846907427238
8  25  137.84089367624443
10  40  158.28759821149001
12  89  82.031578092687255
14  78  146.59051115904003
16  84  59.149734952882405
18  55  188.23980189485624
20  97  51.781341277834109
2  19  104.22079043133266
4  22  73.053504627283928
6  27  124.41060017028956
8  58  111.58271172017854
10  68  146.4337705652618
12  63  164.669577105646
14  43  129.32368223742057
16  84  133.65879730443231
18  83  79.945887543482854
20  64  187.17218352164903
2  14  105.77737238326225
4  42  112.50073813777172
6  44  133.17348029301721
8  95  70.254026409999625
10  62  119.4162606793976
12  57  128.20379782340433
14  82  129.59247149697956
16  55  124.90031034354345
18  52  227.13210088304945
20  100  52.075279596316477
2  40  40.979563476697152
4  30  112.71576803063304
6  60  138.36092637098844
8  80  66.858011159666745
10  89  79.628061998740264
12  79  106.68638512706259
14  91  108.3555039156025
16  59  104.26393477836623
18  87  100.56130414923985
20  85  135.07939085444428
2  0  0.0
4  37  72.243806154935541
6  47  86.752840036808763
8  75  120.15750197947878
10  46  219.87715984460669
12  50  62.141061268594385
14  57  137.18225411629157
16  60  173.47160014959718
18  87  105.84802015714773
20  88  96.497155147066664
2  0  40.0
4  82  85.180593812321476
6  9  78.999999999999972
8  54  97.691127540193875
10  59  123.49233888586018
12  81  83.112020269555728
14  53  129.89565105134349
16  97  64.39643003144073
18  72  182.52426167492584
20  80  126.47677892255075
2  48  45.259190196839562
4  62  65.589893856345952
6  35  111.12732369210867
8  63  122.9640638415902
10  94  86.013708779363228
12  65  154.61236532881935
14  54  204.31048974770678
16  64  167.35373428568272
18  47  184.52335380998545
20  82  119.96359302310195
2  50  58.699868976867833
4  20  176.42647756869039
6  54  101.66077338432289
8  61  142.43808994862556
10  96  66.031044746185501
12  77  134.92019753693143
14  81  115.04520498402778
16  82  90.090936115133673
18  56  175.98295669878343
20  66  164.54973793676737
2  2  36.999999999999993
4  15  94.839891023322934
6  42  113.07556158366195
8  52  156.92912969313755
10  23  85.060900385641744
12  45  201.31818246570992
14  82  135.97651009371515
16  87  116.32743213371702
18  95  74.728522298736834
20  49  205.89026546775045
2  46  58.129661171267259
4  44  129.94359913802293
6  43  70.46636950043397
8  35  151.2212394915158
10  44  116.98011320627015
12  57  104.08400015253225
14  61  95.208048607457854
16  89  96.930695154580661
18  51  233.95840432252518
20  100  68.736028777865286
2  12  35.478225503388352
4  35  93.461312837802183
6  40  153.78260512110086
8  74  124.56531556552498
10  88  105.80457604101944
12  65  130.92364637236
14  68  143.26403934259389
16  70  178.67622280112425
18  89  68.821853083697789
20  62  161.97005296349542
2  0  43.999999999999972
4  95  52.366139560843216
6  44  169.435760646646
8  69  122.4871297346581
10  67  112.14806912635656
12  77  100.66931811926167
14  84  113.93599369618424
16  71  152.66085497307535
18  62  110.45759300531367
20  96  64.315928252065476
2  11  55.636329897141309
4  59  76.363016295485323
6  45  111.72612065887031
8  17  196.02802294399623
10  71  108.06072870919959
12  73  128.19990293177847
14  79  91.278349404721538
16  100  57.322657925409963
18  78  104.57016486760155
20  91  105.16473013791688
2  39  72.087430046893331
4  13  74.886067341909495
6  18  90.507702419872018
8  55  87.259015489071487
10  87  107.45605974423772
12  82  116.54990226454245
14  66  115.33443737721163
16  88  58.692561865393117
18  79  120.32148652335536
20  64  139.42195837651946
2  0  31.999999999999954
4  32  68.809583202429465
6  81  78.500767996599919
8  61  126.77766981135603
10  72  121.13418651285913
12  57  132.01581981368
14  71  145.49055274239802
16  93  87.427531432948157
18  89  92.528753010071512
20  57  119.63194837965106
2  0  0.0
4  8  89.134034243181873
6  71  105.12666410531493
8  87  68.504382989568384
10  61  108.32222940019916
12  92  77.609047489491488
14  58  204.69144325625928
16  79  147.00669868433451
18  69  159.69361077140485
20  81  113.27868509495038
2  12  39.410009001536864
4  17  130.7689922907399
6  7  107.99999999999993
8  63  98.098438412373127
10  90  99.632525937501484
12  59  188.21823366032854
14  84  118.1829948872125
16  82  128.9682424655314
18  74  119.10127386726909
20  79  139.66562465074318
2  24  57.151826865439403
4  13  69.447987587419846
6  52  137.25698670549141
8  65  77.952605606752812
10  64  133.40516245851404
12  92  74.188171255408193
14  68  164.14657485389083
16  58  208.60839143301226
18  55  234.21193013985766
20  81  156.21004859615704
2  11  43.413162782110788
4  20  77.82288357381033
6  42  86.761914266679781
8  71  83.834677866046874
10  88  89.50412921495834
12  70  169.33230223807374
14  67  114.46399981589377
16  91  100.39388340855031
18  73  176.98013788165119
20  94  105.31822947047949
2  71  65.704726545916415
4  12  84.176158378913698
6  60  85.575465738975751
8  98  66.452509297447193
10  78  102.17342703684453
12  57  170.0315368123791
14  70  147.44658229763434
16  57  210.80676620356195
18  100  40.87519924602352
20  59  120.45532287751843
2  0  0.0
4  24  55.709474211733252
6  6  59.000000000000043
8  54  147.62736703646002
10  28  98.838160998201502
12  69  66.903520542464634
14  42  175.01726616089451
16  81  117.79662565253285
18  94  79.94598642856036
20  47  275.99791807507495
2  22  47.62538761766266
4  25  81.155748593960453
6  78  79.750430235129286
8  58  151.67536513611341
10  55  145.17578806913448
12  63  151.11592298947792
14  91  75.977474472951556
16  77  122.70165404335823
18  91  103.83115306177311
20  93  82.465043693718314
2  22  45.992112519802113
4  44  90.11462846362312
6  21  80.498963698356832
8  60  103.09976538223177
10  68  59.759928311874432
12  83  121.41305179607133
14  95  57.402074712245636
16  53  160.0671351215145
18  86  100.40225785802936
20  95  67.222979150513055
2  8  54.038066478866391
4  41  102.54601494376867
6  28  66.951167558417964
8  42  88.278463257091289
10  71  160.26342791623631
12  74  127.08681917909129
14  89  99.775225805082272
16  56  188.3525037943507
18  47  125.01026390879022
20  90  86.218593281924399
2  22  27.659423801846877
4  10  81.670952383566728
6  34  106.2262925370441
8  44  152.51036701102529
10  34  116.21142571346851
12  63  110.22338565345305
14  79  112.1876539306385
16  69  148.37893610573599
18  40  172.83218855747921
20  58  194.24507566035425
2  80  56.309598089593337
4  38  72.353783221560988
6  76  68.114058047374684
8  80  82.217818080096222
10  79  116.25901757599779
12  58  137.64490839980661
14  62  128.4822411767795
16  78  148.19509695059938
18  82  129.0079404292818
20  63  195.46660583771242
2  51  76.270969904632437
4  68  79.862947729082109
6  54  120.55007938826776
8  37  112.59170765843987
10  52  64.255512118788403
12  85  113.59236401043535
14  73  70.181192677478194
16  80  116.22900989384465
18  84  91.3302665943703
20  74  130.15681128536161
2  30  109.86913379828029
4  52  70.067739589517444
6  62  113.11327301593302
8  54  153.65711873438482
10  69  123.91989960190502
12  52  207.88667117598533
14  59  96.487865404396857
16  69  148.92773399653379
18  71  136.58464779586268
20  75  151.56686460460179
2  37  35.41140087326778
4  24  99.901653630657904
6  13  124.45775864487115
8  59  107.4595523444618
10  70  102.34696376169659
12  56  212.5369034429238
14  88  97.154636585263034
16  76  147.66713027515252
18  81  87.122091571544075
20  99  71.624429554327477
2  32  50.397614320891016
4  51  65.533827606787767
6  41  136.9636116596171
8  30  79.978939042617966
10  38  97.219975721857679
12  86  100.20522947144804
14  79  106.86377083353135
16  84  115.21780235373843
18  42  214.37826165002588
20  75  142.96032144530793
2  11  40.316599958146163
4  53  77.375801612363631
6  21  55.609669172276845
8  63  128.51366356000767
10  72  143.24027804803671
12  58  142.34013964073486
14  75  77.962504730309277
16  82  151.4720229227552
18  81  99.837659911827842
20  83  125.47888883167185
2  27  34.262990149397822
4  18  91.941963051653005
6  39  145.20276944586024
8  78  117.31938017886645
10  52  222.56153423496212
12  69  148.14894579893243
14  92  79.146960018257246
16  88  97.195302203656539
18  84  123.68986845052616
20  90  85.360819742944599
2  15  26.969293839178153
4  19  85.967094914641336
6  57  144.67387635983155
8  44  94.424631950592314
10  70  126.34136984065832
12  83  107.90361109787318
14  78  111.35970111425267
16  86  111.57430302634643
18  84  103.98295900420587
20  94  85.820934184251144
2  19  60.453478895596419
4  28  48.15126682663653
6  45  161.11917096585
8  93  76.116379402540986
10  84  90.755699309862237
12  56  175.16429065668189
14  23  55.546417045623528
16  53  193.71153881822491
18  92  79.482734776905971
20  74  152.99448041585816
2  38  83.827436228867157
4  89  81.008094571560846
6  76  89.575371270000787
8  85  79.97874490016811
10  39  190.79437689047933
12  46  163.85508771509649
14  76  128.38958975894911
16  87  100.40482550196954
18  70  149.03023440192914
20  63  119.17495328104573
2  9  53.999999999999993
4  69  76.939410176651549
6  37  132.09280068540343
8  72  79.065479487257846
10  96  60.947458408714247
12  40  47.737182215175309
14  94  74.334611293629862
16  86  92.88653027813379
18  81  125.06453775530527
20  79  145.28784511868622
2  34  99.560105795583794
4  39  99.891043419292885
6  49  81.738457442090166
8  63  132.38007293233113
10  47  143.96292760159224
12  45  207.03310037646426
14  58  174.31284905672496
16  62  96.502739581533163
18  49  199.7385943318873
20  73  145.36937914772483
2  0  12.999999999999963
4  50  76.896035740298558
6  44  132.38832180573732
8  12  189.47554194856491
10  49  154.7298278939129
12  92  87.157836541017431
14  74  118.02768621722885
16  45  238.43523067532061
18  77  133.48685056672102
20  67  127.87675597084623
2  48  45.935650145952494
4  45  96.173099522439415
6  26  112.92385382255648
8  97  60.446517561456901
10  59  129.07162141013328
12  60  181.06257198466363
14  65  155.38684697901894
16  100  41.762744649116115
18  80  165.69061277808063
20  91  83.096176446249117
2  21  37.017051685686774
4  5  65.734754817115714
6  59  74.654046127313578
8  54  156.79443410554302
10  54  160.98570110845594
12  59  151.62710985783406
14  88  96.665875181328289
16  46  281.51501106782115
18  87  107.31394036523078
20  75  149.93197106417
2  6  38.999999999999986
4  32  111.36811265433569
6  48  81.755842588404263
8  85  73.178968023238284
10  77  142.99760298342912
12  44  155.99647595261709
14  69  143.80300185994111
16  95  78.832639181518061
18  66  158.08796878386676
20  90  76.949894363640283
2  4  44.000000000000021
4  18  111.07293913704453
6  71  100.0646731230466
8  76  57.604064557160463
10  86  107.22086738088731
12  93  84.314186379611471
14  73  100.78436840355253
16  76  161.13865191573265
18  61  208.29223361631034
20  98  65.794713838292623
2  0  48.999999999999986
4  50  110.91488382137783
6  23  77.351102990359209
8  41  127.55144498339526
10  89  89.478934134110361
12  40  194.20071924653095
14  82  99.685824276069582
16  61  158.94040745688574
18  79  102.3984033631077
20  91  87.908594581912723
2  14  61.770051229045478
4  14  24.974297477039848
6  25  71.739572481090164
8  22  90.155084889082815
10  62  170.16945585528512
12  70  66.505404106941725
14  87  75.66526501684092
16  89  87.481534838024089
18  89  83.46722783813091
20  76  128.35404182821048
2  17  35.628435613154963
4  48  102.65329722705562
6  41  73.779920671801193
8  55  121.74932780229994
10  64  180.82182513165037
12  78  142.15714399278323
14  86  89.459533366091776
16  67  132.91218369565988
18  90  94.185548786009917
20  69  185.33350519719781
2  59  19.716568242669119
4  20  152.49371517042857
6  70  117.63418353338429
8  41  116.56381619233036
10  61  116.259875548588
12  83  64.826016445748664
14  77  120.10901072710018
16  63  174.09316718635125
18  94  85.886449063262774
20  87  107.15672485319531
2  0  29.999999999999961
4  25  31.903069352592389
6  36  71.131849699206839
8  84  88.948128058921839
10  77  111.19806645004509
12  63  169.72395756989943
14  45  81.100073012269164
16  69  186.51232595566788
18  70  144.89607650863647
20  83  116.80707844457774
2  17  28.678460504960761
4  53  88.115745037289344
6  36  59.40979584171545
8  76  89.207331256209613
10  29  99.668050734938205
12  59  128.29047184272923
14  82  108.93341575008101
16  89  85.917760746687733
18  75  102.13098690239495
20  76  166.20031539430855
2  16  104.0963231325305
4  15  59.445067957886003
6  66  53.665663549863979
8  47  170.00398111015659
10  37  141.40936223177991
12  44  145.11457347758264
14  57  143.89994990781159
16  70  165.65516454623301
18  81  133.6648386341727
20  83  79.644401226028208
2  24  89.459789906451178
4  40  52.338669670949919
6  62  81.920415770341975
8  41  111.87528624479918
10  37  214.01122357805846
12  53  54.385937426665748
14  75  165.36811576218165
16  100  59.518122575279051
18  76  101.32927150381282
20  74  146.94780327847351
2  22  48.044423173345919
4  40  88.404965251226287
6  62  60.032359739163709
8  71  121.90603635207854
10  67  103.16395564725217
12  84  98.20471673672526
14  94  82.440072137049953
16  95  61.045176055604557
18  94  83.040391877230803
20  78  152.34925011645029
2  37  51.767993260637404
4  47  108.70040805022296
6  35  144.01803603722658
8  87  98.804750031569313
10  72  97.027746427634412
12  60  129.55202935747786
14  59  145.0418199944265
16  71  112.31921754357224
18  91  103.81022363325047
20  73  138.85817808408305
2  23  64.591577426588543
4  27  47.928082650043081
6  5  78.000000000000043
8  42  134.39695755452215
10  89  80.566221220722284
12  71  127.92929739551504
14  73  161.49257874028967
16  80  129.33593523357874
18  99  53.557443484988418
20  26  220.98247337431303
2  8  33.09968318603709
4  16  90.235809827127824
6  78  74.92812448396036
8  8  118.93796011931263
10  63  90.517966711091532
12  70  123.86331742942762
14  88  73.344098989344573
16  74  145.83528410840083
18  91  69.995111250643291
20  71  160.7162033721556
2  34  72.70273756779558
4  24  163.22697183072518
6  76  80.477229759696044
8  25  138.51188504076961
10  88  94.819724062213908
12  86  91.123269287912763
14  65  142.65860493806693
16  80  95.512240403716191
18  57  209.14744250565442
20  68  134.63821087798544
2  17  56.712704141713552
4  20  103.92306014704577
6  80  96.675397799611716
8  63  150.47304287381985
10  66  95.285635276923699
12  71  100.9569057367471
14  71  126.56980040358461
16  96  68.27188618990823
18  80  146.09722263550165
20  77  126.60842220482583
2  26  53.340314708596907
4  48  71.055697822719097
6  76  108.83669700635092
8  45  151.39096839891516
10  39  126.77352207178743
12  51  159.70730932462712
14  75  115.58520649262766
16  83  132.94055708849496
18  45  306.35273057228142
20  85  130.26747617251274
2  30  56.266440318899008
4  34  104.46904679619217
6  39  125.31683290454055
8  20  201.198431492384
10  39  125.13545014417079
12  31  155.34037648964394
14  83  118.2114031591651
16  76  64.619790337868835
18  64  172.93126611469555
20  86  97.403188587845563
2  38  67.235479199181839
4  37  89.372641605136337
6  41  77.429833566755235
8  29  158.82696207547011
10  77  95.926763799296396
12  54  113.57780831963018
14  64  122.0060951397377
16  72  157.93199157856338
18  79  118.67401843041009
20  99  72.753013543274108
2  23  45.357154590378713
4  26  102.14789196366181
6  26  96.354387013148113
8  72  133.08138734040332
10  85  96.572107165206461
12  64  106.89175959983663
14  53  160.03279025172034
16  78  70.231758352584606
18  96  73.811424221202742
20  77  129.83321360646497
2  0  10.0
4  57  97.245522224254316
6  26  139.13206412810541
8  30  152.49856729748441
10  60  73.225645314527839
12  58  167.05488702600144
14  90  93.581194314314246
16  60  187.19253521124256
18  58  185.12629702653544
20  70  176.11325666959618
2  9  65.47928983504049
4  3  60.000000000000028
6  76  95.289085295357083
8  77  97.901742321374542
10  42  139.97709954373295
12  35  213.93918588582486
14  61  174.86163043775741
16  58  104.15082484281794
18  76  131.06901813632874
20  87  61.788378937826145
2  20  11.744994375763264
4  48  58.798917392892513
6  58  129.21753954178243
8  71  91.709991100980815
10  53  141.10271912361472
12  82  83.698930703439927
14  51  212.67238333323064
16  68  169.70446483778275
18  92  81.266118303450511
20  73  171.19682078519264
2  0  16.0
4  41  153.82909990156753
6  33  132.22466751428766
8  51  131.9376592963963
10  20  94.869276686392951
12  91  81.943143345324756
14  73  150.38644145029463
16  82  81.962216315555608
18  84  122.41405969975543
20  84  108.53715485989082
2  14  67.792710309479574
4  76  90.904781253039346
6  75  84.431982880260506
8  75  119.05404463991907
10  61  114.34035651422666
12  56  211.11699377283145
14  77  137.25113922270182
16  66  125.80919585131598
18  82  140.23041982774754
20  96  61.323248915591336
2  95  65.989385953552187
4  28  40.847207967628592
6  28  81.590154770968411
8  42  73.785381338313954
10  64  153.90777360913989
12  50  158.82195417470217
14  78  134.46114027928158
16  75  126.9878438185377
18  72  135.96201828322424
20  72  153.36291970786334
2  38  79.085865845585587
4  13  51.439615090670614
6  36  124.99442023062534
8  75  64.218533032253504
10  57  146.76267326539309
12  72  118.69172123017776
14  71  137.75089187188061
16  51  172.2591342856727
18  82  125.58174461635753
20  90  94.368852359109212
2  34  56.894023991588561
4  21  112.21689967349573
6  61  97.089856948073432
8  50  114.38044941271097
10  21  128.07979535726895
12  50  139.63069516904241
14  84  93.287442598046326
16  75  143.09274928305317
18  90  102.41008365423451
20  79  136.23798185730101
2  0  20.000000000000007
4  16  105.28041133566686
6  78  71.773075887108021
8  55  57.352998264858897
10  94  56.957792350409662
12  48  120.25138455976203
14  74  106.17321711199997
16  76  131.13351408513242
18  8  172.93153671473613
20  83  119.50436670954554
2  52  42.572927050595993
4  44  43.098161334716991
6  82  81.170292459689037
8  59  138.41847193857771
10  93  75.428898880412675
12  79  80.22821783860303
14  66  171.31946403527505
16  75  133.67761118949653
18  83  131.58911137742163
20  77  139.99949138295483
2  0  3.0
4  58  92.96895717091175
6  48  116.5701086269696
8  67  125.35987696710139
10  84  101.20208375283386
12  86  95.996622103192536
14  81  95.991648512928421
16  36  67.906903048757428
18  55  163.1241427174418
20  86  115.16753457143913
2  54  60.03877454390544
4  65  58.248879555670072
6  68  115.81344634849195
8  44  180.82962244780913
10  67  102.8595074660612
12  96  72.423491799525934
14  43  178.93404614571085
16  81  118.40397529858947
18  96  81.400534716502236
20  88  85.243613803759843
2  19  34.190379804552322
4  37  117.78606301052729
6  57  99.506723183185585
8  77  134.08048565138569
10  88  88.494638844430781
12  82  80.556882003481491
14  91  92.727936467522767
16  54  165.46755741101074
18  47  224.06281060554281
20  58  203.64673745872261
2  6  36.873902324553363
4  65  101.52303075835356
6  29  84.059022604203165
8  56  107.82861882644859
10  75  96.596200245235991
12  61  154.84975871082057
14  72  119.16480608131127
16  84  97.631387161274475
18  84  118.16930954223716
20  87  99.112381345624925
2  6  67.000000000000028
4  61  90.032308109266594
6  44  53.724169630771911
8  33  229.67206004586677
10  19  103.72696759351578
12  87  76.829134926540078
14  63  187.304644354884
16  35  199.01124578640321
18  65  130.69067654624877
20  68  156.02665804101622
2  0  0.0
4  62  51.381227235239294
6  59  129.8115305041934
8  57  88.730417883262746
10  67  84.239222296454287
12  89  73.23869767013494
14  62  172.45805906915899
16  50  188.67881882581185
18  79  134.43194326897483
20  69  133.59459941875602
2  0  19.999999999999996
4  40  50.941372422429076
6  24  116.08673345193131
8  54  95.35127504285046
10  91  68.277691835998894
12  54  176.69891416745949
14  79  98.067888752075802
16  56  234.85922937972822
18  86  96.295256546927575
20  58  190.21314842055344
2  2  24.999999999999993
4  16  39.398027206984153
6  61  85.487667325831595
8  65  105.52896089369413
10  76  97.433249183000029
12  79  85.217926818775382
14  69  189.21203109642207
16  61  182.0904884823257
18  70  138.45371101362764
20  85  112.68240972396541
2  2  35.999999999999979
4  46  73.123380560591016
6  28  105.64784198136837
8  73  109.00342213035785
10  67  160.5946836670438
12  55  161.30697164453315
14  68  86.125556810420463
16  72  157.89560753792617
18  74  133.72495730205475
20  72  159.6499532330977
2  0  3.0000000000000013
4  47  100.11781161984908
6  43  92.404294378715377
8  51  90.028743044295538
10  77  124.38739962197795
12  68  110.16487192321948
14  79  132.20417969319891
16  72  149.54287905241736
18  82  120.90770235443034
20  72  150.98650549087651
2  11  16.09069586763113
4  48  68.278260744120516
6  23  194.83344081263067
8  51  134.65170597052662
10  44  207.95261913350168
12  53  184.78430380885226
14  71  158.51681900750614
16  69  166.10076982538851
18  80  126.43662070744672
20  84  79.516219156279874
2  0  40.999999999999964
4  8  86.270309914119295
6  73  79.68176049343387
8  77  99.597137700921792
10  0  19.000000000000011
12  52  228.70730667682429
14  93  73.522693683352372
16  85  108.77631035864732
18  82  114.82321111443946
20  91  95.997074394181979
2  20  52.631726136518587
4  72  69.041539258859999
6  25  61.722854807895999
8  36  32.836324416869921
10  30  171.99060721509741
12  45  171.7463280982893
14  83  105.75202178624566
16  73  136.23564069468756
18  83  96.935810662421829
20  89  100.83130310248046
2  0  53.999999999999979
4  27  64.255386835248984
6  50  109.38091326394293
8  35  108.65779142172822
10  79  92.482170993636998
12  66  83.21686373595395
14  86  114.95367730035206
16  57  125.23314262406689
18  79  134.46227841098386
20  63  122.49078268578587
2  15  88.118785238479859
4  36  67.597606179862851
6  28  66.5316268590188
8  53  122.42630337719501
10  48  162.05159591270996
12  78  106.9805511541819
14  56  172.96527664542165
16  72  157.12027128716349
18  57  231.82272511041742
20  82  112.97549035511391
2  12  91.838084935470334
4  41  87.050840253412218
6  28  104.38961717063985
8  65  110.97194336165697
10  84  95.072901879618584
12  50  131.24490052381825
14  78  78.348026242798809
16  70  135.0177068708208
18  80  130.54567784635159
20  53  241.78942198325805
2  6  38.564014922590793
4  33  44.136759713224762
6  45  120.2314181391564
8  58  105.46749095301963
10  47  74.52747412118741
12  54  158.67670581496998
14  54  240.76784274845284
16  50  213.4827140693603
18  76  150.91919365865121
20  82  106.29161688993165
2  0  15.99999999999997
4  67  108.33162549988182
6  15  147.00000000000006
8  22  137.55419585531823
10  65  129.65626067370511
12  86  99.509934069285933
14  60  198.27327966023802
16  89  67.444314182863863
18  71  122.72389763982591
20  84  132.3916334182432
2  6  32.452809097332882
4  0  60.0
6  49  43.921633367529452
8  9  69.557467482173479
10  68  84.543169426642223
12  60  193.44476146498712
14  100  67.897910930381556
16  67  182.95117149438684
18  85  127.74795595100963
20  79  126.55293599611635
2  18  68.558339059052429
4  16  71.815105998132822
6  12  34.038756943168003
8  89  81.893305944242655
10  64  119.44812425596322
12  93  64.679657201719607
14  81  82.257392069398904
16  95  71.551880096819673
18  96  76.932012709053481
20  85  123.04782601933744
