2  34  80.38269138388867
4  86  78.470387768902597
6  45  79.321408493870351
8  33  81.463532586433004
10  82  86.208968370287764
12  49  128.00376967439979
14  97  68.994339526844698
16  63  100.58903892294545
18  90  103.5803707260179
20  72  160.7298892037505
2  19  55.762437991083246
4  86  75.211095838873064
6  20  70.879372871998427
8  76  118.71789420191982
10  91  83.928692114827555
12  56  132.25853653862441
14  60  118.38290233152912
16  76  168.87305517262627
18  82  119.56138048330835
20  74  110.62802386643122
2  9  36.15243440645515
4  25  82.039543206085284
6  20  92.614162452168301
8  86  117.06443846147516
10  69  99.019347657749435
12  47  159.39556745974252
14  83  113.17912650204724
16  52  209.70453695288234
18  82  69.863943766384878
20  84  112.89082410826299
2  12  69.173055461724388
4  87  77.495112430347817
6  56  123.79790113135444
8  81  60.107463866475996
10  52  126.64195115407198
12  70  135.70386208865747
14  63  138.81309678842874
16  75  174.48389411845508
18  75  141.34650527320935
20  72  188.46100819042826
2  0  2.9999999999999991
4  46  43.817457517206137
6  92  53.674504161733751
8  61  97.669630263054188
10  81  108.65569545736103
12  86  104.3965223820915
14  87  100.62184309579229
16  51  238.1825213394859
18  79  145.99541907699856
20  96  67.155256752661131
2  55  36.727848435898146
4  61  44.379476398114576
6  70  79.223927299848029
8  57  126.11199005596598
10  40  135.1854436649204
12  25  102.65123260348223
14  55  165.98123480447728
16  80  125.51793733323403
18  60  147.13788358260129
20  82  126.42112729675756
2  0  19.000000000000057
4  5  80.000000000000156
6  84  79.919633124502468
8  46  122.61208322921831
10  62  109.46808322508051
12  100  65.581924909198989
14  82  98.023893950183407
16  41  243.03328078919091
18  67  215.40453452128449
20  78  94.042227240310851
2  0  37.000000000000043
4  48  54.635352664317772
6  35  95.014570331509177
8  54  110.86366568325735
10  75  105.61978381280049
12  45  75.714100743112155
14  58  138.86908020948215
16  98  66.822785774946453
18  84  127.03075728860151
20  64  215.15609923998815
2  0  39.0
4  45  51.386803225695701
6  76  83.863142435053234
8  65  120.85737373379419
10  64  90.62669880452583
12  64  137.86787633960427
14  89  90.389561307205867
16  61  179.50322462043454
18  60  130.48263697353855
20  62  165.68718041773732
2  25  36.189921975666977
4  60  138.23504283224921
6  0  67.999999999999986
8  54  120.04986215892635
10  53  102.98305616278799
12  68  141.84773629768119
14  69  163.07303166450242
16  64  171.13243442587833
18  83  131.11637819330269
20  74  142.13209244220562
2  0  7.9999999999999831
4  26  58.805251842246975
6  53  104.71706144082718
8  49  130.26395593917701
10  63  110.43793391419223
12  57  144.99753866929024
14  46  103.09704835815918
16  88  87.630462398216011
18  64  114.00749556895217
20  59  178.98479989062625
2  11  22.999999999999993
4  35  63.031015817992063
6  49  95.105508186462927
8  61  98.96857153651905
10  73  93.704541345845499
12  49  203.34606586673704
14  77  115.23694327168056
16  93  83.617478296253125
18  77  132.39687713738797
20  84  133.69124177665552
2  18  70.712999523469762
4  17  85.56020681782951
6  63  83.025881892874665
8  65  109.69010857393022
10  76  75.899129280375718
12  67  121.28384560371779
14  80  58.081255094636532
16  80  131.64549379748732
18  84  124.77254399528198
20  92  86.582459665352658
2  15  40.146766279328475
4  34  141.22110756482095
6  53  85.258438316612043
8  39  135.87827386933438
10  70  111.02456249016549
12  35  194.19257470907311
14  56  140.69840080396619
16  91  80.125188416039691
18  57  229.66510585286562
20  95  66.31974342957102
2  18  76.938653989602642
4  24  46.205701084896297
6  83  112.7866493390917
8  60  131.68840608827247
10  65  145.25375830564639
12  74  134.81036808471427
14  49  181.21884448532742
16  67  157.3969011672342
18  64  143.08790718200081
20  80  120.20669895244268
2  46  92.576312591405227
4  41  63.239873295020828
6  49  92.520750900646277
8  76  89.887347157614201
10  54  100.96465362231415
12  66  107.45245832045035
14  70  140.68847692838335
16  49  171.3323693120926
18  77  105.40649578054644
20  86  105.67226051912546
2  0  71.0
4  93  84.424748581038401
6  46  83.502909451387509
8  54  82.252162094804859
10  65  50.753659050825604
12  83  92.592585246031064
14  88  131.46045633067783
16  94  85.159557289359569
18  92  111.11636264100039
20  69  168.04170257955133
2  33  70.74085713084186
4  13  97.559113821459547
6  40  76.961510130600956
8  86  86.606733982012102
10  83  118.1688452998787
12  66  112.45591963876726
14  68  150.51052531743619
16  76  139.12170119033533
18  75  128.67538839535874
20  51  231.76924340219239
2  11  121.96414800949729
4  13  98.76056591254904
6  81  100.92661613136582
8  29  137.0874852276657
10  24  171.62906332986859
12  70  120.55780290695307
14  81  137.41823505386057
16  83  106.18164072690611
18  71  155.75124558044487
20  64  160.18861398097695
2  0  12.000000000000004
4  70  79.456848922032989
6  56  132.65146534811575
8  61  76.547694386440398
10  51  173.44428916596004
12  50  178.7945035483805
14  93  70.301261216615345
16  89  101.54804789823905
18  74  156.6721997987207
20  71  203.76962582234489
2  0  66.000000000000043
4  30  89.31267831260439
6  69  84.22446059465085
8  41  122.80450228713752
10  68  93.459266584824348
12  72  89.261641389238164
14  55  152.52012526191947
16  76  106.64036353270397
18  90  90.805904523478361
20  97  81.135648217674841
2  18  37.707179477692364
4  19  38.971000478785776
6  87  81.39037381381479
8  68  131.12653689784798
10  42  265.5653400763606
12  100  61.427977268731532
14  47  195.70747137448035
16  73  144.38572612659894
18  57  204.60326546380355
20  69  133.61595610955536
2  10  48.19810449296304
4  70  73.646050227596746
6  60  103.93149924602892
8  83  79.603813023494212
10  70  92.822886375365556
12  39  220.13705117279861
14  93  74.493626171917057
16  68  162.07398795837341
18  95  67.635393707813932
20  67  140.30433617412703
2  30  32.788221507934445
4  77  66.728703177622975
6  77  101.69196568508958
8  61  135.22785102126323
10  82  90.243776987244075
12  47  168.39838471067932
14  45  188.77740405000003
16  65  161.99203636565414
18  93  84.790122623284205
20  70  95.196073311072183
2  12  39.71785988711936
4  46  60.23886413962763
6  40  125.81408504220047
8  34  133.49597506487731
10  67  153.39336939336636
12  73  67.61682343945715
14  100  80.998417844392719
16  76  156.34803720036425
18  95  77.041698020062654
20  71  159.12193635053276
2  9  43.584165819950314
4  22  89.243505885744128
6  54  108.08269799473476
8  73  72.672738709998058
10  75  104.97329755072944
12  56  188.24888393663079
14  58  183.17847006410162
16  83  128.48169428369488
18  74  140.60996646759872
20  57  204.32256728602582
2  58  59.647717773160998
4  27  49.094584180509322
6  14  131.00000000000003
8  31  82.896296451004588
10  78  73.907000236788718
12  83  93.916798317509048
14  82  94.214914722562881
16  76  141.67688540572331
18  81  126.09180043092735
20  62  156.92577724797806
2  3  10.698631586432697
4  4  81.390177746964383
6  40  23.067475628430977
8  71  77.068160616625875
10  75  39.359451690415355
12  27  75.737831700541832
14  78  116.69192414644708
16  98  55.934625528325682
18  92  103.83363089894124
20  81  112.31133143118227
2  0  11.000000000000012
4  10  56.170350258858818
6  25  91.102974216505018
8  53  132.85351055981508
10  45  170.52732864715108
12  66  161.30120956326235
14  67  158.39285448756465
16  83  103.12273730783238
18  85  112.41095201964943
20  85  92.025269842595605
2  14  50.673010658480074
4  13  75.327427693996654
6  61  110.53035566686764
8  24  156.73883907239912
10  61  135.02978377312834
12  79  121.48358896512005
14  70  135.98624261677028
16  94  73.22693219385765
18  54  192.19013112440604
20  83  117.12277919833173
2  33  30.994957303431953
4  27  55.293893880219294
6  52  161.49798940862192
8  51  134.30141466418274
10  67  109.50182915541062
12  91  68.380426869451128
14  82  100.67264382757627
16  78  123.55287112759491
18  93  102.21373286892488
20  99  73.834029414507313
2  0  88.999999999999986
4  35  67.595677819624456
6  0  0.0
8  72  112.17384522267535
10  63  80.972482895050902
12  75  54.940062695419499
14  87  104.33545647621082
16  83  130.97329824763133
18  72  133.69414777115409
20  82  156.32196024422473
2  15  22.747346577194318
4  66  105.75913339826509
6  74  104.46075727494478
8  74  118.68326422611455
10  78  106.93705121037193
12  51  114.39902291850024
14  52  178.99347982982542
16  75  133.31272393892331
18  60  178.17949770919654
20  85  105.70868344496796
2  10  33.999999999999986
4  31  86.012340104728764
6  53  53.514059208164248
8  86  87.303133882050332
10  89  83.224717884544489
12  62  144.58140621268524
14  50  166.03402734522919
16  91  87.000146695228153
18  87  100.17364929475009
20  79  137.65869880964723
2  10  16.901790476142079
4  34  84.178951360000454
6  41  127.62290545766875
8  86  81.544529548819071
10  85  92.131731437441019
12  39  114.85409909940178
14  40  207.59510622451359
16  90  75.548406405883512
18  97  63.311747269797607
20  83  130.35910128945895
2  61  74.406399948015931
4  64  98.870377570490419
6  33  40.565993508684521
8  62  80.963416097927933
10  42  176.1078169199663
12  85  84.559000476467261
14  79  123.44538271530917
16  49  208.58168695932119
18  65  122.58285943141647
20  82  154.17743100743701
2  21  60.373573309818944
4  63  111.76268767177748
6  41  74.073637802815426
8  42  72.588487325160955
10  52  136.22170977984899
12  36  79.106173579409386
14  55  90.156165928367827
16  80  113.92487752186381
18  65  168.67691080733178
20  72  162.89926177038615
2  0  15.000000000000002
4  8  31.000000000000021
6  16  90.999999999999986
8  49  145.30200971908172
10  52  151.94072467435237
12  88  97.952977002698788
14  96  81.803372857433899
16  50  224.44398228850588
18  84  100.56447477224755
20  82  112.79430915319874
2  32  70.325890822949845
4  40  54.8382385156373
6  65  101.32412269261867
8  75  130.34760383099228
10  56  218.35793036606626
12  69  95.186523390674566
14  52  201.28150797522633
16  48  209.05925806118822
18  68  208.97441348180672
20  63  189.01757364431825
2  25  51.572107047413205
4  55  84.595496739553752
6  23  138.99999999999991
8  42  147.83166040608364
10  53  83.505513929269199
12  73  64.2487972398404
14  60  205.61696828104971
16  80  113.0821822452274
18  67  158.59132352275182
20  80  100.8690898030322
2  0  12.999999999999991
4  62  89.23984019826095
6  61  88.934450683713095
8  45  144.58044279697523
10  79  111.51712421933439
12  52  107.02660879135112
14  83  139.40467475635111
16  80  138.86551405172696
18  96  77.516519198187694
20  78  163.68882093848669
2  20  26.796752486865447
4  48  94.973208517907565
6  57  97.44957479521652
8  82  104.11077815141174
10  63  135.79310253523275
12  62  120.04484398264304
14  67  161.8311184077331
16  99  81.858297458826385
18  49  137.58994170280991
20  98  68.36827741375312
2  11  7.5656773733556566
4  33  131.37529047290118
6  28  45.600838849501713
8  34  152.15405136002602
10  89  93.566592888310979
12  80  111.27538258699268
14  52  105.31443530574279
16  59  169.20492285949248
18  80  109.66496061707505
20  77  161.86537978930511
2  13  28.760957379859452
4  67  71.846515329959217
6  74  84.017194730622961
8  68  93.115651581040353
10  68  179.7812544064985
12  92  95.521266132348217
14  61  206.87437175772666
16  85  94.938837454308981
18  67  190.09825920564364
20  67  168.1346363079742
2  15  70.867069767283496
4  26  62.109625579176971
6  43  105.16126931820702
8  99  64.730621161139041
10  82  96.495716692415272
12  92  90.123836504170271
14  66  182.69903347540131
16  79  134.41533301952842
18  57  210.65998701114006
20  43  260.15098536171081
2  24  55.92448572935367
4  39  67.446950879856416
6  94  76.868590535996375
8  52  86.411589873369365
10  68  146.78185537682481
12  59  210.09237734433466
14  92  60.208731871456401
16  85  123.33094276195192
18  81  122.29438810138433
20  96  65.465926245363065
2  64  58.079534674078893
4  14  30.095010226642962
6  10  114.90564076913805
8  42  126.33406925794188
10  69  118.17947969834239
12  81  112.19301034833694
14  85  108.47847822622066
16  88  97.989277976801048
18  59  219.2649983961926
20  86  120.15641039133166
2  13  60.337474260555823
4  46  95.59389513875773
6  73  112.18290059477971
8  35  108.3393729376487
10  89  87.928106472417312
12  82  90.79993121213721
14  85  65.499652154143874
16  71  153.38312983200251
18  75  95.163918450508717
20  83  103.5896227215278
2  0  20.999999999999989
4  72  86.660632922581541
6  50  78.653500718009425
8  53  108.4156820962471
10  70  141.47337198610182
12  89  93.862486007022298
14  57  188.69497028151008
16  49  228.28357977362043
18  55  123.61826504126371
20  92  76.263953876154503
2  47  41.82924287474146
4  18  76.266508438548996
6  34  114.88734775841235
8  76  108.88578862971008
10  65  139.61864876719744
12  48  44.671387917141175
14  65  165.36351962895176
16  72  132.93944611258712
18  83  119.06790171947078
20  60  198.13917244159811
2  23  51.983233163414702
4  17  40.762563944406651
6  72  96.115933636397216
8  55  122.27738369446261
10  42  213.36207857431893
12  56  129.32351994292569
14  61  124.73986391007931
16  76  120.05591909842133
18  90  117.195665972054
20  59  176.58218435862176
2  17  23.15087149269047
4  15  83.244105612878059
6  55  66.447223960435466
8  59  123.43385072791534
10  75  102.01377684722291
12  98  89.066645902187048
14  78  136.70438660685164
16  98  82.758948967142274
18  46  102.60154633363673
20  72  153.1401837387964
2  0  26.999999999999961
4  63  135.05913554992708
6  61  100.31224909017948
8  82  94.204477558327056
10  70  134.17653916256427
12  91  64.022097609609972
14  98  69.88809936104245
16  75  164.65904685772699
18  70  158.17773750827675
20  67  156.34919209286335
2  36  43.087751038468703
4  0  52.999999999999993
6  0  138.99999999999997
8  52  162.47573960116412
10  56  95.298070655367127
12  68  122.45182344243049
14  48  164.19087830928208
16  62  157.39445297412718
18  60  199.20157099270895
20  84  104.14905975076363
2  3  26.999999999999982
4  20  113.84962161734542
6  30  43.917614052903922
8  54  89.847589065394757
10  68  82.32073871474806
12  20  139.81825857039266
14  64  159.69269647522424
16  79  120.42931143109148
18  68  168.07041026459282
20  72  123.26365939212644
2  23  50.523958143175363
4  34  93.253818573911815
6  54  64.918650957402093
8  43  83.742249109585131
10  79  108.95119776811251
12  87  101.52089509648685
14  57  130.5340945214277
16  57  168.53183955752746
18  57  200.55444487442938
20  93  82.080339199783893
2  0  43.99999999999995
4  6  25.138369585445968
6  44  117.45008165908567
8  71  75.404164403063575
10  57  125.39222074479655
12  45  88.321475512458264
14  96  81.44838124779379
16  74  128.17322451345419
18  81  130.35588482585266
20  70  135.74621943116639
2  15  65.677174489911124
4  60  67.420368138252925
6  23  149.09474507484668
8  85  97.334258154292101
10  80  92.483859511083764
12  82  111.57186001436638
14  54  205.22968654680466
16  48  79.888432614151924
18  82  112.91815458624173
20  87  101.96499157801199
2  15  44.817436965298903
4  30  65.135887785249452
6  24  30.055169686207421
8  63  79.445887256083495
10  85  73.042903334532753
12  56  152.57871597345624
14  56  157.3004078959332
16  98  53.226462023514408
18  72  182.94070679538518
20  88  102.78416350301501
2  0  77.000000000000028
4  5  79.000000000000014
6  67  91.267349947911256
8  74  95.359864958558731
10  39  193.42775854713915
12  69  149.01364789421584
14  85  109.76058059282578
16  67  155.8140168529626
18  100  59.598352018749139
20  93  75.564580106503016
2  46  57.334946643168536
4  29  113.22010606261594
6  47  138.78116437840598
8  97  62.818884700356541
10  51  114.67684072090523
12  87  89.459174513970396
14  46  198.2414992651986
16  68  163.59374880337111
18  69  133.75721887570998
20  87  128.81876955335491
2  11  32.693159592275684
4  60  71.475254074984477
6  33  112.13613821875983
8  51  145.74026354752954
10  40  122.73437413168411
12  68  150.60529340451532
14  88  117.10538720847414
16  65  168.48662155018317
18  79  155.48349932536928
20  95  78.971525979750012
2  56  90.072770937081302
4  60  77.353012430764636
6  43  109.09879098052987
8  76  118.91851290559757
10  48  164.66072314192897
12  25  195.55543623074374
14  44  148.93209905309314
16  98  72.970267731723851
18  72  129.36312651474904
20  84  122.86400887144482
2  9  26.574239896365466
4  49  87.2501972330885
6  47  122.82816023022275
8  48  124.05984853392857
10  76  111.7312571827337
12  29  107.34134745271753
14  68  160.59038361363352
16  72  111.74286806777931
18  81  134.87334062061242
20  58  171.06378493203823
2  24  31.435984255829357
4  17  37.428376728447759
6  26  62.964100611750588
8  77  88.366971906620932
10  54  131.17348021729333
12  66  142.94534086352562
14  88  93.304299904132705
16  97  63.05912802313879
18  83  111.54615299937102
20  64  188.94739584955269
2  0  57.000000000000007
4  63  55.270071260569424
6  42  61.383980874508005
8  84  90.562705386820568
10  40  93.592820486938578
12  32  75.307123822127167
14  77  94.816240134697509
16  96  75.344942158628811
18  68  152.64316889844713
20  68  204.59351671387233
2  19  34.056860190772802
4  35  121.86962670039688
6  16  84.661447103761731
8  36  138.41878264240933
10  29  201.26360031916681
12  61  158.40663752281168
14  95  90.994923979610576
16  74  135.53068298607809
18  95  73.670697997718079
20  76  143.9019697432673
2  10  66.67526269419065
4  52  85.737578652561083
6  8  137.00000000000011
8  25  117.74252249625667
10  14  93.045685770133204
12  35  182.54434866064719
14  74  145.26622009570562
16  79  156.70187102037036
18  83  110.67722479390007
20  75  131.48087210867715
2  7  44.936185871481989
4  42  108.31873670977015
6  12  102.60910939677699
8  69  94.4621286431627
10  86  82.778813611781743
12  58  153.04689308605583
14  93  81.789929115508457
16  88  74.240157774231619
18  89  89.618273544032405
20  85  117.72764349705952
2  54  30.266531088614659
4  14  43.999999999999979
6  36  119.89478694869578
8  52  75.569965828572904
10  93  73.237787498233033
12  100  67.923163220853027
14  64  174.57010817325877
16  76  133.08885311876696
18  69  126.50440878951675
20  91  105.7267690702633
2  0  50.000000000000021
4  52  81.61317388980882
6  26  103.05434759699698
8  19  112.03818697353496
10  52  115.90985770022094
12  74  142.34283338892882
14  63  180.1770771355508
16  89  99.47473869980432
18  78  142.80958329325466
20  64  163.18738902477824
2  0  26.000000000000018
4  3  60.180953988098054
6  44  94.594195305159076
8  96  85.391824032336174
10  70  129.93797745496104
12  77  122.79447669227021
14  98  77.626747192655742
16  69  175.72662569797851
18  79  144.84430118391097
20  68  136.9120498509065
2  0  8.9999999999999645
4  43  75.909268770653853
6  69  49.351352151957819
8  50  93.049740827650595
10  21  86.40534776298658
12  34  203.6680024479933
14  55  145.4179590867563
16  78  116.97628873455825
18  55  208.89197736948631
20  63  180.04427493335743
2  0  0.0
4  25  107.76854912134306
6  54  172.79782395985711
8  10  77.678731956049177
10  70  152.13628223192347
12  59  165.62608200832977
14  76  140.66672959633908
16  66  182.61021017095408
18  73  128.82154730688896
20  100  60.972016204180775
2  49  70.986104025402454
4  22  136.25313619307013
6  70  75.423767020532594
8  51  154.54742246434105
10  72  139.72524022397189
12  92  77.497895996288108
14  80  97.742007044165916
16  64  191.77189410291501
18  78  133.51136606168018
20  90  79.094537952683922
2  48  64.125381037016368
4  47  51.034282529798965
6  17  85.720351721865086
8  40  86.234902681832267
10  76  98.898383530013575
12  51  171.10686729283267
14  68  130.76747662946175
16  67  166.86214477391738
18  83  125.99602397589189
20  50  249.77583059061732
2  3  93.000000000000043
4  76  74.578720430748689
6  54  68.462047583458684
8  88  86.950267610898209
10  81  108.93948092139284
12  55  138.10726856882172
14  95  70.910827498680831
16  64  174.08240273709427
18  49  249.41850304144918
20  76  116.6893777124662
2  0  20.000000000000028
4  44  83.518816771651615
6  32  74.208016099616358
8  46  87.485567433302506
10  31  187.33342159231805
12  51  154.83735657239112
14  59  180.83286390548307
16  79  125.92782865323201
18  91  80.470497282030095
20  85  107.60306367792917
2  44  64.418609485206915
4  51  29.955343304366203
6  45  106.82625604058269
8  51  150.3486582778051
10  49  96.485200401307949
12  81  119.19155980282494
14  57  115.92160259954998
16  73  138.08082598958796
18  98  74.613369382714254
20  84  133.11773904026501
2  18  96.661683835845736
4  13  44.22344685361584
6  42  69.154078854389411
8  48  115.54903826496366
10  83  105.06275459596584
12  59  182.87652876280092
14  78  103.69628582341363
16  55  215.27794844766976
18  85  99.822323619010419
20  60  170.7281112500805
2  41  56.998372000382801
4  38  43.065608825787265
6  57  94.367770292236614
8  37  155.70913010014658
10  50  147.05412278791528
12  80  107.40063662339088
14  65  124.17671184548053
16  90  80.436092015613895
18  77  126.37200375746255
20  74  110.51792666938486
2  0  13.999999999999959
4  40  76.218732471233153
6  48  135.84427192962082
8  83  86.407245907241574
10  65  114.69091202055456
12  66  142.94800041330734
14  61  177.87164304159873
16  89  99.646981742113923
18  94  90.466053055704762
20  40  261.30103660360004
2  3  30.999999999999989
4  35  95.917248347099246
6  50  96.963720500187065
8  24  148.42908954404808
10  81  63.315143350535891
12  74  157.1970084355828
14  78  111.83174995863517
16  80  132.49840982078473
18  85  99.792384679575093
20  53  127.80525115048866
2  35  80.833693386505473
4  40  51.068045623114962
6  66  53.817030375107294
8  67  70.271096028910421
10  71  117.43008551358616
12  72  125.9355589061324
14  49  256.81537882212132
16  68  171.11221706855594
18  95  76.33872299998761
20  77  134.32226683895075
2  53  75.598647448852489
4  51  78.700077191684173
6  35  89.194484893252366
8  38  96.691939867457776
10  42  148.93149435087349
12  53  119.06977858290128
14  79  92.339079025793424
16  39  187.03958927059088
18  69  134.94517774924296
20  100  81.747141210853016
2  52  53.878780516964426
4  56  113.23407465434312
6  24  155.75637779236794
8  52  142.29647983820857
10  90  99.56173812374351
12  81  127.72376759676615
14  77  119.14740799336622
16  90  103.36837658268452
18  74  155.71991782974288
20  87  99.843215836326749
2  0  23.99999999999994
4  26  69.824878206420635
6  18  84.636208629721381
8  57  158.52512217349957
10  66  149.74685476192957
12  46  136.50219733793699
14  69  119.5165223072653
16  70  105.72077932262287
18  83  120.8395324575314
20  58  186.78908486448316
2  0  0.0
4  65  65.210044679749529
6  54  63.496664969354491
8  81  87.837709925657279
10  57  92.850844389319178
12  71  140.99909954332534
14  88  108.88601033702548
16  52  141.06435006694446
18  65  191.88951164640937
20  97  63.553446246324491
2  6  46.589512185921983
4  22  115.42455717683755
6  75  67.761984834914287
8  98  39.260150145098251
10  75  105.64467372538616
12  77  126.21059814213619
14  60  122.59878664564337
16  76  105.44352939694654
18  81  135.16110530292326
20  78  115.09384144771133
2  0  0.0
4  48  90.156758757930049
6  47  148.0627480788344
8  82  76.071995464727848
10  58  121.39129749304503
12  71  76.562462753321228
14  42  180.77775152744672
16  99  75.292837753743299
18  44  206.16450624727278
20  91  96.416277724446189
2  40  51.525217145256896
4  92  56.186117454321362
6  72  92.668485143923917
8  88  86.414794329901696
10  70  94.875353010074775
12  94  77.009732886563526
14  60  145.85049519676019
16  77  142.04810704914431
18  47  85.162279891678139
20  67  164.81880195194043
2  21  77.981256648729754
4  60  74.350355310662053
6  56  83.831934677497827
8  76  91.462680101947726
10  40  131.35307860840587
12  91  73.864331563029864
14  93  76.876803457172912
16  95  75.776551761074856
18  81  128.32228597059105
20  87  89.771554197798068
2  23  53.572062575867321
4  33  73.223595831263268
6  55  99.91898353879327
8  20  132.01360400465137
10  80  83.697602426107451
12  56  186.90794977410718
14  81  135.05233462486561
16  77  138.88290125154234
18  61  175.04832161533434
20  98  63.725432747009862
2  19  43.687110685947104
4  61  58.902279405390203
6  9  46.999999999999915
8  40  120.43214321061886
10  60  136.32569935311221
12  64  206.68807757213949
14  66  108.84350393801974
16  83  142.35899465961396
18  100  55.405480779742739
20  80  162.57164635199246
2  0  0.0
4  13  108.41970860477099
6  53  135.43761636061021
8  53  95.942834906088493
10  36  161.54388292014303
12  62  147.02630007426802
14  55  207.72370719281869
16  85  123.59376875852662
18  90  89.75924138133324
20  81  131.96689485002207
2  42  32.992563864914253
4  29  50.171701339349333
6  43  63.3289912542621
8  50  113.12324450806265
10  55  76.864903768398605
12  43  126.03748334615956
14  63  133.41923811792063
16  54  233.70262751094634
18  73  178.48959190413174
20  45  177.22377385190666
2  0  26.999999999999986
4  47  80.87259856173813
6  55  143.40095348944357
8  36  99.960573165621156
10  37  167.8822296195394
12  88  84.86752375469851
14  59  82.980533788396272
16  82  128.02991390125817
18  89  87.164329707773746
20  79  129.50088586983108
2  41  65.13444606847645
4  41  153.25015435571027
6  85  85.702677042802009
8  78  66.597451867421242
10  66  58.850931501552992
12  33  83.603099051922925
14  90  75.67303006180056
16  65  103.73292380224402
18  49  231.01199499709702
20  58  196.74843317648143
2  0  14.999999999999961
4  12  68.999999999999986
6  99  58.538459710537509
8  90  85.392026395309401
10  47  159.23482741289138
12  50  182.29871599290021
14  62  152.52039946288807
16  72  121.78189459994704
18  47  211.4310387280257
20  96  84.797361422401906
2  0  0.99999999999999944
4  36  90.327055419940876
6  54  155.73922947311095
8  59  157.56455865735842
10  58  165.61029048686262
12  38  79.40990744007334
14  71  154.094660740048
16  58  163.56320653588133
18  90  97.749159904892508
20  88  62.120106263439361
