2  65  82.436117237324112
4  47  80.675065353246239
6  49  138.0557722809007
8  50  396.28552383612936
10  70  525.4660813383108
12  38  530.81601564295408
14  76  803.7487870493369
16  90  830.82729901656671
18  100  728.91826217235962
20  83  608.88743555682004
2  43  158.60724003619293
4  37  245.55232618359841
6  60  274.1962032157021
8  86  594.29813021607765
10  47  475.88528611288291
12  64  680.27678143492244
14  76  714.20801918609538
16  91  723.40246223797499
18  79  740.76771554825962
20  96  760.26760688588763
