2  41  93.10491924725676
4  41  81.439268990974071
6  16  79.2096128527524
8  49  99.889565320235818
10  93  85.741851881081601
12  45  101.40471080621269
14  74  122.87554599924162
16  76  153.69543966585439
18  76  123.96271439561212
20  35  184.20367375338355
2  0  0.0
4  48  69.482874955168697
6  32  154.1271466230148
8  54  75.81626163270812
10  77  113.62348479675654
12  73  123.18300202344147
14  94  76.123918754755323
16  79  146.20402824557516
18  80  126.20148484495778
20  89  100.09195425715079
2  90  74.398868528368709
4  9  52.0
6  83  77.157325757163036
8  58  135.79588790432746
10  55  146.49312189398321
12  90  81.277977875352974
14  69  137.44292387117338
16  75  162.64375775723406
18  79  126.37367992306805
20  81  111.79870879566872
2  77  91.28958899331144
4  94  73.278835627775507
6  41  97.44773681563494
8  62  150.80339139782538
10  83  108.62267449121815
12  90  75.441401735862883
14  94  76.434380696574507
16  89  79.160925361456236
18  38  276.35026455980181
20  40  248.82497348675489
2  7  79.764661459958404
4  24  98.294639951486332
6  29  113.36361433465697
8  17  116.44458981656756
10  68  133.02861114145043
12  79  116.36252366699199
14  45  227.5887816769123
16  67  178.05707392385978
18  73  147.48159011913137
20  89  91.517345063872099
2  81  44.023403150927308
4  37  122.21636724058618
6  47  100.20681733636438
8  74  83.035489258431582
10  61  89.859932633029459
12  64  172.23085348291778
14  79  108.76826936413758
16  70  170.58735064279367
18  79  136.08659878814177
20  96  77.549046061839533
2  33  45.176706995093689
4  72  113.76027493105721
6  39  74.040222598242948
8  86  108.38754040027932
10  72  132.38286935178499
12  81  130.27898899088666
14  93  72.63801284671095
16  40  221.04018191478994
18  59  139.43512012873472
20  76  120.88740356069798
2  8  49.902680021052568
4  39  86.415898826606465
6  65  67.109558718592737
8  71  81.99597725804621
10  97  85.119743122579919
12  64  141.46311029119238
14  57  154.82999965099205
16  45  195.81133048849213
18  88  97.405027328811641
20  83  117.87407454956299
2  26  51.38058683260121
4  38  97.028621080675649
6  27  31.933921206878814
8  63  128.37593850960738
10  52  59.512834715831268
12  78  146.80008259953163
14  79  125.33338943190624
16  82  133.21957207105987
18  68  174.53577719958102
20  83  140.61852128123746
2  63  87.681586590635106
4  43  127.14751677034494
6  77  74.932330740503104
8  69  74.56043396015599
10  92  63.158530755404328
12  75  73.809440547819577
14  82  123.17668360031672
16  90  78.206269330250208
18  77  136.28581656889509
20  86  81.496510443530539
2  0  8.9999999999999964
4  6  28.869309846666837
6  89  73.337728776995803
8  60  82.882903897423034
10  54  124.90040782650655
12  75  52.793047477873969
14  61  160.61312645620782
16  62  198.05899245459463
18  74  147.71139746151545
20  98  56.452366693174888
2  0  1.9999999999999993
4  10  89.390255032926689
6  47  71.4101189102512
8  36  94.046056862683244
10  50  184.66997810618201
12  55  208.29882611976043
14  52  213.8818589723723
16  78  137.25395163281536
18  82  107.13015304755341
20  85  101.40785499197085
2  47  64.352276775426574
4  15  106.10749769616437
6  51  113.13483540051917
8  61  91.85725256887055
10  46  161.4403206206712
12  80  107.01646693393074
14  72  144.38642279226045
16  55  218.98024349659687
18  97  70.488710420917215
20  80  92.759539154329929
2  0  53.999999999999979
4  26  74.512550259112828
6  46  81.842348182839714
8  50  53.039680738012521
10  63  154.3094275092254
12  86  100.52188615480223
14  93  93.706503504699995
16  100  66.521267668871801
18  91  106.70537628121311
20  77  161.4600618560558
2  0  25.999999999999979
4  52  59.663480868067879
6  72  106.25656858666038
8  71  127.55864870792962
10  62  129.77191903942702
12  79  108.58116527770576
14  63  169.17339768014386
16  73  140.47479229891866
18  68  135.89635151534975
20  59  186.75474180413531
2  0  14.999999999999996
4  22  87.356332276083094
6  10  81.776777544269976
8  50  92.792017815262398
10  78  86.080663145043658
12  70  102.84287584544572
14  97  65.895556435417419
16  84  113.57548460161371
18  71  143.5463222950369
20  87  118.21721972293139
2  30  46.902091721817172
4  29  156.20026017586136
6  40  115.39065850304563
8  55  162.99954087550242
10  66  100.90901051167388
12  76  135.73890577471795
14  74  98.961214740912808
16  76  119.73813655514752
18  65  165.89868284055024
20  86  108.28050524447642
2  0  41.000000000000007
4  27  59.378708187837034
6  27  48.489499061883613
8  100  59.976250687405845
10  56  160.75349747712974
12  66  115.57777110269411
14  57  111.05739447339893
16  72  162.42940386561386
18  72  142.53927684510515
20  78  140.81293928412489
2  9  67.000000000000043
4  16  27.874176033464423
6  45  95.439791901709327
8  64  73.583567875585047
10  39  132.5932817640236
12  94  76.497396879333721
14  61  88.664761010503625
16  70  124.35112709708848
18  88  118.1759716973263
20  72  173.88770749472158
2  37  41.225405452118338
4  47  51.635376566238378
6  27  88.122155735644398
8  86  103.17778807562996
10  74  85.666668455041332
12  53  142.05937439464833
14  66  199.37973195879471
16  76  126.47155098730808
18  92  84.704877270175388
20  76  144.03010847740481
2  36  43.957637157066713
4  15  58.595385096144376
6  51  68.189630467613085
8  46  153.59997212061987
10  44  118.06833245333999
12  76  118.02610867599354
14  78  127.50251454241395
16  84  87.030087104047553
18  62  139.85797725792682
20  69  149.66138563926481
2  28  25.116337089262565
4  35  149.57732434632007
6  69  88.48712891647196
8  62  162.64609371164644
10  68  150.37153612514038
12  62  157.35687694514812
14  79  128.96929491365566
16  51  213.55124776566745
18  91  100.20969478284371
20  72  145.99086722701475
2  43  22.451562474633896
4  57  114.38153726062275
6  46  82.668584882357507
8  31  212.61442271412147
10  69  154.96668859932024
12  66  96.256545380206973
14  50  140.34630163508939
16  84  79.339636519783681
18  55  208.70631574026427
20  83  138.57757312151568
2  3  90.000000000000014
4  45  85.209833101635795
6  27  87.022958488999976
8  52  118.56465358363401
10  45  195.78952458966862
12  58  153.13912059724456
14  94  67.812174425271166
16  98  83.602596895774298
18  70  145.61706550394496
20  86  105.82617128666412
2  22  71.896145660458004
4  32  79.382588212161437
6  66  100.55955281014592
8  65  120.54736588865258
10  47  103.47254344258386
12  60  150.28454169905982
14  94  62.617879848520673
16  74  169.57668093799663
18  84  116.47584955610765
20  73  131.08988486730988
2  0  1.9999999999999984
4  12  89.041785558807049
6  60  83.441541910829045
8  15  130.18433691054079
10  84  119.4872717120865
12  55  168.51598674553568
14  54  164.39228981531727
16  89  83.486219481199186
18  74  154.54226523874806
20  70  190.59874186937344
2  62  68.379063234244114
4  6  59.201408897050349
6  60  106.29834132414578
8  58  118.2009208163919
10  68  117.54758514267121
12  39  168.58768178285192
14  97  74.521932691423672
16  30  307.3349497669256
18  68  93.171086917133749
20  80  134.00173044503754
2  47  26.669589398369197
4  16  100.56238374789922
6  44  137.15265562699872
8  82  77.441187995727603
10  48  99.739557010731588
12  72  145.2073522255269
14  49  235.749565477023
16  95  86.397307151571923
18  68  125.94599466313063
20  81  111.56442396470788
2  18  37.169251915244395
4  16  69.847586463852565
6  34  72.756451609853755
8  19  88.012031486996818
10  41  106.79788901481788
12  66  112.87571871690747
14  76  101.81240665826138
16  76  153.08775683288516
18  100  67.341883435764288
20  73  160.00794501772009
2  14  85.284344503376957
4  0  58.000000000000007
6  9  134.89635201792612
8  72  100.24716574119834
10  55  146.61139111261204
12  84  99.636511172040557
14  53  166.76976182484631
16  68  148.44912821438669
18  69  140.28145472775668
20  61  164.52586216981408
2  30  104.66230896226509
4  84  81.532211862222965
6  5  96.584871189624025
8  37  47.153434503536886
10  45  134.28747038671042
12  43  193.45770415287362
14  93  84.502942583564064
16  74  146.43007909268727
18  74  133.5761617161985
20  77  103.05269798555156
2  10  25.016332762495772
4  76  77.707522370904343
6  76  90.814096461212941
8  30  161.71926393779776
10  72  136.11365476547087
12  65  127.09885519001324
14  93  81.565168702511926
16  83  132.95289099120035
18  85  102.21798441828402
20  78  149.82319179492242
2  0  23.999999999999996
4  51  94.171802129025806
6  31  137.53104872943652
8  51  160.32009783749842
10  91  58.750130191931262
12  76  87.300884063187908
14  62  149.39630713410327
16  65  191.42299213591076
18  73  163.66536948064726
20  87  102.97311031175207
2  39  58.002049092580464
4  60  83.458326249940654
6  30  92.985258148219884
8  69  113.40395293419849
10  46  92.943467100237612
12  69  153.33199106127552
14  80  136.45649592280446
16  91  74.183971616654389
18  89  99.506534761180916
20  83  99.748853998847451
2  0  5.0000000000000053
4  37  83.462267856541217
6  31  98.52749001471166
8  48  78.794812740870043
10  65  134.13636108746701
12  80  97.098550252422498
14  66  99.449995202624621
16  58  148.26383390962181
18  85  82.741144244527277
20  58  215.17857765197093
2  24  56.500957176409898
4  49  95.498938345076823
6  52  119.88776496738978
8  77  95.399286886613325
10  69  149.19005927175724
12  48  105.83065652586579
14  100  76.33704339148656
16  65  146.61754536753875
18  66  180.33265484587201
20  100  71.773471249742443
2  55  65.472225086534451
4  24  103.15522618417887
6  52  123.49220820008989
8  62  84.656419853336459
10  98  60.72514539022
12  83  118.08191783747345
14  74  149.86255433017215
16  72  95.406153897145671
18  75  156.08797546375729
20  75  155.44543302401641
2  16  43.470053198362095
4  35  56.880600866793053
6  4  89.19835771603141
8  60  105.15539042475346
10  93  82.012191851595205
12  77  121.07174344184692
14  55  136.2646478236824
16  85  111.43056177707059
18  82  97.822949909501162
20  78  112.13131460123643
2  17  97.000000000000014
4  69  86.648995889170891
6  77  81.726437097647405
8  59  133.48967571723509
10  63  146.20927493964626
12  28  172.18284068969987
14  63  139.96655745961144
16  78  113.83886372125636
18  75  155.94527722677762
20  66  176.04807422304953
2  22  58.702337321512466
4  10  49.000000000000036
6  54  90.882850676000871
8  33  174.52656989982117
10  56  133.42265412268821
12  52  156.98817031960263
14  58  140.90749145464591
16  92  81.881071549862853
18  71  143.28398177497877
20  81  125.26881014607198
2  28  80.547143940434907
4  13  54.999999999999986
6  87  69.617899501689621
8  36  71.063894826011378
10  45  128.23461714454521
12  84  99.934486785772478
14  84  104.35025227058907
16  85  107.26578948958685
18  77  130.9669797950306
20  75  136.13613546558901
2  38  25.42584391582637
4  53  102.69574467221162
6  55  140.2294191703574
8  48  115.77988011029986
10  66  100.10380485509708
12  76  147.32853925148439
14  80  85.473499812958693
16  70  72.346385895364392
18  80  101.15354818661471
20  85  114.42444795715976
2  0  0.0
4  73  73.08783283894897
6  55  147.95634147412287
8  27  98.260236323859644
10  68  149.63725105703818
12  82  52.187977278016589
14  61  167.50556371256638
16  86  96.380783579206764
18  53  217.99451626261063
20  72  179.99020169394723
2  61  69.200117937370564
4  24  105.62725060891967
6  61  121.12845704148359
8  43  129.45418028165074
10  79  105.64544420611441
12  82  86.886605025278556
14  52  206.4646102904434
16  85  99.754366747431007
18  74  116.82008135555193
20  72  132.53095092061909
2  0  42.999999999999972
4  15  49.862883724564817
6  49  120.0187583691246
8  44  168.85109119931332
10  58  115.16267637015343
12  58  186.08603591539745
14  80  114.60637768460313
16  65  186.05522835864846
18  65  186.46774919572428
20  85  106.11082819431236
2  6  67.990802843560459
4  20  56.024165759132707
6  96  82.315468726888142
8  39  114.00587125574185
10  57  152.6578531716832
12  85  90.27313792140761
14  46  156.88969284207423
16  62  112.29597191434739
18  65  221.58569701723721
20  72  99.695808211420498
2  71  46.490378628908836
4  65  65.966446162419473
6  54  105.38438673239008
8  75  108.60694513278746
10  60  111.79315523402452
12  80  125.35821920248344
14  87  90.381741526493286
16  71  150.01045866466575
18  73  116.44049250722736
20  83  136.50397889331151
2  0  42.999999999999986
4  7  42.398791700711769
6  100  63.229832140522255
8  41  151.17980581796229
10  36  153.08564883145391
12  87  61.174708696147597
14  81  113.39088186721781
16  96  64.538284646247305
18  86  138.31086767466829
20  70  165.21674971643463
2  0  0.0
4  44  95.584179099438828
6  40  44.386053571088887
8  32  173.65740594050192
10  83  118.55070623517777
12  65  156.0187203168355
14  95  71.332861335733796
16  75  128.3383957596713
18  86  125.92110605596274
20  73  128.14753644084567
2  11  28.58047121608595
4  38  144.34734409937064
6  39  128.78099767938022
8  53  113.13407695168092
10  54  99.771460277856562
12  100  76.602911972211501
14  52  179.04279126362653
16  91  89.235205826155948
18  59  204.68860770465568
20  93  75.921427754152617
2  17  44.942503299031621
4  38  72.558814276606213
6  23  85.733995766390905
8  7  79.834476794015103
10  64  83.59675935284514
12  45  99.19118209949248
14  91  89.339530970840272
16  60  184.31447088589732
18  55  132.72581148376844
20  93  78.133543747383101
2  0  60.999999999999993
4  64  85.344353576070091
6  16  174.86705090834906
8  70  90.948802418275008
10  74  103.99556456738176
12  83  101.12286898866292
14  100  53.882569639169837
16  75  124.36768472817127
18  91  81.015326230529226
20  91  71.270214433141703
2  0  20.000000000000018
4  35  30.610678681802511
6  23  68.261256157937197
8  87  76.556945238666117
10  65  148.82572593850273
12  72  109.87601142313153
14  95  76.42802580176317
16  67  146.65360501112337
18  83  143.80080512337008
20  49  187.11419429035286
2  22  40.203808367096364
4  31  105.14337693080375
6  17  150.86286882379784
8  45  136.6892746682939
10  47  92.398629990352092
12  63  168.59776165821876
14  76  148.5593676069615
16  74  158.52208884850037
18  60  142.0512445396418
20  93  86.832182751424952
2  35  65.101544965123168
4  30  99.953468289342936
6  60  91.894382637541199
8  51  145.61200146191277
10  61  131.03722961308375
12  73  128.98053845769681
14  63  87.909344201602849
16  75  141.70377858265658
18  66  177.70006231019082
20  90  92.792247167794869
2  20  39.50712736472591
4  63  78.971090301792501
6  36  147.93800769411621
8  61  151.77659445259505
10  69  116.05700827925729
12  81  118.44355996179092
14  34  177.99775081807132
16  81  104.87840505822369
18  87  103.93791372815348
20  67  160.74640121224544
2  64  60.839409617738085
4  16  75.90521502219093
6  69  97.759282672938284
8  40  80.384485534121509
10  70  136.38333232993892
12  65  103.40284704050454
14  76  106.43073044370477
16  64  178.65710569463343
18  80  71.103746443718421
20  80  119.92291282924666
2  74  94.854898401900684
4  24  68.094488195580283
6  58  93.893978578917512
8  61  82.37906961209471
10  49  170.70280154556886
12  72  117.63469955867792
14  71  107.97710070797311
16  76  158.41399761022464
18  56  137.27991066295144
20  88  106.21157457041146
2  39  56.428507980884596
4  45  160.32870945857806
6  39  55.095368002480043
8  70  107.12981380798747
10  55  140.45387194061806
12  96  64.479894963886807
14  77  110.1654082417157
16  98  65.732912326516995
18  100  62.90134292616348
20  74  152.3883319821052
2  0  17.000000000000007
4  28  53.541572927324893
6  34  117.29714624496208
8  75  72.382437363100934
10  65  112.7245784232896
12  61  117.01156568969898
14  95  83.150532871559577
16  96  57.618908938007841
18  56  154.87619016179175
20  71  164.17326090465733
2  9  14.081177498208918
4  13  95.048465839713884
6  45  56.189491816089884
8  91  73.30806732779466
10  55  88.044441279849323
12  75  112.11344266620684
14  79  92.444288690961599
16  75  136.152566790284
18  58  204.21133657091741
20  79  129.56555175649399
2  18  64.86963788619137
4  54  84.680966048520958
6  62  74.247188873288948
8  67  86.273968077223657
10  46  183.94910399425171
12  76  119.76390198640537
14  74  134.47045726803009
16  95  62.216621678917939
18  73  150.31117978794589
20  75  128.00705115400345
2  21  76.733335945855288
4  30  101.9913896517982
6  58  77.923371082541593
8  31  92.829253530388499
10  79  74.263369183886525
12  61  173.26033380402194
14  82  58.582954881256988
16  77  94.706934621931794
18  87  120.05251491374577
20  85  124.48883098047745
2  83  64.594705196846235
4  21  50.869391142573733
6  53  110.50536570771158
8  52  126.2223748732556
10  79  115.32105243408944
12  52  109.07076174179228
14  84  120.91158919528418
16  78  123.57303406481779
18  83  113.35331767694709
20  86  91.403248916235526
2  33  38.717316597917808
4  55  80.532466304547839
6  66  107.48399895845837
8  57  144.06464899853319
10  47  129.10686692573245
12  60  110.76303308320361
14  55  176.46874233870636
16  67  155.98660547297055
18  85  128.50295653972623
20  69  152.20380752450637
2  8  11.921567964093502
4  49  72.353132024473894
6  57  111.21051972495853
8  65  118.96424011281748
10  96  72.748316982567886
12  76  125.49084954571195
14  76  113.87078249351343
16  100  49.209577608937103
18  91  102.2568892526171
20  88  108.54318460386418
2  16  53.775199658273777
4  15  33.852536762144226
6  74  78.432943520302558
8  66  130.73120948211047
10  69  124.84686004054115
12  52  170.52935180502999
14  53  191.72119582966164
16  67  158.81877133530159
18  64  191.50221323157555
20  56  214.40667961635165
2  26  98.626604099346338
4  46  126.46147187271055
6  46  135.17443250406617
8  81  98.984873646276554
10  80  119.99818757532229
12  96  56.097950347191301
14  78  92.446642365655308
16  49  180.16486851784668
18  65  168.11717352722908
20  89  117.92165841365804
2  65  68.246885985314691
4  40  45.45602256806427
6  34  138.63047981612442
8  52  147.46863502112799
10  91  97.589550558881157
12  56  190.04996168150146
14  68  147.49871796768434
16  67  202.14950397033846
18  74  148.41533254147157
20  55  207.27155066143274
2  23  49.055139387835872
4  10  103.99999999999999
6  63  89.685287008271843
8  49  160.29291648846154
10  46  164.04974088616672
12  64  108.14201086878543
14  64  130.55175963450597
16  73  155.82340145650164
18  82  123.05503216321746
20  54  153.36378735736065
2  19  86.622225463876006
4  73  61.943124680260787
6  59  161.74148202259417
8  35  96.668226365555171
10  25  197.32795323974756
12  68  115.81680875106362
14  96  83.135130755674908
16  70  140.74736493778772
18  51  142.4383751895723
20  78  135.6349914340334
2  16  38.342207557690202
4  4  69.000000000000028
6  43  84.11526675152156
8  25  93.049124646359857
10  60  109.35029529005564
12  61  113.214548420041
14  69  148.62951434963907
16  66  111.50234891862793
18  84  110.65598118619552
20  100  64.369991883089355
2  6  58.000000000000021
4  9  77.000000000000014
6  58  136.26313073766258
8  64  104.02626047657932
10  54  139.92355530315723
12  72  117.95915350958629
14  40  101.49994792901617
16  95  83.695944439648159
18  88  121.7504971025115
20  94  99.753172077254078
2  0  0.0
4  40  43.074317982760405
6  74  104.27450734340853
8  40  145.42652202341756
10  73  131.30303885946518
12  66  95.056913891158203
14  69  180.68724043370062
16  74  148.49272082405105
18  63  172.13319411164366
20  82  124.79937542086546
2  14  22.028982847859876
4  22  76.117096193389415
6  45  120.60792331938859
8  91  79.603919309535613
10  72  128.40029143563092
12  82  94.893198863378686
14  80  109.45257959474421
16  74  111.76126398565293
18  85  118.11441343236004
20  67  156.92530835034975
2  0  25.999999999999996
4  58  107.67535315667787
6  43  147.35498357745297
8  71  135.36606318840336
10  84  103.10150451833286
12  76  102.02227117768194
14  65  143.25532005423406
16  75  143.30784493395561
18  43  105.3760444171634
20  92  97.445609763010097
2  0  45.000000000000007
4  0  13.000000000000009
6  48  90.852034478903605
8  45  133.57845479299638
10  52  149.52128735731236
12  49  137.02936273129464
14  50  148.17605746116624
16  95  100.1334809855895
18  64  181.45753453649249
20  76  150.74177279492667
2  27  59.234334780588014
4  35  76.958649655680219
6  82  88.81586972915315
8  44  173.14774984768619
10  67  127.28726377066688
12  53  179.28439249907532
14  89  95.83090739938649
16  77  101.10838144642597
18  65  192.4625728881158
20  58  180.31761678813476
2  0  32.0
4  0  59.0
6  58  92.067512319418896
8  80  97.190039340869092
10  87  69.415748057335989
12  21  173.67042146902651
14  42  96.354089220411851
16  85  85.835760175291071
18  77  122.56851282547213
20  86  113.43168120991294
2  46  52.08510759639875
4  54  105.5560539152827
6  39  67.586522294155642
8  24  160.79186471716304
10  61  136.913883672775
12  80  113.66807604604149
14  93  92.369266042243353
16  91  87.537539089125005
18  90  83.854377428142072
20  50  248.37092086015809
2  0  0.0
4  42  89.024649727057323
6  46  100.91683745722258
8  47  101.46867923702303
10  65  131.65614207715441
12  61  168.03208684777277
14  78  140.89954606852032
16  65  165.97272616190585
18  82  113.50431162143811
20  82  118.41651945617195
2  43  18.739229155860563
4  71  73.808858318514098
6  72  104.00308216475123
8  50  149.07208607238607
10  85  128.96481937979212
12  69  83.436916238146694
14  82  123.27048174405134
16  90  96.669062374809158
18  63  203.57409229443002
20  80  114.79185174600815
2  8  43.455889284973168
4  38  84.866377750676278
6  59  99.727626602118221
8  65  47.074382264650808
10  93  78.653221960931532
12  41  214.56957312195735
14  71  115.21054781538237
16  81  122.5546929494151
18  81  121.99820188009284
20  76  160.26032290522474
2  15  61.477421336073952
4  69  48.006744095458977
6  33  150.55109128871493
8  33  99.733300414561896
10  46  132.44866097515595
12  54  173.5725842516124
14  88  93.996838486414816
16  46  139.72805703555156
18  54  213.08027342556963
20  76  135.41418457376417
2  18  103.00000000000007
4  31  46.574415598284112
6  70  104.75312047856377
8  32  212.03755552067628
10  27  85.294082764311938
12  54  159.28217017521615
14  74  161.23488444600673
16  66  191.66755963353935
18  58  184.23374980992264
20  91  104.52126191071625
2  10  49.987985368737981
4  43  42.364046095765715
6  67  119.94275570147131
8  78  88.524645694380737
10  89  77.602853429195903
12  47  192.37379766643218
14  94  76.547549789144711
16  83  127.34847638441063
18  95  70.616216658215848
20  75  149.80555452371743
2  37  101.04769541887137
4  40  90.104305310754512
6  33  142.49313755796538
8  89  89.658084710987623
10  42  188.01230387808843
12  89  91.763989547431351
14  90  86.139864402909367
16  56  201.85509699662626
18  74  138.23418453133939
20  78  142.40127091309705
2  8  69.999999999999972
4  35  53.757865780949373
6  33  144.55273926938725
8  59  113.18478848191656
10  24  168.02984464720788
12  72  61.722397837393586
14  78  114.63299706335265
16  63  127.28590369544581
18  52  237.5535987455815
20  77  149.35797220779153
2  0  24.000000000000004
4  9  69.592161402690067
6  37  59.62126709292901
8  30  153.45821075630784
10  74  68.338626764303967
12  93  78.981117162797304
14  67  117.58903878824121
16  77  140.20342263895057
18  66  171.82827598402343
20  83  136.75540258566471
2  29  48.334712523232355
4  4  101.99999999999993
6  60  109.403044109353
8  54  113.62798270626729
10  41  229.75669327840458
12  79  107.48466198520195
14  75  129.51800195415979
16  90  98.492376822247579
18  87  63.155896993059265
20  100  47.090525533461857
2  16  52.16590118392056
4  40  127.34419912449447
6  32  65.544621800565622
8  35  121.01625632341334
10  69  83.998373324971155
12  65  150.38904220581719
14  86  107.7686835779063
16  76  120.87648293307639
18  60  210.98826275242203
20  86  99.653012906288367
2  25  108.63242207949122
4  57  51.138272458253098
6  74  93.653792670886659
8  46  137.06633312574075
10  72  120.41540862670516
12  49  175.01154842640489
14  61  214.44092528862143
16  61  171.11180036154067
18  85  103.76276708785817
20  69  171.54653844937235
2  5  39.163932461376405
4  50  75.59158175167363
6  50  63.277329260932689
8  63  108.50101568792562
10  43  112.23786154804161
12  73  128.60021569237873
14  67  99.42479820111275
16  53  208.3430071984609
18  87  97.629078503357704
20  72  175.05595342459281
2  24  64.900616937190435
4  8  77.197677235679393
6  23  116.88379395088745
8  55  202.76677838235486
10  73  90.177021868576929
12  69  135.24134457668328
14  73  115.30233879143303
16  61  188.65898290705579
18  60  168.11497724122401
20  69  175.82516789088584
2  12  64.190323951271907
4  51  101.9801236277287
6  54  76.430163024210003
8  33  104.47896820664961
10  81  105.58015556407115
12  46  111.04706645504088
14  81  120.60827367500197
16  79  130.11864463509716
18  93  79.11198526256824
20  94  73.364648706950632
2  62  62.847355435269051
4  12  103.68928970833514
6  0  30.000000000000014
8  87  68.994265501480811
10  33  244.10483651083541
12  74  130.85977233915699
14  39  128.43679930813516
16  43  153.62869332916625
18  77  134.36975582771089
20  81  143.42675407035136
2  49  54.473112645103619
4  45  87.672056165420443
6  86  65.51684900511853
8  26  72.579387950592391
10  84  55.754919078611678
12  86  111.63157575107064
14  87  105.36061906843055
16  72  127.75943901170186
18  77  86.320882149110886
20  59  153.40016783073821
2  0  0.0
4  67  99.564066396569729
6  25  184.96095432797335
8  35  155.12629531399782
10  86  52.086285553961154
12  59  148.73546868767377
14  37  148.00306860295004
16  76  93.691308947791839
18  85  102.60169948495879
20  87  102.38937360165048
2  73  67.082777897054044
4  32  106.96603844786029
6  70  89.897555575253264
8  10  57.336493361845072
10  47  160.31882097713557
12  38  194.67745299415009
14  52  216.80168599333572
16  80  95.148184196848263
18  80  110.20318588947463
20  90  96.94769640780666
2  41  76.527430413722527
4  27  93.35801663337746
6  41  106.77036765041927
8  16  89.510915864519589
10  80  124.95760139455406
12  73  133.85556980950693
14  64  117.49816520177183
16  72  112.37850044434458
18  97  69.044820234093677
20  75  129.05856830937847
