2  0  107.00000000000003
4  70  99.313231159752561
6  58  191.10680950897972
8  54  216.8038772986481
10  58  221.92374211000134
12  58  391.20007138939604
14  78  158.49580210874203
16  81  173.16930697542386
18  57  434.67802287125733
20  83  116.25043994569
2  39  129.43657843726567
4  41  185.66728458515692
6  53  170.64930631199195
8  29  347.62758417961572
10  61  281.76210085453704
12  81  166.00419310464721
14  76  183.21288008000249
16  75  223.87250208223486
18  72  257.10165614844198
20  71  344.38177547151759
2  23  123.22792594303671
4  23  188.18616493437
6  65  142.76850944963164
8  69  114.53114650787197
10  47  373.98107749564076
12  83  98.676493241706424
14  51  380.83872955846704
16  83  142.85909813248645
18  70  265.55531343550126
20  77  162.01960751460214
2  41  79.346147641810063
4  44  140.72513549381301
6  45  220.5515147144767
8  71  115.48898220056172
10  41  539.34594141613275
12  51  180.44737341772591
14  67  346.3753368686547
16  56  405.61691488395036
18  53  379.31157882213449
20  76  171.03461470684792
2  32  142.80132769360864
4  16  177.66565899944547
6  56  72.786347332758183
8  31  356.08679823948984
10  66  232.36048181065817
12  45  315.65493807205723
14  87  93.470774967230142
16  82  148.9337959468333
18  65  331.66910911554868
20  53  450.29293157277749
2  40  93.187568368391567
4  43  82.768433744242472
6  40  137.73766688971597
8  56  166.82000840431101
10  50  278.25466897877351
12  64  287.76737974536047
14  82  88.740729422083461
16  59  298.00100075620105
18  42  535.39538579464852
20  81  191.48770278576995
2  53  101.18218462729018
4  58  130.90891226877568
6  63  184.87090784878919
8  77  108.33211414242895
10  78  247.46035984075709
12  60  174.28724575535492
14  60  339.4098088764872
16  65  246.08640857418155
18  73  283.20959255159914
20  71  281.99542025727573
2  38  102.53229083081462
4  14  86.198884907523038
6  64  109.40453004270483
8  43  275.25479398054523
10  53  233.49163479662855
12  40  376.02374277149812
14  58  154.36699920042972
16  57  232.92838660642516
18  80  195.10917859113783
20  85  151.01327918971168
2  25  83.018294467785651
4  33  167.91639101786561
6  30  314.09640025270937
8  35  409.53274756893148
10  53  217.1901622459375
12  68  204.64085911205254
14  67  273.96609758276378
16  63  258.70035858765266
18  84  122.97651487511425
20  63  312.59368859359773
2  62  61.023123899864757
4  65  77.848064126341171
6  72  130.9810332119857
8  32  337.49399655524519
10  59  243.69709315553544
12  55  324.96078629612288
14  57  274.46272955118638
16  60  343.74508468968855
18  63  161.75321261791194
20  70  337.13451628494278
2  29  69.631707561424733
4  20  193.23659163275835
6  55  181.94720117365347
8  27  376.19310472204444
10  30  397.87865100969708
12  86  115.27024857882948
14  53  426.43344299325656
16  46  531.63415581751769
18  72  257.89743626953344
20  73  306.27174345577993
2  22  78.620033150037756
4  21  162.90167370258411
6  41  239.00445473785956
8  39  272.15216640197332
10  40  382.65020040831428
12  67  171.58834139964219
14  84  122.66807671069172
16  67  288.15154681495625
18  61  353.3075524515076
20  73  257.70523825606762
2  46  71.551255425158075
4  76  63.228196044629932
6  10  451.25333340040282
8  27  159.32240852779637
10  65  194.07908676365437
12  77  226.04548268378247
14  91  44.24027554214593
16  38  310.12790371494947
18  70  210.42213875108914
20  73  247.88248706379807
2  20  145.8857655481936
4  20  242.44462866936092
6  34  215.46954458425125
8  51  241.84142350333869
10  58  260.93588581748782
12  61  251.13433684399732
14  67  223.41643120595046
16  71  214.0675707978491
18  76  226.95139310524192
20  67  312.95982968436414
2  16  132.64213483052328
4  43  178.71712519779425
6  67  214.04996992848572
8  49  238.42004322936185
10  28  491.72418957011899
12  72  232.60129118089537
14  57  397.32274838372894
16  70  254.97710403985946
18  63  307.83256260851056
20  60  422.44153374394557
2  72  71.763261716313039
4  36  125.11208748709721
6  60  145.16086945384058
8  40  400.47954933880385
10  36  426.24041465971294
12  79  138.89894688564334
14  75  179.84893079224418
16  86  112.67881606865221
18  80  144.70660983564349
20  86  118.06643651241528
2  13  86.602151394160444
4  36  128.66714746141338
6  61  213.21217921039536
8  52  311.75915623344775
10  63  252.96912770102853
12  58  279.58928206737045
14  51  442.9214699137201
16  67  387.12900708832848
18  34  450.06974839674632
20  72  340.14077376825901
2  5  149.00000000000003
4  2  99.999999999999986
6  30  268.85108675019194
8  48  106.3576420375088
10  53  287.93040516240245
12  48  367.00864946391016
14  60  404.04133207081696
16  63  291.26347745539135
18  78  105.89503124296091
20  62  266.32244695319019
2  54  77.134575173681881
4  57  141.30498840583286
6  50  252.52450886651022
8  32  295.97361143621083
10  66  147.31131322935818
12  63  283.08628877909928
14  83  106.43526144567183
16  60  272.11910017238307
18  58  496.7578185881834
20  81  256.91524704782103
2  39  37.989081814765839
4  29  197.72617570872376
6  44  176.42990989766068
8  63  166.6502512548918
10  46  321.69007991656929
12  86  67.05831139622795
14  48  401.0599347818121
16  80  196.31641499768537
18  72  271.72213067644606
20  79  202.67226651030944
2  0  200.00000000000006
4  23  246.49534308313858
6  42  373.92928403524297
8  74  155.84790382907133
10  36  428.72937869332799
12  66  230.24481450654031
14  61  302.52080681365146
16  64  325.56685151387728
18  55  435.60496631152614
20  68  266.81371335754903
2  21  125.83475268616581
4  54  122.15474855479877
6  50  164.04017864481881
8  50  197.47490708762558
10  55  253.33117531714012
12  50  271.21574841805239
14  74  233.41481718147304
16  68  309.18493401417408
18  86  121.80490585729585
20  77  255.08323408036691
2  5  192.16323825755521
4  50  108.41505978156282
6  43  74.370600593139088
8  50  265.71606991852462
10  62  317.40154719122148
12  66  207.51791396681176
14  50  274.3332796599758
16  50  528.80368284879569
18  75  160.74502105525318
20  72  234.53107877013281
2  19  166.33588978209195
4  83  71.743944286517589
6  58  130.11071844483087
8  59  193.99507410405639
10  78  132.82661502009813
12  84  109.30720975273937
14  29  536.48869677654602
16  92  81.522683948218628
18  68  367.59057479046794
20  73  149.96956384572138
2  34  101.62461404522993
4  55  82.317924339372667
6  38  277.96479453107065
8  44  351.23796894333049
10  46  285.51714773038657
12  41  385.26393894124237
14  61  219.14950744853698
16  70  285.57933873210789
18  72  334.95291558597023
20  61  427.11342419979235
2  47  56.999865419263827
4  28  199.25352930859191
6  46  122.67057852311346
8  68  149.53452997822924
10  71  168.0454450697261
12  64  250.25232914251217
14  51  308.03730130119362
16  76  286.78909758033052
18  74  204.39952283866492
20  72  309.09210107770457
2  50  106.74684342227755
4  18  207.49891891463275
6  17  405.61048387039835
8  38  287.46819478957696
10  62  217.35064229747502
12  40  539.13484240956905
14  73  160.15569462135693
16  78  214.04401422544336
18  59  245.87213183092382
20  83  149.36789890652156
2  25  87.191018957805355
4  66  78.424893200024769
6  31  232.77731183258081
8  51  270.38431667197068
10  55  301.52093865485699
12  69  207.55244804929168
14  60  253.15443790460597
16  53  233.08577827784674
18  36  690.37353963249689
20  68  357.56392245937258
2  13  178.93679172010957
4  18  208.97368221957743
6  65  148.61549567229156
8  48  296.95964476745706
10  72  170.96269308678848
12  90  57.389627185783056
14  54  280.94610964959054
16  65  328.52167483758399
18  80  218.50125831219532
20  75  155.48882057492182
2  35  135.37234535429681
4  16  120.62060646808567
6  57  168.12098921239908
8  35  291.34535572879361
10  50  223.42008648687658
12  63  234.96920424630176
14  62  387.90451212048515
16  71  159.92346248724556
18  46  501.57953271168208
20  68  359.16560721178314
2  18  165.8622538136739
4  44  171.29664350254157
6  44  214.14936588439451
8  47  88.35151831925414
10  37  462.28228205486585
12  63  257.62451871204428
14  68  316.68839907820973
16  75  115.92734288857176
18  45  458.4829289074284
20  70  196.1236248692563
2  4  18.000000000000014
4  66  92.116602749123075
6  13  162.83706529903856
8  66  179.64035882198175
10  28  321.78801098251859
12  63  174.04089992000485
14  92  49.395816025231866
16  80  107.59995223240412
18  79  181.92957710995833
20  76  193.84344686789635
2  14  173.10091920851917
4  43  123.59566870841184
6  40  173.934606653701
8  36  151.86035104147248
10  55  236.81006650094247
12  48  468.96600379008606
14  49  380.10137736390442
16  74  195.99956854591548
18  68  238.28945114329571
20  71  192.99753946304864
2  5  143.57233619949815
4  15  217.86467746019591
6  28  216.76097510851315
8  75  106.22231013613798
10  33  419.3604082663299
12  78  131.27037059932834
14  62  311.24376918072102
16  72  278.49093506338397
18  69  320.50865791247202
20  84  180.87687253412605
2  46  111.50569852676398
4  27  194.856353909749
6  57  171.06053555408047
8  60  117.79687475354515
10  57  345.85219698015226
12  59  197.80984186869168
14  75  140.68148957398833
16  66  247.48626028307359
18  73  160.68309694581995
20  86  141.77923999633458
2  23  115.45559708395538
4  35  326.87358672270364
6  39  258.13280309975147
8  49  250.26772060319828
10  69  204.88833914697233
12  54  287.80376695496761
14  26  388.61715275202027
16  84  109.06539933803748
18  74  252.38140672321177
20  87  63.740534653734173
2  23  137.8073735382674
4  19  183.92574359417401
6  38  139.35875445641091
8  60  235.86971082030877
10  72  130.83374626204807
12  72  265.30247692331852
14  90  83.124175622438187
16  46  443.83080123234663
18  88  115.19502840797981
20  85  190.12626446108138
2  7  96.363753726355867
4  36  221.75183646280942
6  65  169.11388488618235
8  46  191.24172973216122
10  57  261.72665459964389
12  55  269.99298377092231
14  63  180.97532725668583
16  60  403.62092963957451
18  74  299.47044106233523
20  60  434.66334004114242
2  28  150.15699302313698
4  46  135.93094702679835
6  55  233.61817486973024
8  39  261.15859850181107
10  59  286.85355519017344
12  59  244.68968472716054
14  87  74.681034989945246
16  58  420.93583519770885
18  73  151.68609055784574
20  66  326.0094366155613
2  35  121.94830111679204
4  0  0.0
6  49  188.2602874741053
8  63  180.53780709818997
10  77  143.4292913169561
12  45  486.59936984385945
14  73  253.9284322784134
16  66  406.64522363975385
18  62  331.45289077983512
20  71  238.07806979358344
2  24  120.49771423787317
4  51  199.72338058168719
6  57  199.9645782641947
8  31  299.68197335381433
10  54  308.42477117637327
12  60  208.09085976172935
14  75  167.47811835057885
16  75  168.2835963708236
18  76  227.30020998794731
20  77  251.49579536332737
2  0  0.0
4  49  64.982316963769492
6  46  147.41199470008672
8  27  236.01263820149597
10  25  492.86242440095936
12  71  305.27474575022813
14  61  138.20752091174649
16  62  297.31006910773652
18  75  190.10639345028784
20  92  51.604603260248396
2  55  59.689790150593048
4  7  245.49801591845429
6  15  354.84098856376687
8  28  376.07885692208049
10  65  152.32282965502645
12  67  259.03145977273596
14  79  141.20435268177698
16  87  91.248618217203813
18  76  339.80043667138307
20  78  163.14009031941171
2  10  36.938547623349663
4  38  130.40193662659138
6  34  142.60028319417646
8  26  581.22388067927966
10  83  105.39923007479156
12  71  222.6737530998588
14  49  225.50969227176421
16  81  120.26575239664035
18  73  245.3241125088727
20  74  272.78897524984097
2  19  130.46312325649382
4  41  181.15720357066047
6  69  102.91529173765647
8  71  148.64106583583583
10  50  350.05554710220417
12  69  229.1647718020468
14  56  346.81718908066267
16  75  160.8564892519594
18  70  256.56236508245996
20  68  297.2644131162524
2  36  132.87216163032318
4  28  218.60268788077832
6  38  204.05597185789111
8  31  359.10736720167023
10  32  383.83184635700928
12  50  373.88316855822393
14  59  357.29251191772471
16  63  251.03017458068015
18  81  198.55348539570599
20  79  137.50949170890064
2  12  123.66594713352518
4  33  229.92741948434369
6  41  108.22659783342266
8  70  99.028271608367049
10  61  184.98907799126971
12  73  233.41763232907897
14  67  209.21375871854144
16  66  285.55981116665174
18  76  222.47998041627639
20  67  341.79785438644882
2  2  100.00000000000001
4  4  156.28918306069974
6  58  178.0916801261495
8  54  275.34447724701346
10  78  158.34239023382983
12  39  379.89497683264307
14  62  194.7905150932915
16  54  294.55173908883785
18  74  181.6540207455549
20  76  204.4134256041512
2  22  108.31379048058831
4  34  230.44279100084128
6  50  178.72867140704153
8  57  197.88112633985901
10  79  131.63489717945114
12  66  117.27514802982424
14  69  178.41127673848951
16  45  428.16395511297901
18  84  149.99813647974705
20  54  198.584458756619
2  32  105.62305128236285
4  55  164.17252753022007
6  26  194.63267421146861
8  47  349.24379691685368
10  58  223.8697044938277
12  44  302.99152134225233
14  64  316.48845779103027
16  65  285.60317686854023
18  71  216.22813198158156
20  77  181.72934025259761
2  0  0.0
4  60  64.300045547408089
6  45  229.38586165031094
8  32  221.74268274790609
10  70  175.40578872256305
12  57  292.56135021529485
14  71  157.49138076538637
16  76  223.26005925767129
18  92  75.953025202246479
20  40  520.41379794135162
2  47  104.31804029416966
4  56  123.16999096208227
6  33  180.02504194243971
8  87  50.077010249733505
10  66  218.96528009159277
12  59  280.59663355727014
14  69  276.44070495729915
16  73  262.54677106545921
18  49  376.40582894723553
20  87  136.53823218585921
2  21  154.59959643326835
4  29  237.67098149112343
6  56  108.09002692641609
8  73  125.58153408776181
10  62  286.14757923513616
12  80  111.92288855968403
14  82  121.20039875926051
16  74  255.94292622786341
18  70  335.16939044591987
20  78  137.0688750861419
2  19  90.959544199393406
4  36  166.39899639467194
6  49  210.97225630207524
8  59  205.09726721054932
10  88  97.028473969056236
12  67  196.00182856330684
14  75  206.8428196077285
16  78  191.48670965429579
18  48  374.51791002261047
20  87  105.61804509784913
2  0  200.00000000000006
4  37  232.81743225020378
6  40  193.71748857180137
8  42  292.37472872063063
10  68  224.85531272536349
12  71  163.63828808818971
14  53  536.74400746338438
16  68  214.35170870953152
18  70  180.94316143755634
20  63  363.17423250859912
2  9  150.41321203833155
4  44  176.68069077840747
6  12  96.036215673906241
8  49  210.03649928349998
10  80  123.00663153255961
12  78  159.96590125623862
14  81  141.20908602016081
16  57  353.03827300480009
18  83  147.62887708969365
20  81  309.52988365562413
2  20  73.734941435084508
4  23  280.84847552155452
6  44  221.370494208731
8  42  231.39943385416137
10  45  436.02417891094672
12  48  172.84018775088674
14  69  129.24367040228694
16  54  518.04189500985774
18  71  207.96960949305077
20  78  129.37563747938776
2  16  110.13073837779824
4  28  148.77828682351722
6  52  147.20173792205833
8  61  187.86375651874337
10  58  332.7691730235282
12  76  210.92595866120465
14  67  254.93664277076391
16  62  265.31350872942926
18  65  307.84965306769294
20  74  206.04336528014795
2  33  91.572853538331529
4  39  158.93499940382023
6  26  110.83853760281707
8  34  328.46205022561958
10  59  181.91416292603753
12  70  159.77505931805737
14  71  124.95983039000528
16  77  188.96239676573165
18  67  292.54615770690816
20  74  273.55499291975707
2  27  15.734811313632891
4  33  232.43536802633511
6  50  167.20642305928143
8  37  443.23818742812011
10  12  784.0772584365892
12  33  576.55933371970991
14  46  425.34534215654588
16  58  390.68703388363446
18  82  129.60366130307176
20  55  339.05268980387206
2  42  75.253966797247486
4  27  153.52059113950003
6  76  95.709781551007012
8  46  114.89935891380694
10  43  164.73895790264245
12  65  242.71850281970785
14  50  406.16011021689485
16  97  6.7740163158600684
18  83  151.82802748728551
20  88  161.82039278295923
2  21  157.16375857766957
4  12  88.799535089847836
6  42  315.93809107840661
8  62  205.57800386011874
10  70  194.41822794729106
12  36  354.76427748939909
14  58  369.89939880782663
16  69  197.65766277145096
18  70  249.92445690354521
20  62  367.01377695906803
2  39  125.72968635542502
4  42  176.07657046664775
6  43  199.96231402431414
8  62  188.69524075696162
10  47  283.68803959040434
12  92  43.128717120734393
14  54  354.21744027281443
16  63  240.43308536738854
18  79  199.70047411854443
20  56  424.10081240529053
2  44  102.04695639631016
4  59  137.9336883681209
6  44  183.69204992520579
8  52  252.27843184737603
10  71  185.4450350042658
12  53  420.85572996074148
14  74  297.39622135054952
16  85  142.45814389129995
18  51  397.65992333049655
20  82  164.39923761152201
2  9  83.705419291049736
4  43  179.79239805434085
6  54  196.60264756483693
8  82  125.85313217353102
10  61  194.16157137231426
12  86  110.40759820977893
14  26  447.74602646211702
16  88  74.561685340766857
18  45  577.65838540756749
20  81  153.5304544781807
2  35  124.50265891995119
4  17  125.73827558015593
6  59  151.26186890864537
8  62  248.44133554901387
10  48  184.42035759717754
12  73  142.82649403472371
14  56  249.51720814201559
16  66  386.65512696019471
18  56  305.87972071915931
20  65  330.47008240346094
2  0  40.0
4  34  89.745216053066443
6  37  216.80701931816145
8  52  153.24845450789823
10  71  167.01207544980679
12  65  255.55195644022945
14  71  201.90353209017525
16  35  390.50056254205083
18  55  465.84815523652685
20  77  258.82655272635066
2  25  165.76793668709922
4  42  152.32288851472296
6  67  98.862813266469885
8  68  221.30055161955434
10  64  202.60410865937678
12  44  299.53392028937236
14  51  380.85060802087145
16  90  61.777447073958626
18  69  283.59127925543982
20  75  270.81494136336568
2  22  109.42968145404063
4  73  82.004853882685538
6  45  107.38713227475023
8  64  173.44838926835197
10  52  376.16556196229277
12  60  287.45427498828343
14  68  249.01452009314752
16  66  289.27064661641276
18  72  203.4162401062504
20  73  214.39633181537079
2  54  82.071092294940584
4  34  227.41158051984334
6  45  237.28555849608907
8  48  293.74101071886474
10  74  162.66952172486538
12  77  169.64380467596271
14  62  278.9557539026469
16  36  707.9475019937056
18  78  150.21766729395625
20  67  262.72721395811055
2  21  42.094156934496162
4  7  188.31364950791433
6  61  193.91692170426393
8  59  275.48212408996102
10  50  100.64714360005964
12  84  98.070413722385396
14  46  384.20540011119067
16  65  277.26172554009946
18  71  157.97755634831145
20  84  170.44022122423624
2  27  97.928824587862877
4  52  163.73885071646464
6  49  183.35445360506057
8  49  250.03529523745235
10  81  64.661928669416312
12  73  163.15744966800165
14  75  257.47718809118425
16  78  150.7410214087391
18  72  323.19923380478002
20  60  383.57228167410381
2  27  138.65387204402396
4  54  132.60827141432591
6  42  176.88135818961118
8  42  242.90385960171088
10  49  277.17677310864627
12  67  267.91966518875074
14  33  426.79094483103319
16  59  301.85912326546548
18  74  145.48669132772841
20  68  360.48059137081282
2  10  181.05207544200738
4  38  126.45704429241992
6  52  248.43855506460446
8  68  123.40399120700863
10  62  236.87411779784321
12  39  349.52055898039362
14  57  259.17486629855694
16  61  252.07249863324
18  73  160.66257769233002
20  88  124.62529485766733
2  51  91.510723752377643
4  33  236.77721400143827
6  49  223.82723148528424
8  41  259.41021522632036
10  39  484.62827657882218
12  66  169.9720515481408
14  76  149.14734855762057
16  80  150.72836255456286
18  84  179.47460180189759
20  95  44.85368984221649
2  21  83.455290264203398
4  29  196.43512958595065
6  40  234.64236596327157
8  51  88.825569820856046
10  71  136.34339689216822
12  69  180.47555177440233
14  45  378.59205109477642
16  73  150.28992184299329
18  76  402.42695236596023
20  65  304.77282624028089
2  14  84.269979765871582
4  8  186.46026371207651
6  46  206.71971460604377
8  24  494.02373263179703
10  67  92.352656140642821
12  63  215.57117663096426
14  61  273.45100088906941
16  48  371.73296764527657
18  58  299.67374051265239
20  81  272.11090326519013
2  56  71.564048393446996
4  52  164.11999370355807
6  35  234.35311920673578
8  60  234.99690883898066
10  79  118.20514476437685
12  60  234.03369467588047
14  74  201.27262664679293
16  38  749.87325281827361
18  77  212.80043364879842
20  72  245.43633166861693
2  24  157.28629912746243
4  42  98.944836454134276
6  34  53.694356294690259
8  43  237.82443468418924
10  43  190.60795055811676
12  40  398.74884657455857
14  63  333.69783436825037
16  71  215.8157611792553
18  56  424.86183207816504
20  54  622.36693071059108
2  24  38.25772429364747
4  53  129.37642134587421
6  55  194.79915982952031
8  64  174.55071605949433
10  51  295.35088139592216
12  59  283.61278932149298
14  77  149.24980094362732
16  56  285.76482968146644
18  76  270.60845239251313
20  67  393.29643140019886
2  25  155.41408681774479
4  39  141.64199261648233
6  25  320.95087379164329
8  60  248.55605653253792
10  68  212.73786589276443
12  56  286.94775061213164
14  68  155.31037444812051
16  57  368.82808844306504
18  77  207.15880739981228
20  79  221.5588704533626
2  17  166.15130103456943
4  37  208.42246190421884
6  38  246.38366036325121
8  44  345.72162940115879
10  44  388.3325039174789
12  76  206.66452697125135
14  50  449.10283943905557
16  79  144.5127468790065
18  73  149.44518366192725
20  74  223.77167545087931
2  21  107.63058799770614
4  38  204.22876063085343
6  44  231.07548963599587
8  53  211.83054390178586
10  43  296.49365757583763
12  69  216.84108255129766
14  74  201.48537234838165
16  50  375.97078157849194
18  59  396.18591605694013
20  50  535.25759865477801
2  30  136.2911418643985
4  49  146.81036722350001
6  53  148.57336719325212
8  79  128.38946309513258
10  80  99.862952162126135
12  71  297.92847460441254
14  65  359.02255233686054
16  82  129.50178809356828
18  45  362.57963887465121
20  68  330.1860648228776
2  46  110.31502489619864
4  4  176.99999999999991
6  67  127.57195995537317
8  68  163.25831222516385
10  64  227.37075451466049
12  76  113.82782689123613
14  29  239.82108016286065
16  75  185.51804113418868
18  72  242.35872849696693
20  76  305.85557909895277
2  6  169.90209737097115
4  29  230.14714732551943
6  53  94.374774025431307
8  49  322.87702491941059
10  55  273.79963785974786
12  70  117.15041394276598
14  53  310.32638163922013
16  64  248.9428735449537
18  76  207.47401792572333
20  78  206.51547409823362
2  26  36.823224555763097
4  66  69.558667945220193
6  20  289.77976881788197
8  56  163.43676340023009
10  57  204.39247249834915
12  65  239.57400661435241
14  68  327.76642611533845
16  47  538.55785670860018
18  79  190.01170718263182
20  79  231.26031972315511
2  60  57.110070027540246
4  28  99.291238188934557
6  26  344.28533812143718
8  56  207.75993023418724
10  52  191.43120270553371
12  58  268.12754263112447
14  73  234.67836010274456
16  56  376.66874877345595
18  46  228.4459576860219
20  70  504.72325138036098
2  44  119.01430780256293
4  72  85.496661222595833
6  67  180.80499698157507
8  66  205.77937238879994
10  43  307.9155625034935
12  53  188.38243880306669
14  82  132.59857633685925
16  56  320.1593180453176
18  48  415.99858357111475
20  74  211.42534337121057
2  37  113.53618359124081
4  67  117.30003867336356
6  56  198.51182571502315
8  73  161.9081158003433
10  56  196.05297745415669
12  62  137.90381410711566
14  54  385.59805397122216
16  85  143.74503459651302
18  78  215.21650238793399
20  75  127.3189097432121
2  65  80.128518249152037
4  65  126.14987817699587
6  51  195.8208603621253
8  58  237.24923358927694
10  61  147.70551260857209
12  58  308.83344060852613
14  69  220.0106938099884
16  75  293.4307837414276
18  86  144.27869926593823
20  65  291.87748641371473
2  38  86.55410422804438
4  66  95.670563541240398
6  59  111.54380999130119
8  35  393.3443459921661
10  63  211.81238955676801
12  56  354.16484629511638
14  58  297.72368856641543
16  67  338.03286135488577
18  77  267.50031386838157
20  70  418.68360342403855
2  19  69.217956758735298
4  38  135.02345935213788
6  24  252.80401618054026
8  91  39.665128714681273
10  61  201.7211571723532
12  81  130.85305913301914
14  55  243.07435561981177
16  69  252.13648206315406
18  48  454.14187884760764
20  84  215.01389153932254
2  45  24.54575827013274
4  68  76.383610189199487
6  51  139.90898202870031
8  69  199.04568012960058
10  35  332.17388614972702
12  70  117.31646859462388
14  63  241.32985525535747
16  59  369.87845629233311
18  66  292.11009474936799
20  79  212.81133945259828
2  24  131.59772647629271
4  49  94.223001829874121
6  41  228.16906086675539
8  65  149.04393709159851
10  45  262.69264720225459
12  57  134.72722299195419
14  62  203.80260204352157
16  77  158.29270863309205
18  49  468.85868619535256
20  76  205.88885198454159
2  25  97.419913167747794
4  29  80.720213713559161
6  23  272.17967752366116
8  41  330.43683529325915
10  61  170.13151958408363
12  57  245.65450741202491
14  50  334.79761429253745
16  91  65.743101899629337
18  67  300.36154768011755
20  67  201.64246249187505
2  33  101.13817363548623
4  36  154.25136656466771
6  50  206.44271599019763
8  79  57.651997210492112
10  39  319.48341083035814
12  56  333.2955938702525
14  64  206.6360124170765
16  41  533.25464420203286
18  61  374.04741419401614
20  58  349.26578999883463
2  72  70.380941840521601
4  14  93.625160885270034
6  40  182.02365092733081
8  67  108.42285012731641
10  47  349.15806420891226
12  68  206.10910427013417
14  72  243.84256976520118
16  74  170.24998651083132
18  55  319.75955140545284
20  67  373.46182692118816
2  50  105.38993944409269
4  43  185.28737012625166
6  64  161.76261450740139
8  74  147.76522110220455
10  28  458.128564807575
12  65  245.33338792563856
14  81  140.15775542768071
16  58  374.48686087224297
18  91  68.257614507743071
20  67  291.63223433699068
2  28  94.013567457768502
4  61  192.87490512213714
6  73  107.33550622717925
8  32  324.11799204959351
10  79  135.66795903218573
12  54  303.20000964094919
14  58  237.2722110282603
16  76  123.46756583906135
18  84  137.26982714908158
20  73  157.06797676068973
