6  59  109.0143608901912
7  52  150.92612764812418
8  40  126.56225379906815
9  54  292.36249489244858
10  38  412.17204152283654
11  52  366.24020154044564
12  65  189.73551534206288
13  66  165.88691352747449
14  83  124.1399246141315
15  77  199.52839556156755
6  44  189.43197241066233
7  45  224.0972670384316
8  32  520.70753958982664
9  54  114.15887737896766
10  43  241.81506878907302
11  44  438.98439106452639
12  48  432.1351401840559
13  44  379.4018060532153
14  75  198.29539382224766
15  88  96.672108674680899
6  12  320.87424222043796
7  33  173.67415529774809
8  40  500.66558277798782
9  45  322.99111291982024
10  61  263.3116254513676
11  61  230.52607070437122
12  73  217.44994597287035
13  60  293.19922977733262
14  65  273.26868940209607
15  84  110.37984129975939
6  33  375.50929421433239
7  4  93.74709647714829
8  39  233.03838457732002
9  56  207.79756353964387
10  47  88.849949838701562
11  54  197.65582578850771
12  68  220.02817841283746
13  24  487.85024626821183
14  80  150.01615048408411
15  83  156.9041403415743
6  31  238.43893697431332
7  25  346.01286791564019
8  39  242.29109588875949
9  31  552.34187848548595
10  61  124.16901620151673
11  58  290.71288433416618
12  76  137.38738862488268
13  57  261.82842343210689
14  58  195.55319905930946
15  88  98.37978439730027
6  43  54.284023892384162
7  47  220.28766697443649
8  53  252.66193712385905
9  49  183.50773895519092
10  43  357.2504001472131
11  71  167.23337269267833
12  77  150.04124784356159
13  96  30.203285164428554
14  54  374.22174758745143
15  87  109.38435531337939
6  31  227.91807920624802
7  21  364.46788741637602
8  49  234.13422939635237
9  68  178.38415082047197
10  65  199.35075028366185
11  55  295.35985689586499
12  70  212.839453770006
13  72  108.19640424766833
14  52  452.39281019006381
15  88  103.31050223962268
6  43  149.53080362712257
7  43  259.2396676008803
8  64  128.61840579791408
9  55  372.72542433300845
10  78  140.37496830145156
11  65  184.54479336282088
12  74  254.03057589429145
13  69  259.85309249721575
14  86  109.64586974955621
15  72  265.9468257066485
6  8  240.99432640170554
7  48  224.62060509382351
8  56  393.1210540140795
9  46  188.69471560286075
10  53  318.44120697139573
11  67  241.48532666450362
12  53  369.48416742207309
13  65  228.68426181010264
14  87  120.00260663230219
15  83  85.860339782078938
6  22  221.75561129098156
7  5  182.89809429306024
8  32  245.64691003871852
9  54  272.45094492025248
10  50  271.40957192946934
11  42  443.76352017044707
12  31  429.13738251315255
13  70  321.72886674229903
14  79  181.13225813569363
15  86  96.62953301406921
6  33  137.21273493089555
7  74  96.237803409506355
8  50  420.45916674211861
9  66  251.52106913129759
10  38  460.60536532616402
11  68  220.87145565514567
12  63  189.53864215309633
13  47  400.3847418260836
14  24  493.17465084136006
15  83  132.03101904514881
6  5  152.24839959431449
7  47  203.81556938290527
8  50  189.99622184037423
9  41  359.48104482738052
10  52  273.75899457430461
11  65  222.61145464589336
12  69  258.50596273812243
13  38  601.94784059328958
14  76  169.14024793910841
15  82  158.2600820688568
6  12  310.96798624534529
7  61  130.26649047482039
8  52  292.72628795061149
9  46  216.62269710823446
10  67  149.02822334404578
11  48  332.05061611093896
12  54  326.22539230072846
13  56  457.67554951558509
14  76  155.64282720518631
15  71  192.50571584348759
6  42  162.64523767424751
7  52  180.07848308453273
8  67  107.53590617861188
9  57  240.35033400523355
10  53  176.19318775365582
11  63  235.71258751236448
12  75  170.1618158879071
13  60  302.12168789578277
14  66  361.09864047647721
15  71  205.15579218692088
6  46  225.17432828001984
7  33  21.775106896784411
8  49  118.13439324197394
9  51  104.16686889446906
10  49  401.77896586802819
11  54  324.56847415117539
12  94  28.450916191567803
13  69  222.93896099277623
14  66  284.47995122811614
15  64  329.93420954877092
6  28  254.48294634700059
7  34  174.35255189658494
8  35  336.83981600684984
9  38  246.12952024313049
10  48  320.57904726907111
11  77  166.8770052438511
12  47  355.74709786883193
13  70  223.8907501816322
14  77  186.004235656753
15  71  219.49294180261631
6  44  109.58632532893471
7  37  146.18080024889281
8  74  121.54182354330302
9  37  136.61466690404515
10  52  305.9225010990092
11  46  148.22604663541725
12  61  283.81506139064913
13  83  121.05411662958022
14  72  239.193176687072
15  68  303.19907943260978
6  45  172.40898323344166
7  55  113.68083034677447
8  32  300.40469647737228
9  75  131.83835394770625
10  44  342.88350417102509
11  59  206.05603177762052
12  52  358.20074315074737
13  60  296.76592489656559
14  89  99.324447712715667
15  69  223.21013115198579
6  12  252.88859486095967
7  36  192.58063648367315
8  54  175.37241018225427
9  57  217.86986719688599
10  67  147.44630150428259
11  81  112.2814215072703
12  75  137.53459618723133
13  65  217.36206935221071
14  75  173.19664709549767
15  72  173.24108789283088
6  15  198.0995990591978
7  64  164.3849654944994
8  37  311.11641425052841
9  49  225.56219248341802
10  80  133.30551134207593
11  54  142.05234870559656
12  68  239.00193390633925
13  93  54.037525976062213
14  71  265.31518872324432
15  67  263.3025879286028
6  61  117.70696368881968
7  16  171.7103684466355
8  57  275.94398889402163
9  48  245.69825935896637
10  62  157.33336707099318
11  60  219.4617007404313
12  68  120.70798021047244
13  66  253.88345755361306
14  81  169.54000206788629
15  75  181.61215025304912
6  63  108.2514107379764
7  50  269.66630510992735
8  54  297.40970841501439
9  65  132.57465787286208
10  78  190.26703077204448
11  68  204.9965824060229
12  64  251.13727458864278
13  57  346.03195299064168
14  62  302.55064469749357
15  100  0.0
6  28  149.16724627945959
7  25  114.52624614235286
8  54  255.71641426278239
9  43  246.79172402291948
10  85  86.919263115000248
11  65  320.31644098264314
12  66  176.9960247648001
13  78  143.19291332058572
14  76  183.28610952315472
15  77  185.90645164252123
6  44  198.8415549304674
7  38  390.67222033217104
8  39  221.57116901670267
9  49  202.58449667055515
10  78  146.70999296133286
11  60  187.28879846923257
12  68  204.26841541334218
13  70  235.02504218764835
14  88  102.81272124110809
15  90  70.740107804836271
6  42  201.04180498516712
7  53  187.81201718634162
8  48  212.32206962519257
9  72  114.54605388790387
10  53  158.88427567880154
11  51  271.82102658136898
12  39  410.25105033783314
13  83  135.88736800883231
14  78  175.75801931752
15  80  184.76858041034617
6  39  138.9305703587091
7  22  274.27776072409659
8  42  375.84192431367057
9  75  172.03370416812317
10  67  154.24480535637699
11  58  298.07291212134101
12  60  251.51013995980529
13  79  170.31601464263679
14  88  82.499752746282056
15  65  335.02396624123065
6  39  171.56018927439357
7  34  297.98825960174412
8  39  437.32346348283755
9  49  212.47314162544143
10  62  197.58631560053786
11  48  424.9558685625862
12  43  423.48091432657253
13  58  238.22488899727369
14  95  39.389656405871889
15  87  94.878430221974625
6  31  233.19411172554823
7  59  174.3003244832264
8  55  188.47664330205967
9  52  140.42503232314655
10  72  191.34471016316385
11  70  194.49896719208283
12  61  245.77006854291164
13  73  103.3653438399778
14  70  243.97762343144723
15  77  189.28837144713725
6  30  175.24674888650102
7  64  117.22592184487821
8  45  103.50862454712961
9  49  204.89239432372543
10  86  78.192939727865962
11  28  560.79412035671839
12  89  69.287569429754967
13  43  452.32558168046921
14  72  197.79721432865782
15  84  122.10743716136372
6  28  235.81488618724148
7  44  219.35438101350371
8  38  132.24179229847954
9  30  172.61334642523758
10  67  167.51475228694551
11  82  130.99056347904096
12  67  219.90845258074592
13  56  351.2730234242332
14  81  143.7524895651508
15  85  133.14321085382318
6  38  197.58093978113843
7  33  280.61060121757447
8  45  230.2495038494786
9  42  259.03366275356734
10  90  60.225677521641202
11  38  358.41126909317381
12  49  399.63315789430226
13  88  84.107896612894507
14  91  78.216398402929684
15  87  68.767889632027732
6  23  305.42724101905014
7  46  228.28525843898862
8  42  506.88667945322663
9  52  203.65883294882562
10  77  122.65982528950265
11  81  122.92890654982153
12  66  193.31468145513114
13  40  416.91577666553763
14  78  192.80930563603738
15  82  142.98542778347925
6  23  158.17865089961526
7  55  183.68827530651981
8  20  141.46465749634581
9  45  320.94944794695715
10  38  505.93061496589911
11  67  133.42923407085982
12  58  224.53194993672446
13  95  34.366216587928555
14  96  40.144218662316632
15  91  66.343896711561797
6  49  121.62394080088477
7  48  262.30345405448099
8  61  215.46850494716398
9  41  288.43120841375026
10  70  199.31232171462958
11  33  470.66370459712783
12  77  162.10673651034438
13  79  120.20497969269067
14  69  255.60444850974315
15  69  274.20858023551591
6  27  145.98731368078251
7  60  118.26389192414202
8  53  328.59199336640762
9  58  261.96154103173637
10  42  311.15254059231734
11  34  474.56960726158849
12  73  180.00960847600817
13  70  254.70047188878343
14  77  186.18852612945187
15  97  19.500693216797224
6  26  171.63623718829248
7  54  184.92643314335817
8  42  226.71029586046848
9  64  207.60798182667244
10  75  128.42019581417671
11  71  126.85924425218904
12  67  208.93350561110606
13  99  7.4539342141464617
14  85  105.39754374964272
15  76  198.84853012271182
6  32  311.96992968876731
7  37  413.65613044996411
8  29  365.86870900173346
9  50  331.74499091521159
10  49  359.88683715693207
11  62  177.37380117013959
12  73  178.05984257707226
13  80  155.29618032327573
14  72  224.39559658249019
15  66  274.20334085221697
6  34  373.84177440779303
7  27  409.74144103061798
8  42  334.01832698694744
9  49  387.09005833376085
10  60  188.22882577408333
11  68  228.67471266096399
12  71  170.97487800768795
13  66  272.75104515670205
14  80  161.26809385281982
15  80  180.37995023638223
6  34  301.83799669562222
7  65  87.557811152202362
8  40  226.71388235966788
9  43  320.73119979907659
10  42  351.1399714649844
11  65  194.3678738156791
12  60  348.35268406310047
13  66  264.48850825813275
14  56  366.9207518328177
15  80  158.00000000000003
6  37  292.93627577139324
7  48  246.77557030745947
8  42  250.68377943765651
9  37  343.7304793755178
10  83  78.774107231766848
11  60  219.13494472573743
12  48  373.44495135207086
13  73  119.63953552191607
14  86  95.473403395820768
15  81  139.65314029717416
6  29  261.88385234894969
7  32  399.99847925405476
8  65  146.21865855224945
9  60  138.67903523216592
10  45  318.67886689206324
11  71  175.99231760259545
12  86  54.906592374814508
13  77  194.40601372655709
14  82  166.26576205320583
15  28  463.83525621244905
6  31  221.82307911892858
7  28  340.84901585991969
8  42  335.42285185106044
9  66  149.2531523973968
10  48  355.58251567944689
11  57  185.27593427862189
12  71  159.38908866807708
13  75  189.76383814591327
14  62  189.70220148664089
15  86  102.77415767044951
6  39  164.60788950251049
7  54  153.93717982211396
8  41  253.61147067803927
9  45  248.3408461935413
10  24  236.74279600565322
11  46  444.52081587304275
12  49  304.16799696975124
13  74  181.65943688972757
14  58  281.21036519965156
15  79  219.03906088092026
6  45  213.14705353229255
7  39  147.78047981517304
8  61  162.49908425962471
9  77  92.236547977032117
10  64  158.09673826284947
11  58  175.29239859425408
12  59  283.07830526683415
13  74  219.43907741417544
14  70  280.91770766679355
15  86  105.51907410570438
6  38  155.17776221895841
7  30  87.640334410983712
8  62  192.49336990735725
9  43  294.47459065989779
10  70  158.48395198873956
11  74  148.0634073344857
12  80  149.2724556988405
13  35  469.79394515914936
14  90  90.998607256199847
15  88  111.36307377650412
6  33  142.63556357079932
7  54  184.12970659584047
8  35  314.76265704319519
9  50  200.46022521708852
10  34  362.22832983099318
11  52  406.1107115270774
12  65  260.16635574277706
13  73  121.61521854809142
14  78  141.10692824811181
15  85  112.30416740507815
6  46  149.21500519197943
7  49  230.72135642561634
8  57  235.64603651197785
9  50  238.59249034058192
10  71  95.05365449574299
11  67  193.03213161148182
12  65  197.43428704345428
13  66  218.59171417767365
14  85  137.36582135116717
15  72  235.68244440697089
6  48  193.07452213453951
7  42  264.79225021868376
8  57  250.59446293308793
9  34  350.92051280567011
10  74  156.16855490595364
11  63  159.87861263396661
12  64  192.27228049219022
13  51  272.76488467547375
14  81  223.58205160215596
15  71  195.95403711069446
6  10  496.89423736128896
7  46  183.7821789132457
8  46  384.91029127611768
9  30  320.52946500297207
10  22  423.92492232812413
11  54  341.86441961633352
12  62  318.39062360446593
13  51  322.02825198723582
14  90  82.295672015450265
15  93  60.912231693384996
6  44  106.76830970648744
7  39  309.79811856812887
8  12  91.603692458201351
9  31  334.71208759077746
10  47  207.33978660986128
11  64  210.10944473687084
12  66  254.68221984904343
13  56  237.65093197496242
14  86  132.98590186952634
15  81  133.37549647936731
6  48  165.66228902361635
7  34  319.20117077443251
8  35  368.44532893153104
9  54  249.25449846979475
10  62  215.40761496290025
11  67  207.69689535505461
12  79  116.38999342527674
13  47  421.13118507837351
14  84  111.97368239579141
15  68  251.0888495866306
6  30  192.59118609885201
7  24  115.2550959451263
8  48  264.02485313650885
9  76  105.427287863231
10  51  224.33807874039988
11  63  226.6581639942857
12  69  164.08196041715843
13  84  112.58513753290951
14  90  82.437909034477258
15  78  258.84616962016122
6  42  242.33248253324859
7  49  341.20870997054732
8  32  226.60821892029247
9  33  290.85345537103422
10  70  181.3388516755638
11  64  213.67188815793315
12  57  374.28279631535707
13  84  100.58732840363851
14  70  206.75287191436303
15  80  103.49367510743221
6  60  111.82219924791615
7  33  322.21314568268281
8  41  300.13762152236137
9  49  185.51921093787004
10  40  273.10976205643482
11  54  73.903694379081927
12  65  241.45547581557986
13  94  35.23418506573362
14  88  94.654445373949187
15  66  215.52285267753385
6  51  255.12986765450717
7  54  121.67986735477641
8  60  168.11972005947993
9  69  112.07525974072661
10  41  271.967074653483
11  53  169.70901094838098
12  68  207.14010030917075
13  65  320.80534994045962
14  53  295.51983190594865
15  82  125.30076025616867
6  49  164.84672119576442
7  58  115.84140346369045
8  59  201.55698402243564
9  37  278.96740333408331
10  75  184.45333675200476
11  67  235.10261672996467
12  72  181.68263257230387
13  65  289.07557723378443
14  89  77.542596756400584
15  73  205.20686984874916
6  40  229.49966320040875
7  67  137.1652414494398
8  49  238.40572859139934
9  59  213.3359586611387
10  46  269.76831009066763
11  65  273.76805423888959
12  43  308.9262383108483
13  78  170.5536137319927
14  77  166.68102094740851
15  83  130.63237232588099
6  9  85.400401946331343
7  48  111.54667951004336
8  59  144.74313285899504
9  63  158.34987646964728
10  73  173.40760159949235
11  56  264.90533284526413
12  66  194.13776207933503
13  73  160.46594718799696
14  71  206.29520589385896
15  72  261.64759702265013
6  16  87.066802913479819
7  34  348.22593160288898
8  41  124.18694785774785
9  35  602.20648940351043
10  65  154.50895021610839
11  65  162.07782141765117
12  61  256.58024338324827
13  59  243.53610037026672
14  76  201.75464127472094
15  80  200.24203614749891
6  36  353.96224502009409
7  40  178.59484265299037
8  29  202.5845881072845
9  39  346.28019971952529
10  49  377.99962288570498
11  73  121.53520839900196
12  75  156.09954135818583
13  56  271.46975088219051
14  61  301.34428572299691
15  73  191.64860726498924
6  43  190.91561135529028
7  37  441.24466349171513
8  15  540.98859655481215
9  73  133.04806657533652
10  68  156.26236520472992
11  68  196.48827473827379
12  72  159.22658411105454
13  79  161.50444008148418
14  66  350.68258002919902
15  76  201.09279023857405
6  40  224.07474863619424
7  54  166.46600436537867
8  46  271.43205722849876
9  27  293.48738054337343
10  56  240.77743345273419
11  66  194.60942123943852
12  91  62.956411724341066
13  78  173.47939615828309
14  56  357.79592487807014
15  71  196.13075702606645
6  25  161.5211189686201
7  43  156.37056045319352
8  36  323.79359433503976
9  42  252.87326699031993
10  51  308.98549678120321
11  40  356.65098860022391
12  80  174.85255970440849
13  78  123.74229842253469
14  90  70.797382436233335
15  85  130.05654186048673
6  20  199.00526639376625
7  45  214.15026564070595
8  24  647.08987109300574
9  66  182.02890382193351
10  63  366.1056140676834
11  84  95.419754772456983
12  67  185.52943678919516
13  61  298.3001737976162
14  77  156.84173577558849
15  84  107.4082365975806
6  10  213.14660608994595
7  43  234.64766115760332
8  57  192.82570099915844
9  74  154.34346779970278
10  72  137.96076992707361
11  64  162.2612033841306
12  58  309.30099376033536
13  72  187.66514878632728
14  88  88.465754117493816
15  69  237.60366860490524
6  32  171.73323179351283
7  71  119.52514724518777
8  42  242.94197297792124
9  58  202.52200707566425
10  74  161.83834580579824
11  33  591.20173609717688
12  50  364.74420476137124
13  79  147.34923350061854
14  80  139.66882470073753
15  71  287.92093106631694
6  24  152.21721259243228
7  49  162.78561519765844
8  57  252.01281451259678
9  66  172.8689514671961
10  52  197.16255460831974
11  47  288.03736591682593
12  80  160.91444165895743
13  78  104.11148009433688
14  77  154.99572337945639
15  81  161.71783359789876
6  11  250.24464695387064
7  53  149.18200706845082
8  56  207.59758558950014
9  80  203.22136113136568
10  67  144.01351646051191
11  72  193.47015952998228
12  35  426.84345880089688
13  90  72.831245924356608
14  80  208.54243105841363
15  90  88.79485420988118
6  43  281.21683628879111
7  36  503.5486520614329
8  51  174.63416008413037
9  71  130.69869678858242
10  50  373.68595749027821
11  71  275.79151675293866
12  47  341.64080864722416
13  83  125.38718907547228
14  58  327.7921193431622
15  92  114.94188042375356
6  18  310.29456357003505
7  57  179.54976503948228
8  55  210.07300267386631
9  41  336.50879936193547
10  52  252.44008754537114
11  47  424.49206388265588
12  87  94.999999999999986
13  71  195.75157380724073
14  67  218.44733425505345
15  96  31.452431825458582
6  15  219.28007145828238
7  45  190.11656203501906
8  42  269.92118405931876
9  37  198.08027971935212
10  62  220.35867255881249
11  59  234.47639089768114
12  44  357.54394791527915
13  90  155.88247179443516
14  84  129.11116789866512
15  44  361.52453564895342
6  40  213.43682243037978
7  35  271.54055528800097
8  75  104.81535109032515
9  49  254.0839097692818
10  72  94.253280624823972
11  63  161.5036314951619
12  66  244.14047187635239
13  58  229.5223193224148
14  80  194.1580364909652
15  54  345.89906164226625
6  27  208.22971956509676
7  35  157.20909528392306
8  6  207.93359595099167
9  33  271.4099637821796
10  52  282.1960122574464
11  50  291.63261712950668
12  67  201.57491196215628
13  72  208.80580436784237
14  63  282.91824260207807
15  82  141.50142138491444
6  41  222.94663627101275
7  42  258.40795307557511
8  54  144.87178022992347
9  65  152.52300554304739
10  44  360.04092137864399
11  45  444.05729334979549
12  82  82.909847349248636
13  75  171.879359163712
14  79  164.82934997539562
15  94  55.266708130994452
6  29  286.32086903080994
7  35  304.21289802714239
8  23  638.55673049933205
9  37  323.29427572927153
10  18  388.11017035353871
11  70  184.53113344926018
12  70  274.0814528070527
13  43  308.99216276341576
14  66  396.39071301222407
15  78  207.51315310332438
6  62  121.70986081230356
7  34  138.20809419897418
8  51  180.61527261551794
9  46  291.93392800205288
10  40  454.92867519202196
11  77  89.105383028578586
12  71  151.92318336310819
13  79  177.12369229517469
14  74  149.87531636320784
15  79  158.51920963113957
6  11  206.5366489015849
7  43  362.6571921130199
8  53  255.94518455361828
9  62  141.15308817137588
10  78  214.03919302115202
11  44  241.31328754511688
12  77  173.07881287360416
13  80  101.3219074723757
14  92  66.360404450804424
15  69  276.97645911849963
6  41  223.70116405659144
7  28  145.5204587770063
8  64  151.90870654863218
9  81  221.6649659412854
10  70  204.52519571327701
11  31  498.79869821012733
12  43  321.7911419072143
13  63  204.4276459519009
14  55  346.5159382677482
15  75  210.54848810612776
6  38  209.71763761293028
7  22  272.12746568215931
8  13  286.99052266344557
9  71  195.22504535512937
10  46  312.2014930795674
11  88  77.077280225399548
12  34  372.54243197635702
13  52  195.36661658403671
14  87  96.046427614853201
15  80  200.53843934230699
6  29  264.90335561607611
7  21  429.54108593889163
8  21  319.95254191180788
9  69  107.78846757799229
10  44  261.00678455125023
11  57  255.82316957202116
12  82  108.17111883882971
13  59  351.58650700969639
14  81  133.45614087559696
15  71  288.95559160553472
6  22  213.59593997528128
7  22  444.7035337791246
8  59  242.08628885128303
9  57  170.20155113569118
10  40  216.91469448277036
11  48  162.8304334132126
12  75  103.80747257645325
13  51  402.13928063842991
14  76  130.79954124624032
15  80  200.2126298983612
6  34  200.93799327222973
7  38  258.27933561943769
8  49  242.3038197837206
9  63  199.85789018701334
10  45  299.58531085180971
11  45  315.8121510217332
12  70  250.57169886666301
13  66  217.66825776638825
14  77  173.68053816566962
15  95  45.407068716818799
6  36  183.45141202376865
7  27  170.88335206783671
8  58  143.07568020901846
9  30  511.40069182652405
10  72  193.5657479993188
11  72  98.84870585609049
12  88  78.906530659344824
13  69  249.1843251972243
14  71  265.95480177779916
15  76  208.44918779107803
6  31  329.36536669850409
7  36  338.01667925059633
8  60  247.6545315943973
9  46  335.40992695448654
10  63  196.66385006337669
11  62  327.27306165129829
12  80  134.31883492339998
13  58  266.35876356007077
14  63  254.61148616450669
15  89  99.357457350692187
6  41  212.30090186669437
7  37  219.22505231639846
8  19  170.01380546279032
9  39  184.75761638262247
10  54  195.15677961398376
11  53  280.11030830637986
12  79  150.0925762789974
13  38  551.79749692696225
14  89  108.57845790128967
15  87  109.88733752762548
6  34  215.42942656025639
7  53  122.47448687737507
8  35  320.96119247287987
9  31  392.80602117030878
10  84  118.30426339059214
11  53  394.79672320769464
12  46  348.62538826704366
13  58  319.73524631943002
14  65  245.88636219028132
15  78  170.56268895789273
6  31  181.91113686816232
7  36  216.22827034021566
8  69  164.31961054087034
9  51  337.39234268592037
10  47  245.36757262351514
11  57  103.14375341467284
12  53  323.13570957874873
13  57  281.3887898548943
14  70  224.58343895829861
15  75  195.75987139594136
6  56  191.75538971801717
7  31  393.26414256760654
8  28  436.64565892010398
9  51  227.92758527925929
10  60  252.30007688420119
11  63  342.55567540644029
12  69  184.99962723577781
13  74  211.55638990527783
14  63  319.93264088841107
15  41  525.29557971815132
6  20  242.821144010761
7  32  253.50030005416693
8  55  125.19832814629613
9  44  294.94509827547398
10  63  342.4038093345863
11  68  176.254051875887
12  89  81.465142367650557
13  61  325.62027523126073
14  76  145.50944266844215
15  73  191.32179219509439
6  47  195.90108712130342
7  25  206.52790415984427
8  47  203.53095233475869
9  50  342.07420213343426
10  38  270.87365400747206
11  81  128.52478736670844
12  94  39.087727380809739
13  61  273.6675979589553
14  67  297.0471117536992
15  86  93.262463336273626
6  35  252.17384223578171
7  53  310.26725823559309
8  32  204.19799784816558
9  55  213.84812730009267
10  63  198.47413671107785
11  56  238.73300900507587
12  72  184.28528838084236
13  64  211.11124242654938
14  93  104.93320708406613
15  86  141.25325790639818
6  24  178.72024375074952
7  50  271.16434416044353
8  61  113.83382429697566
9  15  348.88397577594168
10  44  357.17784357205636
11  54  247.25912836124377
12  38  289.7217682478659
13  79  153.22448462041351
14  100  2.1330700006733756
15  85  125.05512517423499
6  30  241.00085391445594
7  25  257.91152831049385
8  35  174.26518836960426
9  65  156.44250536493422
10  46  324.51778480710107
11  70  157.38878878159784
12  62  249.34380765509763
13  56  309.26194934905789
14  85  92.746620905328896
15  71  230.90834440041647
6  36  152.29653384312238
7  28  412.18940523786119
8  35  318.46142346404554
9  31  463.51980769564187
10  47  194.87293220662983
11  31  398.24358414955799
12  54  248.41163363419255
13  80  122.57585262864328
14  81  169.74122351787631
15  83  119.02374531643046
6  25  203.13444050121342
7  34  401.43344207632464
8  53  129.74606559362212
9  60  124.01907034278489
10  53  266.87955337197138
11  60  316.7617009148691
12  95  35.038694254300609
13  70  168.33983662744637
14  79  146.63259912359271
15  94  60.384798699168741
6  31  215.5965320021584
7  33  290.82220656997299
8  45  312.68085853325312
9  43  271.3561664499415
10  27  247.30381448228567
11  51  394.37936890347174
12  65  203.01384729040805
13  77  199.40345370075687
14  60  337.11913724372647
15  53  369.87576452430363
6  35  127.91805042991135
7  31  198.065058686626
8  67  155.84601755807483
9  71  186.11920378834947
10  65  209.58599645410823
11  94  39.000000000000043
12  76  170.24931096019571
13  43  268.50182547280997
14  84  153.21939173968931
15  83  109.87436515192634
6  38  192.63851912252017
7  45  151.19761971782157
8  58  306.40317844773153
9  69  134.14301480438303
10  57  290.07986585736245
11  63  184.08304761391878
12  54  243.45646886492978
13  82  98.597162530437785
14  69  218.18972411282584
15  79  202.00000000000003
6  39  153.19197850469823
7  40  260.7225439260165
8  40  275.82573021448042
9  68  186.7009195356265
10  60  210.40353627859355
11  77  128.688415382367
12  71  90.431565866282469
13  79  149.30848830228408
14  68  244.34302051901955
15  91  79.271236380804396
6  31  326.81409928651311
7  49  176.69795230012073
8  51  362.04754952833429
9  35  266.76764894526258
10  83  118.90638576782375
11  56  307.39887530594075
12  59  257.45282399499786
13  87  174.99999999999977
14  88  79.867308218303208
15  100  0.0
