2  4  178.42780531544437
4  47  113.25310489660482
6  39  47.651418571144852
8  50  248.0863315678001
10  63  168.60152313902083
12  29  460.94628546681605
14  64  153.38316861223743
16  61  221.02219833838242
18  60  364.79309798440187
20  55  386.11356036447404
2  1  47.000000000000021
4  39  83.518610649950944
6  22  237.68240039664283
8  48  230.46973397627852
10  73  68.696375494548789
12  47  87.066051694071646
14  60  319.48360509468495
16  56  218.74516861082236
18  42  212.65664963668712
20  65  121.55838371140284
2  5  138.4649080388692
4  36  101.84383417051799
6  54  77.240729340493246
8  61  126.09567186999094
10  75  35.423380796847454
12  60  84.103615653009854
14  56  339.326798253297
16  34  341.88174037965302
18  63  131.16801882666982
20  56  186.15716269993382
2  0  34.000000000000071
4  45  87.601621365202917
6  14  266.53465801820118
8  57  137.74793721524958
10  54  235.00201776632534
12  79  136.05302602159952
14  76  274.36583657490468
16  79  21.960828139017046
18  76  20.905357520737894
20  73  411.7164354809932
2  17  98.897356408698442
4  49  57.095110227106183
6  31  179.17045037350405
8  78  98.937056024518554
10  26  593.31437311558977
12  64  242.89302976392366
14  66  115.48962569432452
16  62  388.00867337162754
18  73  108.32937288379092
20  30  725.10936944085506
2  33  27.217029992280185
4  11  150.83071713582081
6  43  58.66554531263926
8  18  284.08840195821125
10  59  149.62520044762852
12  71  199.70727206215599
14  64  166.89654125498058
16  53  439.82392379188667
18  0  1151.6636898147874
20  70  119.46506304232486
2  0  119.20202205459164
4  34  71.312009035803058
6  47  83.117312083367295
8  42  358.11052633074712
10  39  216.20515406330384
12  17  119.46947132579123
14  55  282.15841673970579
16  77  84.715909226244307
18  54  230.2781029371381
20  60  78.315847191382232
2  0  59.415035886089434
4  9  142.5950584167596
6  44  136.69617642870153
8  39  179.30634554588886
10  68  46.727405817371071
12  34  532.69128600837394
14  49  218.49545132806892
16  57  90.88349480409012
18  74  134.33111609003018
20  64  101.76137651725789
2  14  104.43346702735009
4  39  135.96695094676301
6  36  200.97178596139352
8  64  170.15231561054409
10  45  392.61989745224753
12  35  337.21905842679007
14  26  620.07102229914619
16  68  168.18325565146139
18  46  706.30010703964319
20  73  174.82211926734715
2  6  19.918076011060769
4  5  162.15995769588577
6  39  181.01674550223368
8  58  130.81761876387739
10  37  258.33796677490858
12  67  53.510119528942255
14  35  623.47170494303452
16  53  91.714216276685292
18  91  56.743296960963562
20  50  134.67203136994806
2  0  83.571918775710486
4  33  127.96532989250608
6  53  140.30106886757579
8  31  296.65380247199357
10  26  172.72602545518382
12  72  18.986506566280042
14  84  69.290145863528792
16  71  210.10978904378626
18  69  139.75124139784302
20  77  129.03931027515173
2  40  128.35000012176008
4  8  251.1758233469163
6  32  352.1761525416938
8  53  115.83552967151529
10  46  164.11803125770049
12  86  84.059325285409741
14  48  141.35579517974011
16  58  201.31844202164305
18  63  21.099102046173989
20  51  702.45299095794599
2  41  93.129838898867177
4  31  127.00478058218638
6  53  161.08624000498875
8  26  215.25439089629182
10  12  378.70707821262317
12  18  231.78684467680282
14  51  331.68151669501941
16  62  355.47468523752212
18  60  234.00230641956233
20  74  149.73724378302106
2  33  49.514387116932639
4  51  101.88928839379322
6  22  289.34295855594178
8  44  291.02092770520824
10  64  69.57201557934853
12  51  116.80427951110407
14  62  152.6498121127072
16  68  60.969137731793225
18  60  395.5080959030264
20  73  3.9230534087059583
2  23  92.213764066707967
4  23  134.16752217809028
6  25  136.36037442721866
8  42  37.579726040627783
10  56  163.3994125588579
12  21  465.21361001071506
14  58  6.8233149217480831
16  65  112.35791360545454
18  67  177.10605192348419
20  72  141.85903565576629
2  4  99.999999999999943
4  0  97.999999999999915
6  47  302.85699569446297
8  16  147.77172795230942
10  46  302.7833979298569
12  72  59.963112048918447
14  36  368.81371285560516
16  22  698.82183071578368
18  76  133.57211768436662
20  62  46.325508606374946
2  0  28.203625346872506
4  35  95.686406203259935
6  50  139.44050561028374
8  19  372.38580076692182
10  50  63.473530545287453
12  33  250.4837780290523
14  20  431.6503224229088
16  56  324.91379425444126
18  57  214.43820769889399
20  22  148.26626024508292
2  28  114.70482288947903
4  12  299.43679982710034
6  34  315.31269977532151
8  54  86.062211751155616
10  24  360.85076429371713
12  34  283.03702595843447
14  92  40.193919080716
16  52  215.85985196182864
18  43  229.27536476079962
20  64  197.02002928047017
2  0  139.9390755504071
4  33  164.03865816592918
6  40  114.35097366156675
8  50  181.12670082248044
10  40  70.628138119806465
12  58  38.359298922348749
14  28  472.86833800972096
16  65  165.30315321976775
18  62  224.77394320301076
20  3  808.36477828607883
2  42  122.00303284367753
4  27  103.98011893874646
6  55  123.38008432542391
8  26  126.14292040721894
10  78  96.829099055425729
12  67  155.48202742185737
14  28  480.86207325051561
16  75  47.162979966485437
18  61  166.03140392346347
20  40  104.65071223084701
2  11  67.083309508557136
4  29  93.195400166595462
6  39  310.39750491482943
8  47  233.02939432913735
10  68  227.6052215348065
12  54  395.16149798716475
14  49  73.541905242408006
16  59  83.689969255825915
18  38  698.78421308541408
20  53  113.45667736955082
2  0  70.744155676087217
4  26  102.44979200361863
6  37  67.447722814306161
8  8  305.75213237823209
10  57  91.216829837797789
12  57  347.80978544125702
14  57  325.04335428563269
16  94  34.728523770709394
18  41  451.65649942998817
20  44  656.11689945523347
2  12  178.83428921163193
4  27  43.093712647982144
6  5  112.26221068114172
8  43  241.62760510644873
10  51  236.33663131424814
12  32  59.099491237883718
14  44  337.88358874731648
16  67  188.547556566879
18  55  220.920122442484
20  57  165.7026310744007
2  23  113.63464012258581
4  36  80.238844902433726
6  41  153.51546654934245
8  24  167.69787203149201
10  25  168.68049438989763
12  41  639.87747997768963
14  56  310.48513744529731
16  75  217.54666257242457
18  68  85.068448826337772
20  70  94.953194762476457
2  25  84.85661154595897
4  32  160.49139641456213
6  29  134.77218103673258
8  55  109.96678390564398
10  62  182.6394164937407
12  37  201.82263832912193
14  75  99.720608773329147
16  49  285.64680408361892
18  46  366.4355921901132
20  74  111.9477475545747
2  18  36.332663392381882
4  15  140.04022123366229
6  17  154.64209283985656
8  65  154.43222894459723
10  37  199.65650021561729
12  51  171.09577209218187
14  54  311.36724515290274
16  72  111.48274319041057
18  69  279.5831025896311
20  77  210.86207737823457
2  33  117.97316231807267
4  40  138.82370019686903
6  10  165.48255392681799
8  40  246.81683705398655
10  35  132.88361478725443
12  68  233.96141956167327
14  73  94.790556894143364
16  75  65.411058193359352
18  36  37.622022794777124
20  81  134.63119321673719
2  11  78.078464353860554
4  17  158.15351309630105
6  40  145.89001278351481
8  45  126.95707315438528
10  58  139.83091345952101
12  53  214.06277150181521
14  56  197.36534037128982
16  69  216.64306369933487
18  81  192.83978241687689
20  82  101.81115722115396
2  23  95.382029419249193
4  76  56.033217923911486
6  61  171.02475876519435
8  56  258.19117487749799
10  37  398.1064826848621
12  51  163.79517504012827
14  61  92.8158542645983
16  64  229.90909291139099
18  61  407.60787792285123
20  58  171.89171055366066
2  33  62.851831507710848
4  27  116.77635008464796
6  43  121.38579193998059
8  36  238.47704713173047
10  71  180.99074246265189
12  28  403.4373856268806
14  86  93.48424419644239
16  51  405.41630220813636
18  60  523.07592494857374
20  57  421.44809659071183
2  23  139.1458795383935
4  32  118.36945783320023
6  36  102.44946418992041
8  39  300.52880297317478
10  70  71.711977691327647
12  68  148.13623616310176
14  45  64.095983973284319
16  50  104.04482998919856
18  69  98.290885482507406
20  34  391.11586016108384
2  5  170.02185705419527
4  26  211.02540489198276
6  62  190.78636195265949
8  56  209.02203444284171
10  45  106.25274672994507
12  60  149.47242575576414
14  35  58.271358877208051
16  45  200.58040836041903
18  58  392.83351419754615
20  66  83.781303031060602
2  41  87.417146657463789
4  30  62.991330950566706
6  38  247.22507868374399
8  14  175.99999999999994
10  67  196.70926129880471
12  43  217.01152915085677
14  70  53.860514914222748
16  34  682.70859931583652
18  71  100.7794031030368
20  58  293.68764370012394
2  6  88.893354281048275
4  0  144.54504710259178
6  46  167.89473333568475
8  44  110.98002263271478
10  45  286.8579692580625
12  75  179.19777427501461
14  68  63.620286298212861
16  38  211.86351437549368
18  64  416.93995053253042
20  35  249.09776346789991
2  10  104.76753639296611
4  20  143.16306843581981
6  35  212.0734969320421
8  37  95.547136766900749
10  64  138.67156958323247
12  60  185.41026935989447
14  53  74.008107122011168
16  27  701.34757120361826
18  32  738.40145426803724
20  85  70.424583327874771
2  38  75.180946023158214
4  4  127.50814189276578
6  34  39.405044023704924
8  63  92.693614671209104
10  63  70.851364843699145
12  36  367.01035828685593
14  69  162.51343534725575
16  58  230.01955222438107
18  64  71.610618203131253
20  95  23.577491948839302
2  47  110.34735118592386
4  42  65.670339314348936
6  49  139.51843600466719
8  28  277.69408544621734
10  14  311.4300362161357
12  62  182.7731019332472
14  66  141.26018905845075
16  60  227.72610692897274
18  74  113.03394668762176
20  65  103.36629742211115
2  39  68.051048555090489
4  15  66.260256523438002
6  31  199.58564793086751
8  57  245.48745026880309
10  50  148.25708462584993
12  65  169.79770598487789
14  82  120.64566420269949
16  50  407.54803702733983
18  67  133.98379074363476
20  64  244.30111861514914
2  28  114.32504406803109
4  21  133.03570609005277
6  27  280.22674000825043
8  45  222.39963196477299
10  64  203.91636596821371
12  48  192.66014245534797
14  38  340.64305876826393
16  68  131.66472219680622
18  56  140.44863676374575
20  71  48.314482136307866
2  0  0.0
4  46  70.602347988577861
6  36  68.463273532144356
8  59  131.71800174127875
10  70  170.78066374216718
12  80  100.55855362101178
14  67  145.40062534563961
16  56  206.01421759793101
18  70  153.83767417084249
20  68  18.430490075438449
2  28  51.022553998025984
4  50  176.08614532482341
6  27  310.94398371430538
8  47  116.95966417185139
10  63  242.07729496215256
12  56  227.40192312955296
14  50  351.19375275892367
16  51  272.80751694261238
18  53  302.15382384517045
20  72  35.898977705069022
2  37  46.488608946623934
4  26  121.44396191321978
6  60  112.56444200639568
8  42  230.09457846133859
10  36  275.00073734039989
12  46  313.08406729162903
14  58  273.95087957689697
16  85  44.420432605698863
18  69  293.87268115397944
20  59  163.93852255739705
2  10  85.606865333088336
4  18  93.471752749609379
6  37  151.42014080284801
8  29  439.12775793376113
10  31  224.48962012473086
12  36  117.49175065916442
14  54  179.42529367878615
16  67  29.159795116178962
18  75  162.02649602068942
20  53  104.5640835170269
2  0  99.729316800212956
4  10  156.22018342430127
6  9  220.59743051532001
8  51  114.44396023747069
10  35  399.41409838279452
12  37  495.24429169325481
14  63  101.37837199653823
16  62  73.362748318003753
18  63  39.548000315342286
20  82  181.86263939958627
2  30  141.08656708277002
4  7  227.83676909481409
6  54  208.6228371522711
8  48  138.66317785400153
10  31  279.47294007127772
12  51  225.94928590526288
14  28  162.71140278425506
16  45  160.09888103818372
18  74  166.48498814511896
20  88  0.0
2  24  92.785442451009828
4  23  90.760571440962707
6  35  111.37452045068586
8  20  318.97252539079659
10  73  178.37879749481675
12  60  72.559532769751371
14  68  45.49387201910222
16  30  274.07712702566505
18  76  204.49740156386298
20  53  61.376381509824057
2  18  103.34194396782578
4  0  112.19821123898448
6  28  136.96936233741818
8  44  132.50956784122744
10  30  393.58177906292008
12  47  19.423163022762481
14  52  338.7004872698293
16  21  273.95196819831693
18  72  9.1745614829135533
20  75  141.50087994981502
2  11  159.44235933047128
4  20  87.524847712560089
6  54  108.24118306161391
8  42  213.05241294636835
10  58  37.014315819594231
12  37  581.46975134649449
14  55  391.36885854877778
16  40  317.69116657919955
18  72  50.140713427184551
20  57  190.45598093428364
2  13  159.92412703293502
4  16  170.88772980076394
6  27  318.73221795091246
8  44  231.15676344305604
10  41  33.717321144753903
12  42  362.4011619036749
14  77  159.06811492769307
16  54  235.22588377392651
18  56  372.60002319761696
20  71  286.72396059359721
2  13  124.57676980057968
4  9  151.02467174092737
6  18  209.32281931083114
8  21  241.05763985708842
10  74  139.17528087467923
12  53  141.99521832260334
14  30  441.38466141025526
16  59  222.63569679324709
18  59  469.2444064228348
20  73  76.603777516792036
2  21  145.54134396307305
4  47  67.657571459081382
6  32  139.08786087589442
8  44  192.69348086242948
10  27  207.38633946020263
12  54  139.24052589514108
14  48  118.37691225208113
16  50  337.47438068659119
18  92  68.871531377584418
20  55  129.17573576268251
2  45  61.078498629000372
4  31  104.9941466583529
6  28  137.10313232687983
8  51  78.639125267621196
10  46  291.75803987060283
12  68  71.3012868432278
14  46  245.85632538058488
16  85  147.26482666743593
18  54  150.307354586636
20  81  105.84659900334906
2  20  55.968235542397295
4  29  206.63706588773772
6  29  173.46074370406592
8  63  180.13189921756856
10  23  215.65125496824606
12  56  130.63646429022137
14  59  257.65000637845429
16  73  150.18105929624278
18  33  650.01958384631212
20  46  30.903761627178298
2  38  107.43860908601671
4  46  192.61613720357963
6  91  32.16374072381204
8  53  221.26937405665473
10  63  165.18378426500021
12  69  192.9757333499177
14  38  185.26727198218862
16  76  107.90672469341627
18  65  89.31360187180924
20  48  182.0894905255721
2  16  98.919554397841779
4  27  178.5638284419895
6  21  310.95964070237687
8  25  178.32421001951056
10  45  193.47600134637457
12  78  110.73912872763157
14  44  52.647064148333683
16  97  25.153584467532003
18  52  291.88626623431395
20  87  22.227865486973787
2  20  83.125180081804999
4  49  101.44521080109654
6  37  110.4550231688489
8  76  97.741497662383111
10  50  70.375598001281944
12  51  351.69025592589799
14  72  183.30546623765929
16  36  255.77039731264651
18  50  494.82745528996469
20  41  412.14156985083901
2  0  18.999999999999996
4  43  81.409717905361546
6  61  27.355748129285598
8  48  232.36253275876464
10  45  201.83654257634302
12  75  104.45561017164204
14  57  356.58990786043239
16  66  246.07389666694357
18  58  288.02516360304406
20  42  169.98525851411983
2  6  76.743341656693204
4  51  37.204300290115356
6  18  148.96588197679284
8  53  159.89501948791346
10  30  278.84964446060087
12  76  130.0991143266165
14  63  325.52433887012677
16  69  70.546846055680817
18  72  41.048515234434312
20  91  75.558950440221338
2  0  66.000000000000028
4  38  129.27669615434752
6  30  242.3290583564914
8  6  207.77500748301296
10  30  221.06999955437627
12  6  462.50776477751566
14  40  187.34970487360135
16  65  231.93447526878251
18  9  764.35169281327023
20  57  357.33865170196168
2  46  53.638003785957515
4  47  60.864796919115825
6  43  117.86108788184477
8  34  172.0541857674111
10  23  480.20306351427973
12  57  210.7983185272262
14  78  144.54906684479886
16  59  126.3744424242258
18  52  456.21686254609443
20  66  140.54893591861287
2  14  140.18850032749319
4  6  172.12312508680125
6  19  162.02437899327776
8  33  214.81365296377993
10  51  72.947862132793659
12  44  104.62905615776526
14  5  713.94056931014813
16  67  77.908204141736434
18  48  268.84677267793194
20  37  172.51452109685562
2  0  99.999999999999972
4  50  96.328263301725457
6  52  176.98410358697703
8  27  463.96943105456012
10  20  134.98597094825615
12  68  141.14080808947756
14  27  326.36413398120948
16  79  39.492373868881955
18  39  181.41232724132433
20  72  161.60282058086835
2  28  107.82322725660615
4  17  229.0539806773958
6  12  144.75327610166883
8  27  380.22164906997284
10  72  152.53259527956041
12  70  74.667052262471771
14  52  172.54857835468292
16  60  319.80210119194231
18  53  304.83143736264174
20  84  87.392738076916885
2  41  95.658286611149151
4  20  82.27630001954229
6  44  191.87943857593055
8  39  137.33501553546387
10  62  130.95431749617913
12  35  181.99753155375288
14  60  195.71575912729847
16  85  93.17469669390529
18  76  94.518370656028239
20  33  195.44002232910702
2  15  109.87078847206026
4  35  173.83990126743032
6  38  193.5303503945822
8  66  78.683244243245241
10  37  238.54046478971907
12  79  133.3060898625931
14  47  84.763138382201873
16  66  326.69367041633438
18  47  451.78923489533838
20  53  228.74911538973583
2  5  146.83867604661151
4  35  144.25885418087364
6  69  127.87270786679539
8  51  135.84518178711255
10  27  186.87962911776219
12  62  178.21199491912731
14  53  242.4247788598465
16  14  264.47005318781834
18  29  387.39259737184096
20  74  148.77424827687264
2  9  61.34026764841947
4  27  166.4632435614881
6  41  225.22901304226173
8  6  631.86463930840557
10  65  98.755020723390857
12  71  89.649373532781979
14  23  299.89405836553703
16  45  273.94854701737432
18  66  97.820800595874957
20  39  559.20336469591325
2  13  88.662702741188227
4  6  74.353387818966439
6  60  160.05238380123498
8  54  114.84756934780502
10  35  94.306975018249375
12  68  244.66098045289363
14  42  319.59236240835395
16  77  67.662592945543096
18  51  233.66689279097653
20  91  89.828651468500851
2  0  101.00000000000001
4  15  71.894622542924168
6  27  287.0304217857846
8  37  347.98918341807536
10  37  252.09838248258635
12  40  111.77931524296945
14  73  110.74473144444448
16  40  417.89125600455839
18  67  157.21905576348502
20  94  125.69595943053045
2  33  101.18187950421724
4  15  75.503532048623867
6  43  266.13182103285806
8  38  306.60529251943569
10  41  366.58170385856033
12  26  631.39798550948501
14  48  239.17434557879275
16  76  161.23634877984017
18  43  350.85355588441467
20  43  418.02292584579988
2  24  83.500472599339673
4  18  125.94287378865224
6  11  229.11688053126241
8  51  164.72542390114077
10  38  39.73622782403713
12  57  264.39353707687746
14  62  295.43022203373255
16  75  247.72415932000837
18  30  124.24522771504471
20  72  353.56800314303274
2  7  18.342677145976367
4  11  111.222092675398
6  67  54.543186663024983
8  10  545.49575698224157
10  61  178.87736367137634
12  53  134.54303296958128
14  8  570.16271430992231
16  75  255.78040768359392
18  61  148.28100391148581
20  77  159.38265787566237
2  8  167.17139146295014
4  0  252.41908203116483
6  30  355.58162289957403
8  56  253.79996865382645
10  54  221.76992663249462
12  53  168.76809338673613
14  63  404.48844331388307
16  69  63.489926918159419
18  65  243.28518614881304
20  46  322.58339321066438
2  8  144.77633370693189
4  23  192.09072758330913
6  38  306.23550320129539
8  56  51.93647519868307
10  34  180.08811328258514
12  53  81.169405336749151
14  53  100.21729931891744
16  78  174.94796871872211
18  67  205.60698307970725
20  59  296.31048194152265
2  0  83.754820520746577
4  39  210.8297259384492
6  33  203.86158173824975
8  33  64.342280934755152
10  7  241.07515587315928
12  45  0.0
14  75  261.64021607932705
16  48  88.213038464336776
18  60  29.310853015452402
20  47  591.60698240835779
2  30  47.095582958679415
4  36  182.01241504333618
6  34  322.66163812533478
8  40  343.57343210425296
10  51  278.08531946951547
12  64  67.46935221218888
14  42  221.8813381009135
16  93  27.483811595114361
18  51  485.52833362100648
20  29  768.8265192914115
2  28  47.958097029997688
4  27  149.51707961500867
6  14  90.916433775794147
8  54  75.656193629769845
10  30  312.15920469591288
12  69  136.91508121691919
14  29  203.92511770675944
16  65  100.13435418222653
18  40  418.87912710831171
20  57  124.54711483269587
2  3  154.89164130023536
4  10  78.078594665496524
6  47  133.74497331946634
8  47  237.65435089055225
10  45  224.73380312598562
12  14  470.40244316264989
14  56  246.08953660642197
16  61  220.70105644436191
18  29  385.00433209642523
20  55  597.37603410019403
2  28  119.93999930665848
4  44  110.86993498500013
6  7  180.20175210080293
8  18  217.51207733227602
10  46  331.15534989425669
12  66  261.86593778706526
14  52  236.54333804571081
16  53  153.44341431514334
18  57  68.053481674781423
20  67  90.940919928999861
2  28  122.73051319886434
4  26  92.442866388591511
6  55  110.88085948114792
8  71  185.60847888316567
10  51  259.47996562222255
12  62  169.75488322070612
14  54  200.56702156101812
16  61  28.389778963360822
18  50  116.05413312704327
20  59  193.15065189232018
2  33  77.930541113895103
4  28  31.789971953492117
6  29  177.49495924773771
8  51  269.90425814078668
10  69  109.21241861945055
12  46  230.21236820985874
14  85  54.806121736395305
16  82  130.07023286020288
18  75  103.49322126610366
20  62  199.67306794174232
2  28  96.048225962178321
4  17  233.18679375248618
6  46  130.36741472356451
8  46  339.62993657755112
10  64  174.2266043434087
12  70  102.13826510487918
14  85  110.99937664666048
16  13  607.01089271458329
18  68  208.80319861329383
20  43  494.22079840396657
2  19  145.23531671179845
4  11  62.744355493701434
6  61  118.54209968157717
8  55  155.49585551889075
10  52  185.78866150446297
12  17  440.83076749110876
14  63  195.64523965473907
16  59  310.53583492214494
18  52  58.51522435640107
20  68  4.6773771938842597
2  33  73.16266107188406
4  29  233.46453268292575
6  17  274.95739916211255
8  71  90.250323462314242
10  25  177.32343265755856
12  24  467.08825436651756
14  62  167.30599799573918
16  49  350.5428546992128
18  59  118.98813449444853
20  60  313.70848824261179
2  22  51.434882981367636
4  29  215.76228586035157
6  38  157.40966292532258
8  26  380.68271992702466
10  29  440.9019293208782
12  59  204.98830350347166
14  73  153.27512875559731
16  73  86.024733792818594
18  48  513.37334492488981
20  70  126.94986466894073
2  8  78.459434776442464
4  16  98.442186068440307
6  36  259.88460536256412
8  64  179.855992790735
10  22  295.21967932734873
12  36  225.80435659624411
14  87  103.52908283373135
16  75  120.65689716894727
18  65  122.45265424709322
20  66  69.312756559014872
2  15  101.14530624702988
4  0  44.806994033671103
6  44  231.99366444371523
8  39  191.47785605503887
10  38  308.57183261325844
12  70  156.46844436253858
14  39  317.52208416489634
16  52  119.09380814555834
18  55  138.03229173982047
20  67  198.69341961910956
2  17  66.308889560084467
4  28  62.738034755997141
6  69  65.237154790195731
8  54  200.38997705369519
10  45  102.81240559786306
12  43  447.49059584441341
14  24  515.0418974454318
16  33  546.96985131857923
18  57  95.13626681752946
20  79  170.95969300462107
2  0  19.999999999999986
4  20  140.08912982911897
6  24  173.89045130113234
8  41  169.00000000000006
10  58  77.428785967563002
12  60  176.32894566521651
14  35  178.08184824057003
16  31  547.86984632915517
18  61  369.92423057755923
20  27  856.15453515224021
2  14  107.93527375848267
4  66  61.972334471125855
6  34  183.28910273463109
8  52  148.08721906863238
10  96  23.644773428170776
12  38  289.76724090668517
14  71  158.27510419809221
16  69  107.34979057126749
18  64  164.08634769155211
20  45  512.83321230940203
2  26  128.67188597322493
4  31  189.41962242677437
6  28  201.27331917212587
8  27  174.29577782117266
10  53  246.54101576306005
12  12  211.02252773931241
14  78  95.899361539631542
16  49  146.72685159943836
18  51  257.39546909257763
20  44  503.4713797175761
2  10  137.38596642929252
4  32  143.28365601504655
6  8  91.007338483925466
8  45  211.95038164241052
10  56  91.248506251168408
12  43  440.53142643187243
14  78  138.22082903482331
16  57  235.87208781413347
18  65  140.23517674571741
20  47  270.33068743490588
2  9  96.885702747118074
4  15  187.98438894928111
6  18  305.63586153369783
8  49  138.70670078133892
10  53  270.43684232572713
12  63  113.69866481481721
14  54  182.43487703369692
16  70  114.47925339095841
18  31  105.17193515722626
20  46  104.76700350962082
2  15  173.65613270544631
4  47  79.91700788620264
6  35  65.061098579504588
8  65  109.11126538966101
10  58  120.0600450510357
12  62  138.39276063874138
14  57  323.39933165265523
16  39  380.09134952577148
18  66  238.1969823392665
20  19  723.34689229779053
2  0  68.893862042528283
4  10  125.8459968410435
6  42  91.296057892808363
8  72  190.69317071488436
10  22  394.52376679754764
12  64  32.787159128529986
14  29  721.48067212181127
16  39  16.616198236091513
18  63  171.82360503473234
20  90  39.79812389393436
2  6  119.70998979249018
4  21  71.962165790350937
6  46  243.39434233073587
8  55  124.84309684292
10  30  260.58189810295164
12  41  180.77586141484403
14  42  92.17199578646995
16  47  228.6855681610165
18  56  418.64722981137845
20  51  233.50136981924996
2  17  45.0695095860588
4  32  160.67587946156414
6  25  201.25971314303513
8  53  86.051530443325291
10  46  133.62607658944239
12  15  429.83592162517664
14  47  285.96086660667311
16  66  217.46775400870214
18  62  254.95489729685715
20  66  241.46280566983052
2  10  136.40887965965081
4  32  187.36226687665533
6  31  274.93752975086267
8  38  265.83128267873064
10  37  419.95581839528825
12  74  139.98454650420527
14  80  159.90540849244056
16  63  237.70116579985449
18  57  158.36400749744422
20  63  246.03856097038479
2  18  81.092160952405209
4  54  100.784652291659
6  21  219.35463259578688
8  33  96.799424795377632
10  43  382.55939539197607
12  62  140.37325490404075
14  57  226.86037011485627
16  78  229.76694905355296
18  73  129.48126183449085
20  53  318.75954249502047
2  16  101.32382297650128
4  35  111.75680547822466
6  40  145.48998894273885
8  43  150.06250300847788
10  58  53.897888474064985
12  48  390.80879074176067
14  40  404.73090055263845
16  61  244.22453560520179
18  32  541.70686592554739
20  68  217.109821842309
