2  19.666666666666668  140.35905956197328
4  41.0  289.03829630486962
6  62.666666666666664  333.19211357197509
8  46.666666666666664  528.04269922355604
10  66.666666666666671  447.41350959422505
12  71.666666666666671  361.60887205505162
14  60.333333333333336  602.85895199120159
16  84.333333333333329  346.47297483507782
18  83.0  372.57406447517917
20  83.0  480.20855436706523
2  28.666666666666668  164.85524154246531
4  50.666666666666664  280.87212025775585
6  55.0  390.19046555178249
8  54.666666666666664  466.03880061767399
10  80.666666666666671  324.74664225875154
12  59.0  471.44865013318082
14  60.333333333333336  519.57843105709321
16  70.333333333333329  438.00597549425765
18  84.666666666666671  348.1941562777763
20  79.666666666666671  471.19752757924948
