10  63.666666666666664  456.61972014049593
15  70.333333333333329  501.07366009436555
20  78.666666666666671  445.14765915396015
25  85.666666666666671  420.40945216326855
30  81.666666666666671  415.92351891607154
35  84.333333333333329  502.38760084697969
40  84.0  395.88867747034783
45  91.0  400.40266285465771
50  91.666666666666671  299.21871131773491
10  59.333333333333336  471.03977558607227
15  68.0  517.364869330131
20  82.333333333333329  464.5593228596349
25  67.0  750.92134892023785
30  90.333333333333329  316.08241784995414
35  80.666666666666671  532.9121749605722
40  89.666666666666671  335.3940498046934
45  95.333333333333329  170.01343854109663
50  91.0  307.09067036526193
10  54.666666666666664  441.14434454210857
15  59.666666666666664  651.21655492999321
20  80.333333333333329  410.19440336091435
25  80.333333333333329  484.86246298047189
30  84.666666666666671  332.67737192324938
35  82.666666666666671  571.34789738415964
40  88.0  537.88014798875474
45  84.666666666666671  465.87529389986861
50  90.333333333333329  374.81801868555647
10  57.0  486.21237904628293
15  52.333333333333336  644.10634937972384
20  82.0  409.11750286191244
25  83.333333333333329  468.39419632479763
30  87.0  361.46350329754279
35  78.666666666666671  504.1989222555174
40  87.666666666666671  396.26066817388528
45  90.0  348.70171279128266
50  85.666666666666671  479.93115296945388
10  47.0  401.08335876580617
15  70.333333333333329  484.73608896327335
20  66.666666666666671  530.93958258418218
25  87.0  431.43439085525932
30  83.666666666666671  517.01223126798686
35  83.0  518.03781627180092
40  83.0  585.09488899458415
45  89.0  396.17424797131923
50  89.666666666666671  376.08100305741766
10  53.0  466.96813917886487
15  64.666666666666671  480.945671675901
20  80.666666666666671  430.25269586772839
25  85.666666666666671  380.11195819900422
30  83.333333333333329  542.65748171741586
35  80.333333333333329  386.55027104281891
40  86.0  534.78314317271872
45  83.666666666666671  520.13777331157189
50  92.0  333.25563806957786
10  78.0  376.97077743508049
15  72.666666666666671  575.58499287739755
20  74.0  545.80938392856024
25  68.0  680.6916671018007
30  82.666666666666671  467.71556321516522
35  80.666666666666671  454.48623229692151
40  83.0  469.03371729246459
45  89.666666666666671  374.23145461544732
50  87.666666666666671  549.79456279028182
10  63.333333333333336  363.41620696373042
15  67.0  481.39551328710832
20  74.0  397.72869280086468
25  70.0  647.87418744354704
30  86.0  421.6131453502627
35  80.666666666666671  508.32342438331381
40  90.333333333333329  322.10443496321523
45  88.666666666666671  379.20254202545084
50  85.333333333333329  392.18447430999362
10  64.0  379.40883790628908
15  62.0  502.76969208675433
20  82.333333333333329  371.92960944889944
25  82.666666666666671  471.242039305753
30  81.333333333333329  626.82348242628655
35  85.666666666666671  380.71798147028773
40  89.0  342.94271868003625
45  88.666666666666671  395.59371063470695
50  89.666666666666671  308.51727898828324
10  69.0  420.64298439002135
15  75.0  517.14482626916049
20  76.0  474.22202223793181
25  81.666666666666671  577.43936317036685
30  83.333333333333329  540.94184458995142
35  81.333333333333329  472.13038966174383
40  89.0  341.77989319846444
45  95.666666666666671  218.23734938764517
50  85.333333333333329  568.34152621698547
10  68.0  351.27900426191604
15  74.333333333333329  421.50724429395774
20  81.666666666666671  380.00251440573027
25  79.666666666666671  503.63891874473603
30  81.0  508.35277937189193
35  90.0  356.41594600738034
40  89.0  441.05893312903368
45  87.0  438.70455787325949
50  86.333333333333329  522.65454824413473
10  64.0  360.93297757708478
15  74.333333333333329  456.77895843938944
20  77.0  441.82935908125472
25  77.0  630.55582094792135
30  83.333333333333329  354.81443516856996
35  83.333333333333329  376.94209944050749
40  92.0  337.27687280173768
45  90.333333333333329  341.82357278497739
50  91.666666666666671  338.6588529570991
10  64.333333333333329  415.72808257323072
15  71.0  455.87693719192225
20  77.0  469.27623204317689
25  79.333333333333329  516.99542939141543
30  85.666666666666671  357.37209008118361
35  79.333333333333329  614.62530937011115
40  82.666666666666671  428.26445928613072
45  81.333333333333329  615.20511609127334
50  86.333333333333329  600.79876412668193
10  60.666666666666664  290.2670539235321
15  62.666666666666664  412.79766248067011
20  83.666666666666671  396.49986758109196
25  84.333333333333329  453.14083261527441
30  80.666666666666671  506.25705291829433
35  80.333333333333329  375.63937877982767
40  87.666666666666671  421.95662209791686
45  84.333333333333329  489.31104782376752
50  86.333333333333329  525.03994279774861
10  57.333333333333336  408.75485150006415
15  83.333333333333329  265.34450924442871
20  77.666666666666671  464.97997135657204
25  82.0  382.62488990848709
30  84.333333333333329  457.63826315471727
35  82.0  604.8652727075588
40  89.666666666666671  395.90922562045984
45  88.666666666666671  393.98427255043185
50  88.0  328.48731142369815
10  51.666666666666664  497.74968021767967
15  70.0  500.45910451407758
20  72.333333333333329  509.60228284100526
25  76.0  543.84995992051211
30  87.666666666666671  355.46819757482587
35  85.0  582.87153663268884
40  82.333333333333329  722.12121970383942
45  91.333333333333329  384.42330790958584
50  92.333333333333329  345.19046586801818
10  72.0  383.81952623182542
15  56.333333333333336  629.95370097506827
20  69.333333333333329  552.223354286009
25  79.0  443.78597997314608
30  87.333333333333329  389.35933622906413
35  86.666666666666671  366.60221249549363
40  86.666666666666671  488.09170025874477
45  86.666666666666671  364.66549010174816
50  91.0  306.42492386862216
10  55.333333333333336  334.56117210458251
15  80.333333333333329  363.07790498004152
20  61.666666666666664  525.8437987935182
25  84.0  421.81699248298952
30  80.0  422.63515133896493
35  84.333333333333329  550.87716309280461
40  85.0  377.78105731342936
45  91.0  285.69106928021051
50  87.0  455.69606364898931
10  69.0  357.79052923301361
15  71.0  343.31471716595632
20  76.333333333333329  459.85993876512896
25  83.333333333333329  497.49451426025399
30  89.333333333333329  364.98290457921274
35  81.333333333333329  418.44255651329985
40  86.0  536.51300781767634
45  92.333333333333329  321.71994530610272
50  94.666666666666671  217.77210008819122
10  61.0  305.59033095289971
15  64.666666666666671  530.28258682201465
20  65.666666666666671  505.36827981055285
25  84.0  406.63329663899862
30  80.0  525.13738260971968
35  83.666666666666671  482.34051197718429
40  88.666666666666671  373.98119477378816
45  88.333333333333329  421.72673426494254
50  88.333333333333329  493.03370719212131
10  74.666666666666671  365.67982339772334
15  70.333333333333329  482.78901200534574
20  82.0  421.7277315128635
25  68.0  625.11006591390128
30  81.0  456.25061772503631
35  89.0  496.53243666606642
40  89.666666666666671  395.89484553920693
45  86.666666666666671  421.67656444925717
50  89.666666666666671  368.95998452544023
10  69.666666666666671  259.9860150353594
15  74.666666666666671  374.16433650815003
20  79.333333333333329  421.67244625467248
25  83.333333333333329  407.35772540304464
30  80.0  452.13956381055823
35  91.0  315.21747380547322
40  90.333333333333329  301.26738057092632
45  85.666666666666671  392.51119949544244
50  84.666666666666671  533.01090596002598
10  65.666666666666671  362.94951905758688
15  67.333333333333329  519.56662486894265
20  84.0  374.36149379071412
25  80.666666666666671  467.45572502343299
30  85.666666666666671  387.06984878479068
35  83.666666666666671  507.67355021034723
40  89.0  381.91309300004116
45  90.666666666666671  385.65412666073468
50  88.333333333333329  448.41110678944085
10  47.666666666666664  550.31082637160853
15  74.333333333333329  380.56376836621109
20  80.666666666666671  372.24459041188061
25  80.666666666666671  430.80557723459827
30  82.666666666666671  490.74090746863538
35  88.0  346.15132848816239
40  88.666666666666671  424.97303710065262
45  89.0  398.63031884839216
50  88.333333333333329  474.73039085175782
10  82.0  300.98605742080616
15  80.0  341.00788306155516
20  80.0  465.84433749902672
25  88.333333333333329  344.00538970334463
30  77.333333333333329  582.28418011504505
35  81.0  616.08374501209835
40  89.666666666666671  305.75163895134648
45  91.666666666666671  256.29379188077121
50  89.0  397.49614167393048
10  63.666666666666664  409.7970146955837
15  73.0  539.73795056608981
20  79.666666666666671  449.2648727666276
25  78.0  459.66125336562686
30  75.333333333333329  689.14603939439735
35  81.333333333333329  524.13640860647683
40  85.666666666666671  458.580642627609
45  93.0  263.44724334835053
50  89.0  498.40864874337018
10  61.666666666666664  435.97946353936646
15  78.666666666666671  408.14043945351705
20  77.333333333333329  344.77881061863332
25  80.666666666666671  482.22183111919014
30  79.0  601.49619317060399
35  87.666666666666671  417.02511717723416
40  84.333333333333329  552.99357115958719
45  84.333333333333329  602.64693000075795
50  87.666666666666671  560.11584025507773
10  62.666666666666664  475.91199095845673
15  71.0  353.2456200711639
20  77.333333333333329  436.07707525804477
25  80.333333333333329  538.18731253308329
30  78.0  583.52880739928571
35  77.333333333333329  439.83057337769594
40  85.666666666666671  376.64836617427721
45  87.666666666666671  432.91155569651659
50  83.333333333333329  575.80858182059274
10  58.0  513.69850261292163
15  58.666666666666664  674.0928997016465
20  74.333333333333329  519.37705328361221
25  82.333333333333329  462.95454192791726
30  76.0  547.25433750985428
35  78.333333333333329  739.46276554207168
40  83.0  538.72502764647845
45  89.666666666666671  391.98030926469545
50  92.666666666666671  285.25273207257487
10  72.333333333333329  396.14005023564948
15  74.0  444.15779773099104
20  77.333333333333329  498.15630281652335
25  84.666666666666671  435.75880369790815
30  87.0  449.42617674823794
35  83.666666666666671  546.76502060963264
40  90.666666666666671  334.98895981986124
45  91.0  280.67780812939765
50  86.666666666666671  325.64257393681208
10  59.666666666666664  389.50910935277921
15  66.666666666666671  573.62532282585664
20  80.666666666666671  402.13770297699153
25  76.666666666666671  498.63701822692127
30  87.0  366.9649248215901
35  84.666666666666671  463.30036000186345
40  85.0  442.32672785247911
45  89.666666666666671  421.62224530773557
50  94.0  257.90424593883682
10  60.666666666666664  421.32839541402012
15  73.333333333333329  505.25589508266785
20  79.666666666666671  458.80175108262569
25  86.666666666666671  304.35186597777135
30  74.666666666666671  643.87136737149478
35  83.333333333333329  559.52805922499977
40  90.666666666666671  280.79345237978123
45  93.333333333333329  309.62064302318646
50  87.0  535.14382570316945
10  69.0  320.37085704775291
15  64.333333333333329  410.84994769062007
20  82.333333333333329  404.01816647241998
25  81.0  464.69812717312658
30  85.666666666666671  460.55085579509472
35  86.333333333333329  470.62567254811523
40  88.333333333333329  463.0112913555414
45  89.333333333333329  305.30014475168105
50  90.666666666666671  307.19220508437985
10  52.666666666666664  391.24385900367241
15  62.333333333333336  391.0193288623733
20  70.0  469.81710954176179
25  87.0  374.80252441015239
30  82.0  482.25536687664362
35  83.333333333333329  477.28748665051347
40  81.333333333333329  540.82657904374014
45  87.333333333333329  437.01678380593592
50  92.666666666666671  272.46065385372168
10  59.0  347.81475774307529
15  65.333333333333329  417.7083267373697
20  74.666666666666671  435.90103910527893
25  82.666666666666671  427.98034520654511
30  81.0  592.15545520793182
35  88.333333333333329  337.13159110244618
40  90.666666666666671  328.76121362214576
45  91.0  352.958200816854
50  87.333333333333329  447.59182892849651
10  61.666666666666664  401.89032236122574
15  76.333333333333329  382.42876652665996
20  79.666666666666671  469.7148355592152
25  76.333333333333329  559.12306629479588
30  83.0  489.70991393189496
35  88.0  435.17836181576916
40  91.333333333333329  286.31188488750411
45  86.333333333333329  484.76347703383385
50  90.0  407.99957136529986
10  56.333333333333336  473.5506568051598
15  67.0  468.77084895161443
20  82.0  451.78383723957273
25  76.0  467.09819108702675
30  86.0  475.63539509013884
35  85.666666666666671  544.66421099989986
40  91.0  288.44968867565052
45  87.0  455.31827548878442
50  90.666666666666671  368.77891821043994
10  64.0  380.77730852226989
15  77.666666666666671  287.13945401141848
20  79.666666666666671  446.28626186103304
25  78.0  437.46022049314735
30  82.666666666666671  501.09971858184122
35  88.0  353.92236001309442
40  83.0  524.51753786174186
45  87.666666666666671  395.89085538036704
50  89.333333333333329  418.67860004218437
10  64.666666666666671  228.71052100649078
15  76.666666666666671  523.80698890017106
20  62.333333333333336  528.25318149851284
25  83.666666666666671  306.71283715689776
30  77.333333333333329  591.06238885684274
35  87.333333333333329  464.13086363870184
40  85.333333333333329  470.3017428474954
45  78.0  912.07244349941129
50  92.333333333333329  257.13291068176932
10  76.0  263.20494312509015
15  60.666666666666664  651.70162554506805
20  71.0  490.95896933536045
25  78.0  576.69184255316111
30  83.666666666666671  512.29772017627329
35  86.0  367.52972993275631
40  95.0  222.38348793793369
45  87.333333333333329  405.95764789378075
50  90.0  308.13064955075498
10  60.0  383.00387147785045
15  70.0  405.78093787461529
20  77.0  409.88163963203448
25  80.0  444.19689865319725
30  82.333333333333329  488.36929578038149
35  86.0  516.26523354405879
40  84.333333333333329  422.1038690719202
45  87.333333333333329  452.87690345116448
50  89.0  469.94562560976783
10  55.666666666666664  351.71259996883083
15  65.666666666666671  563.56620399173778
20  88.666666666666671  260.87491931742551
25  60.0  553.37366264318348
30  79.333333333333329  398.24164567504204
35  88.333333333333329  374.37318135283095
40  89.666666666666671  406.31302741080884
45  89.333333333333329  406.36538597709267
50  89.333333333333329  418.66936868678027
10  71.0  435.71400926802738
15  70.666666666666671  490.14951726262592
20  73.666666666666671  469.93654274052142
25  76.333333333333329  579.6535527352213
30  84.666666666666671  429.42922191186403
35  85.333333333333329  388.08956223197765
40  84.333333333333329  525.34452655628456
45  88.666666666666671  374.89791335198197
50  89.333333333333329  405.07901827437007
10  50.333333333333336  458.60107359498897
15  58.333333333333336  653.83336886674942
20  78.666666666666671  349.94181672902539
25  67.333333333333329  691.14401504706473
30  82.666666666666671  394.65510841681055
35  87.0  415.92846841528075
40  83.666666666666671  513.62336181222702
45  91.0  300.2037020133327
50  90.666666666666671  392.16309646257264
10  52.0  583.63476390141795
15  74.333333333333329  347.51106050478256
20  70.666666666666671  342.69174776370738
25  85.0  407.36456230456866
30  79.666666666666671  452.07035051670886
35  85.666666666666671  461.26661690528533
40  83.0  454.68956924342774
45  86.333333333333329  498.15547305646373
50  91.333333333333329  380.62245234570418
10  53.0  387.99520205304407
15  63.333333333333336  461.8700613124268
20  66.333333333333329  563.94200654795713
25  84.333333333333329  437.84371160378794
30  81.333333333333329  480.06385143328589
35  83.666666666666671  543.05054312354025
40  89.666666666666671  318.90264378100943
45  89.0  302.38399196082509
50  93.333333333333329  255.17519825765442
10  48.333333333333336  542.4506629869901
15  76.0  361.50823612369652
20  84.0  354.02869386795709
25  81.666666666666671  392.94909045488919
30  83.666666666666671  449.31712507448697
35  83.666666666666671  455.05129965577601
40  90.333333333333329  347.8034082943754
45  89.0  377.7941407061366
50  89.0  407.52373063655602
10  53.0  366.96665880722298
15  71.666666666666671  451.69971858212477
20  80.333333333333329  447.47986545520894
25  75.666666666666671  602.92932854936123
30  90.0  301.35241343921342
35  91.0  283.34159775598755
40  90.0  338.84031236653914
45  91.0  414.77529121724962
50  91.666666666666671  306.84741612218454
10  70.333333333333329  327.12118206369109
15  76.666666666666671  321.90446778707883
20  73.666666666666671  497.82833123936962
25  76.0  616.60105602551323
30  79.666666666666671  338.41024729891694
35  79.666666666666671  484.16698429501042
40  88.0  339.11673931896831
45  89.333333333333329  366.73860394908922
50  91.0  351.13801427237843
10  56.666666666666664  459.05567720320795
15  74.333333333333329  490.09668234834726
20  67.666666666666671  615.14826490711312
25  73.333333333333329  615.07460638039572
30  79.666666666666671  520.20056121029688
35  88.666666666666671  405.45427069061549
40  88.333333333333329  410.41204599936765
45  87.333333333333329  433.71974610726448
50  90.666666666666671  317.44799822803481
10  75.0  297.37516387604035
15  68.666666666666671  425.19656395149883
20  77.333333333333329  296.54083400049666
25  65.333333333333329  573.54021604968602
30  87.666666666666671  364.58100088846533
35  84.333333333333329  476.99491590556272
40  88.333333333333329  350.30739819778785
45  86.666666666666671  494.14395498061606
50  89.666666666666671  322.54414283620616
10  68.0  365.50172150696972
15  78.666666666666671  370.35310612261014
20  68.333333333333329  401.54269071441371
25  79.666666666666671  543.09418356650633
30  83.666666666666671  363.8501018299018
35  84.333333333333329  492.31625180015862
40  84.666666666666671  486.86403174963681
45  84.666666666666671  587.32567429298115
50  87.333333333333329  420.47941278391568
10  71.0  431.09390936297598
15  79.0  420.37079354634847
20  83.0  394.38668514185207
25  80.0  495.38243750295658
30  85.0  375.21025604786234
35  72.333333333333329  782.15212080234369
40  84.666666666666671  512.16353509351939
45  85.0  537.1744321470901
50  93.0  221.17580570744289
10  66.0  493.21976577313563
15  67.333333333333329  592.27545830285351
20  86.0  345.93042576390405
25  89.0  441.25692739528296
30  89.333333333333329  354.57782592972933
35  86.0  428.65563043201422
40  87.666666666666671  412.07825371599569
45  85.333333333333329  460.54726320393075
50  90.666666666666671  331.64877847306985
10  61.666666666666664  299.26820011616996
15  76.333333333333329  369.84475374336375
20  73.666666666666671  565.03772969086788
25  83.666666666666671  391.67009505217942
30  83.333333333333329  352.50097059041616
35  87.333333333333329  456.41124664830767
40  91.0  370.3140031177274
45  91.666666666666671  309.68782212157424
50  91.666666666666671  387.50475701649935
10  46.666666666666664  508.55297004418355
15  69.0  342.6103914877682
20  79.666666666666671  456.73797216592311
25  86.666666666666671  382.72924418792252
30  92.666666666666671  269.3866392929437
35  83.333333333333329  397.95720387687436
40  87.333333333333329  439.07485983941524
45  87.0  465.79683973033826
50  91.333333333333329  339.03232970796444
10  68.0  345.47537854615325
15  72.0  346.8467516622319
20  76.333333333333329  421.85347603906774
25  84.666666666666671  418.4632405426151
30  86.0  416.85153560831026
35  85.666666666666671  429.67243649190999
40  89.0  494.02112241720067
45  87.0  511.55517396764395
50  92.0  346.98454944317086
10  67.0  344.84217163777021
15  78.0  441.59698015578829
20  79.0  382.71849389815878
25  80.0  390.85395095743934
30  86.666666666666671  410.48416898982123
35  89.333333333333329  352.80354760664545
40  85.333333333333329  512.89959928613609
45  88.666666666666671  565.74949265824819
50  91.333333333333329  281.65061434501564
10  62.0  476.10433391092499
15  72.666666666666671  427.08628383717036
20  79.666666666666671  394.09297971165455
25  75.666666666666671  582.75075590969857
30  82.333333333333329  486.26570452001386
35  87.333333333333329  472.26739491019691
40  88.0  394.01416172635749
45  85.666666666666671  522.06527079411194
50  90.666666666666671  389.93100302318044
10  45.666666666666664  515.76151305980409
15  74.0  462.52458169224786
20  85.0  447.34602688419761
25  81.666666666666671  526.55344195459361
30  84.0  513.77744242654319
35  90.0  353.17658485166896
40  86.333333333333329  482.90426454135581
45  90.666666666666671  374.60955861195526
50  90.333333333333329  333.57176270289131
10  51.0  516.81740662792754
15  61.666666666666664  640.17523493358487
20  77.666666666666671  426.86564894065452
25  75.333333333333329  459.07749327883187
30  80.666666666666671  609.49635209769303
35  83.0  519.13336102585504
40  88.333333333333329  346.25955374593224
45  83.0  385.45773793736635
50  82.666666666666671  384.67060710412989
10  72.666666666666671  340.37459587446733
15  72.0  466.93841029433702
20  80.666666666666671  418.03918812639034
25  79.666666666666671  421.18814989037656
30  85.333333333333329  408.20593324366826
35  76.666666666666671  477.67754258489265
40  84.333333333333329  493.09306160726203
45  94.666666666666671  206.74853865800017
50  89.333333333333329  391.70360535135927
10  71.333333333333329  360.11649418572551
15  71.333333333333329  537.72758106384038
20  74.666666666666671  510.20924288147228
25  80.333333333333329  518.99599347063349
30  82.666666666666671  400.85324492199095
35  89.0  425.24465738840001
40  83.333333333333329  523.15886952243113
45  91.0  397.90219223311033
50  93.666666666666671  294.7275883486148
10  71.333333333333329  333.74942630731169
15  71.0  332.83033715017234
20  81.0  436.67896067406116
25  82.0  468.43520438574461
30  83.666666666666671  426.16498115868467
35  87.666666666666671  398.55737671212745
40  81.0  472.31570743071484
45  89.666666666666671  396.10081155631696
50  87.333333333333329  385.57891714710428
10  61.666666666666664  439.88013029633419
15  73.333333333333329  435.26451710528522
20  71.333333333333329  498.71505674702343
25  84.333333333333329  456.53547651972576
30  85.0  533.07350194249022
35  83.666666666666671  377.3553951205505
40  87.0  384.75533233143142
45  89.0  416.99514384493693
50  87.666666666666671  420.00272938018753
10  60.0  408.05709150551462
15  79.333333333333329  360.72058914406006
20  68.0  601.4794318510875
25  87.0  365.31989103520692
30  83.0  468.47313818153907
35  88.333333333333329  337.84620215024694
40  86.666666666666671  347.1637665149758
45  87.333333333333329  469.29378573591123
50  87.666666666666671  359.21134544787424
10  55.333333333333336  489.44268602830709
15  76.333333333333329  361.8811140538985
20  72.0  497.46209480409073
25  90.0  348.11382929739199
30  81.0  521.84258405667345
35  84.0  534.2797184354265
40  82.0  370.87581136262571
45  86.0  474.87714703514149
50  85.333333333333329  536.56453099680493
10  61.333333333333336  450.14731949479068
15  73.666666666666671  437.07850629200198
20  73.0  564.93259627749478
25  77.333333333333329  530.46539756976938
30  79.666666666666671  684.44626833710367
35  82.333333333333329  511.60355510792516
40  88.666666666666671  417.77986271124615
45  86.333333333333329  382.09393308095036
50  86.333333333333329  534.24798105203138
10  71.0  388.71352178573773
15  62.666666666666664  511.35786244689808
20  73.333333333333329  577.33849801865244
25  85.666666666666671  473.42718876069421
30  81.666666666666671  516.28821268983722
35  84.666666666666671  566.67204340195769
40  83.333333333333329  396.1836892809128
45  95.0  219.6505184955941
50  84.333333333333329  506.45789764598726
10  64.0  404.14222593788708
15  71.0  451.82703385419609
20  74.0  694.56056282954751
25  89.333333333333329  346.13762653215815
30  80.333333333333329  478.83298990375135
35  81.0  477.64865531112105
40  88.333333333333329  404.44269089172803
45  89.333333333333329  369.18071995961492
50  82.666666666666671  486.91344209367537
10  74.666666666666671  358.96668381138238
15  77.333333333333329  439.07849624350581
20  67.666666666666671  393.36591283360053
25  74.333333333333329  508.77351740319313
30  84.0  595.08192811055471
35  85.0  500.36083663122724
40  86.666666666666671  348.96121513876818
45  85.666666666666671  429.21693754875963
50  90.666666666666671  387.25768766422624
10  72.666666666666671  271.84072612224395
15  69.0  347.76950206429456
20  84.666666666666671  300.10608709057067
25  72.666666666666671  657.61641182500762
30  85.666666666666671  425.56549777662883
35  86.666666666666671  405.41185960699215
40  91.333333333333329  303.77847201061508
45  90.666666666666671  299.07725417114057
50  90.0  387.87918746129685
10  54.0  463.66343087524865
15  76.666666666666671  352.53704784633214
20  80.333333333333329  385.90926223270367
25  78.333333333333329  546.07752993275426
30  88.333333333333329  395.36287535067783
35  80.0  555.85084032690668
40  90.0  344.29435903410536
45  89.0  414.56222752675859
50  88.333333333333329  495.70869628653236
10  61.0  466.23292476288663
15  77.0  332.37202113497352
20  80.333333333333329  421.01134214689745
25  82.666666666666671  464.91262441332486
30  89.333333333333329  367.74115500192494
35  85.666666666666671  472.35764136998677
40  84.666666666666671  426.45216862965901
45  87.333333333333329  380.51534220277739
50  90.666666666666671  323.33740560948797
10  70.666666666666671  292.92054578468304
15  61.333333333333336  405.94112663598241
20  78.666666666666671  414.53535433212335
25  77.333333333333329  619.10923642162493
30  87.0  407.41064691246737
35  85.666666666666671  429.06437174363964
40  86.666666666666671  397.77889322430462
45  84.666666666666671  572.36778743154775
50  87.0  524.92823730787234
10  71.0  346.23480085897722
15  73.666666666666671  362.25347732994385
20  82.666666666666671  391.57386870394186
25  77.0  410.73325970954642
30  79.0  519.5605589286838
35  77.333333333333329  604.72682052231551
40  86.333333333333329  444.98724462192234
45  91.333333333333329  312.46225877762657
50  86.0  427.42980636147473
10  59.666666666666664  431.38751178811521
15  70.333333333333329  467.20887681643251
20  78.333333333333329  529.01492796265097
25  82.666666666666671  316.37431081955594
30  81.333333333333329  439.76686786196916
35  84.0  504.88095820366664
40  86.0  460.13032263593493
45  88.666666666666671  367.52974808683246
50  90.333333333333329  394.3387316807121
10  60.0  470.24561768992845
15  81.666666666666671  261.67213979689518
20  74.333333333333329  464.50985112943982
25  77.0  436.16420590365271
30  72.333333333333329  716.04504494446394
35  88.666666666666671  303.3634497008502
40  91.333333333333329  374.2748309209087
45  88.666666666666671  421.04937471085515
50  86.666666666666671  491.34353464583245
10  55.333333333333336  470.40375665271728
15  70.666666666666671  517.99668655364758
20  80.333333333333329  426.71479044939906
25  86.666666666666671  460.34173944876858
30  89.333333333333329  368.08730944267307
35  82.666666666666671  608.42855881620324
40  92.0  266.59256768278527
45  91.0  272.41132315141442
50  89.0  426.78475548626949
10  54.0  389.68989472344549
15  64.0  582.08244767083863
20  85.666666666666671  328.47719622274525
25  73.333333333333329  545.85223241913025
30  82.0  583.55610533937499
35  82.666666666666671  623.40069518432415
40  82.666666666666671  621.93454861103032
45  91.0  372.08357542608246
50  94.0  263.66618489839971
10  63.666666666666664  419.15012067519734
15  61.666666666666664  423.26844646102865
20  72.666666666666671  451.60352106236587
25  80.666666666666671  387.37514921019869
30  83.333333333333329  475.48348054231599
35  84.0  520.87485594437999
40  88.0  363.04850705336679
45  87.333333333333329  427.42245665907762
50  92.666666666666671  275.73939563552943
10  68.666666666666671  337.8484316089469
15  69.666666666666671  597.85442181835322
20  69.333333333333329  503.15972401369288
25  83.333333333333329  348.32131023039113
30  80.0  510.00953370949043
35  90.666666666666671  345.68906962320381
40  88.333333333333329  474.82050607536883
45  89.666666666666671  395.09718287068307
50  90.333333333333329  352.49045026006104
10  67.666666666666671  401.65969064130115
15  77.0  396.15801687790946
20  71.333333333333329  442.65562196327517
25  73.333333333333329  573.65394173433845
30  89.666666666666671  395.56861250394269
35  83.0  509.44066199982251
40  82.666666666666671  450.9783025733534
45  83.0  428.62040619639089
50  87.666666666666671  448.25829088279363
10  56.0  326.64320778883041
15  67.0  531.33408046209706
20  83.0  419.18329727180117
25  82.666666666666671  416.4721159948175
30  83.666666666666671  471.56383631637311
35  83.333333333333329  441.19659961505306
40  92.0  298.26912214470917
45  85.0  523.62017989932792
50  85.0  528.89630628737393
10  65.666666666666671  427.45711386003529
15  65.666666666666671  533.17213316447283
20  77.333333333333329  374.61849085667416
25  84.666666666666671  411.59917848882503
30  87.333333333333329  383.1987699127464
35  88.333333333333329  479.95652067656812
40  85.333333333333329  480.74691084642552
45  89.333333333333329  318.92617590455069
50  89.0  443.95152889263034
10  63.333333333333336  385.87809596278015
15  76.666666666666671  388.91972194011737
20  75.666666666666671  475.22150951825017
25  82.333333333333329  440.28933194108487
30  79.333333333333329  539.03597174818151
35  87.0  409.11852300066181
40  81.333333333333329  673.97568442169052
45  91.333333333333329  347.8053309431096
50  90.0  369.57983045491403
10  62.0  418.77612631031593
15  71.666666666666671  355.05172219028009
20  74.0  464.5423979049682
25  72.666666666666671  527.11820146479658
30  85.666666666666671  473.94012319766836
35  94.333333333333329  204.40324722355814
40  87.333333333333329  428.48213452873199
45  85.333333333333329  411.6785968218723
50  90.0  403.26251863770693
10  71.666666666666671  396.07912747303141
15  61.666666666666664  487.28502789307186
20  81.333333333333329  341.41030199068729
25  83.666666666666671  403.86944896550574
30  85.333333333333329  496.43688890263678
35  84.666666666666671  326.57723319305757
40  89.333333333333329  334.07035912106778
45  94.0  267.37911954085206
50  91.333333333333329  304.77321070744017
10  48.666666666666664  567.74447797461005
15  75.333333333333329  356.0625813743315
20  76.0  438.33282744914078
25  84.0  396.22849922914526
30  81.333333333333329  512.79164941210968
35  82.333333333333329  599.75385869751085
40  92.333333333333329  289.29005813160899
45  82.333333333333329  618.22346038388662
50  91.0  343.34142036403841
10  57.333333333333336  382.47599755841469
15  81.666666666666671  243.83032698769932
20  83.666666666666671  391.67986572557004
25  74.0  550.52089015274407
30  89.666666666666671  315.02898745879116
35  84.333333333333329  389.05019183043032
40  83.0  577.71573527045302
45  91.666666666666671  326.94580461941547
50  92.0  289.01324276899248
10  68.0  314.06964564414193
15  60.666666666666664  536.45818178192337
20  77.0  445.91402270430126
25  78.666666666666671  472.27941119112592
30  81.666666666666671  472.24085346720545
35  82.0  476.46268235186614
40  81.333333333333329  516.36255617518395
45  91.0  342.43109004423906
50  85.0  580.71876882648678
10  64.666666666666671  416.08378456195015
15  54.0  704.40322254501768
20  59.333333333333336  609.67613644832568
25  83.0  363.87274296498146
30  88.333333333333329  353.26799598326608
35  86.0  421.01000393710746
40  86.0  431.44617196431574
45  86.333333333333329  445.17179677362321
50  90.333333333333329  371.78177183652025
10  61.0  455.36681131449876
15  67.0  504.08117495746512
20  71.0  655.6976703322681
25  82.333333333333329  414.17210597613644
30  78.0  577.82273755766312
35  87.0  407.70554522512191
40  79.0  491.01648294284968
45  87.0  438.79485800572621
50  91.0  345.42604838605365
10  82.0  284.24504124213473
15  77.666666666666671  425.30239784611877
20  73.0  458.01316746310209
25  77.666666666666671  552.43504684142545
30  81.666666666666671  528.52561626626471
35  82.333333333333329  563.18937177110467
40  90.666666666666671  335.92927635338361
45  89.0  387.00689074812891
50  90.0  458.72864659054642
10  62.333333333333336  464.45967675760812
15  69.333333333333329  496.7471325850517
20  78.333333333333329  332.1643271842504
25  81.333333333333329  470.64977273896307
30  77.666666666666671  592.3024763119447
35  86.666666666666671  400.40894043971957
40  85.666666666666671  522.20552936736897
45  92.666666666666671  340.72344313810919
50  89.333333333333329  377.81865409289327
10  63.333333333333336  371.05024424391382
15  74.666666666666671  394.24559736825836
20  74.0  529.44596388274817
25  84.333333333333329  425.44026389205339
30  79.0  488.31708804689254
35  90.333333333333329  357.49784558214429
40  87.333333333333329  435.45367483917164
45  90.333333333333329  339.70912127597023
50  83.333333333333329  446.529103540363
10  79.333333333333329  323.55462838707336
15  74.333333333333329  375.78096596666455
20  71.666666666666671  625.14433092740785
25  74.333333333333329  497.7041849077815
30  89.0  329.1698972941125
35  82.0  600.33491104186237
40  83.333333333333329  482.5639458112181
45  87.0  489.80032771470667
50  88.666666666666671  415.09836657298149
10  67.333333333333329  486.39428236961328
15  74.333333333333329  465.17747801164421
20  74.333333333333329  649.04907125074158
25  83.0  504.56779623195303
30  85.333333333333329  440.31646922187167
35  85.666666666666671  532.7273761774419
40  87.333333333333329  359.54988421424605
45  92.0  321.94129433491287
50  93.333333333333329  211.0828393482399
10  52.0  397.39961575113347
15  79.666666666666671  460.28466176519726
20  91.0  237.50087603656672
25  81.666666666666671  484.49925895965271
30  79.333333333333329  480.83882288306762
35  82.0  513.44604339127761
40  90.666666666666671  370.69589210774069
45  89.0  378.49193066843191
50  93.666666666666671  219.65661743196938
10  65.0  266.10343929121944
15  74.666666666666671  353.9032852302193
20  72.333333333333329  626.84078674568923
25  83.666666666666671  360.20577956353094
30  80.333333333333329  443.30693643002553
35  86.0  423.07828790059085
40  90.0  363.81896126901012
45  81.666666666666671  551.49959068900455
50  88.666666666666671  327.58358950690337
