1  58  0
2  0  0
3  42  0
4  43  0
5  0  0
6  5  0
1  30  0
2  57  0
3  30  0
4  14  0
5  48  0
6  17  0
1  19  0
2  38  0
3  28  0
4  21  0
5  28  0
6  12  0
1  21  0
2  33  0
3  47  0
4  44  0
5  16  0
6  39  0
1  0  0
2  31  0
3  0  0
4  39  0
5  4  0
6  11  0
1  16  0
2  39  0
3  30  0
4  30  0
5  50  0
6  36  0
1  24  0
2  15  0
3  18  0
4  7  0
5  16  0
6  0  0
1  42  0
2  12  0
3  51  0
4  8  0
5  36  0
6  40  0
1  0  0
2  33  0
3  46  0
4  45  0
5  12  0
6  4  0
1  27  0
2  7  0
3  6  0
4  21  0
5  46  0
6  31  0
1  37  0
2  11  0
3  45  0
4  19  0
5  24  0
6  37  0
1  14  0
2  4  0
3  20  0
4  27  0
5  20  0
6  0  0
1  41  0
2  58  0
3  26  0
4  55  0
5  30  0
6  38  0
1  19  0
2  33  0
3  16  0
4  14  0
5  19  0
6  16  0
1  41  0
2  0  0
3  29  0
4  26  0
5  30  0
6  29  0
1  41  0
2  22  0
3  13  0
4  19  0
5  13  0
6  42  0
1  41  0
2  27  0
3  37  0
4  34  0
5  13  0
6  10  0
1  41  0
2  59  0
3  23  0
4  36  0
5  32  0
6  46  0
1  20  0
2  18  0
3  38  0
4  56  0
5  33  0
6  25  0
1  66  0
2  44  0
3  0  0
4  35  0
5  21  0
6  27  0
1  58  0
2  29  0
3  37  0
4  26  0
5  44  0
6  7  0
1  66  0
2  21  0
3  56  0
4  43  0
5  7  0
6  30  0
1  35  0
2  46  0
3  29  0
4  16  0
5  51  0
6  25  0
1  14  0
2  23  0
3  26  0
4  28  0
5  24  0
6  16  0
1  0  0
2  43  0
3  14  0
4  18  0
5  6  0
6  5  0
1  0  0
2  70  0
3  0  0
4  13  0
5  5  0
6  22  0
1  11  0
2  30  0
3  21  0
4  16  0
5  32  0
6  34  0
1  36  0
2  39  0
3  29  0
4  12  0
5  40  0
6  25  0
1  47  0
2  5  0
3  46  0
4  20  0
5  13  0
6  41  0
1  14  0
2  35  0
3  35  0
4  39  0
5  30  0
6  49  0
1  16  0
2  37  0
3  18  0
4  15  0
5  29  0
6  0  0
1  60  0
2  28  0
3  33  0
4  49  0
5  43  0
6  23  0
1  19  0
2  22  0
3  53  0
4  27  0
5  34  0
6  8  0
1  33  0
2  54  0
3  17  0
4  21  0
5  30  0
6  60  0
1  16  0
2  27  0
3  26  0
4  18  0
5  39  0
6  0  0
1  10  0
2  37  0
3  16  0
4  31  0
5  17  0
6  17  0
1  56  0
2  6  0
3  44  0
4  55  0
5  31  0
6  9  0
1  0  0
2  50  0
3  15  0
4  41  0
5  23  0
6  14  0
1  0  0
2  8  0
3  39  0
4  15  0
5  18  0
6  20  0
1  0  0
2  9  0
3  30  0
4  30  0
5  13  0
6  34  0
1  34  0
2  0  0
3  15  0
4  10  0
5  45  0
6  44  0
1  24  0
2  39  0
3  15  0
4  39  0
5  18  0
6  27  0
1  72  0
2  32  0
3  40  0
4  12  0
5  53  0
6  19  0
1  39  0
2  6  0
3  12  0
4  45  0
5  23  0
6  34  0
1  23  0
2  18  0
3  29  0
4  18  0
5  39  0
6  16  0
1  21  0
2  12  0
3  26  0
4  33  0
5  35  0
6  19  0
1  0  0
2  13  0
3  12  0
4  15  0
5  26  0
6  41  0
1  6  0
2  21  0
3  21  0
4  21  0
5  22  0
6  36  0
1  0  0
2  18  0
3  35  0
4  4  0
5  41  0
6  24  0
1  3  0
2  14  0
3  7  0
4  33  0
5  38  0
6  41  0
1  31  0
2  12  0
3  54  0
4  38  0
5  3  0
6  47  0
1  24  0
2  0  0
3  20  0
4  36  0
5  31  0
6  71  0
1  21  0
2  15  0
3  38  0
4  21  0
5  28  0
6  48  0
1  41  0
2  33  0
3  17  0
4  14  0
5  31  0
6  48  0
1  42  0
2  33  0
3  19  0
4  50  0
5  20  0
6  23  0
1  19  0
2  45  0
3  37  0
4  38  0
5  14  0
6  24  0
1  14  0
2  12  0
3  44  0
4  18  0
5  17  0
6  21  0
1  36  0
2  35  0
3  23  0
4  32  0
5  33  0
6  35  0
1  0  0
2  61  0
3  25  0
4  6  0
5  63  0
6  31  0
1  0  0
2  24  0
3  8  0
4  45  0
5  9  0
6  13  0
1  50  0
2  0  0
3  43  0
4  44  0
5  50  0
6  24  0
1  31  0
2  0  0
3  41  0
4  22  0
5  39  0
6  27  0
1  22  0
2  20  0
3  13  0
4  50  0
5  16  0
6  58  0
1  28  0
2  24  0
3  4  0
4  15  0
5  51  0
6  42  0
1  59  0
2  27  0
3  77  0
4  41  0
5  47  0
6  0  0
1  14  0
2  11  0
3  0  0
4  40  0
5  2  0
6  36  0
1  85  0
2  21  0
3  30  0
4  36  0
5  20  0
6  21  0
1  28  0
2  0  0
3  0  0
4  26  0
5  20  0
6  34  0
1  30  0
2  28  0
3  57  0
4  46  0
5  19  0
6  55  0
1  19  0
2  37  0
3  6  0
4  17  0
5  2  0
6  26  0
1  93  0
2  38  0
3  23  0
4  21  0
5  42  0
6  43  0
1  24  0
2  0  0
3  0  0
4  6  0
5  17  0
6  20  0
1  21  0
2  26  0
3  26  0
4  27  0
5  57  0
6  14  0
1  18  0
2  0  0
3  45  0
4  12  0
5  18  0
6  64  0
1  17  0
2  52  0
3  40  0
4  29  0
5  37  0
6  25  0
1  43  0
2  44  0
3  31  0
4  17  0
5  28  0
6  10  0
1  37  0
2  2  0
3  18  0
4  16  0
5  32  0
6  49  0
1  49  0
2  28  0
3  6  0
4  71  0
5  28  0
6  9  0
1  20  0
2  35  0
3  8  0
4  29  0
5  11  0
6  19  0
1  18  0
2  35  0
3  42  0
4  5  0
5  56  0
6  39  0
1  0  0
2  21  0
3  44  0
4  39  0
5  2  0
6  21  0
1  6  0
2  35  0
3  26  0
4  31  0
5  40  0
6  33  0
1  32  0
2  45  0
3  11  0
4  26  0
5  12  0
6  16  0
1  6  0
2  22  0
3  0  0
4  22  0
5  11  0
6  10  0
1  37  0
2  0  0
3  38  0
4  32  0
5  41  0
6  48  0
1  5  0
2  41  0
3  19  0
4  5  0
5  34  0
6  15  0
1  4  0
2  26  0
3  25  0
4  13  0
5  6  0
6  29  0
1  24  0
2  49  0
3  0  0
4  9  0
5  33  0
6  15  0
1  12  0
2  18  0
3  28  0
4  34  0
5  59  0
6  16  0
1  0  0
2  55  0
3  33  0
4  41  0
5  28  0
6  19  0
1  0  0
2  47  0
3  19  0
4  45  0
5  14  0
6  36  0
1  1  0
2  23  0
3  53  0
4  50  0
5  41  0
6  20  0
1  21  0
2  0  0
3  29  0
4  30  0
5  51  0
6  32  0
1  34  0
2  24  0
3  27  0
4  45  0
5  36  0
6  16  0
1  13  0
2  9  0
3  25  0
4  8  0
5  41  0
6  27  0
1  0  0
2  35  0
3  7  0
4  19  0
5  44  0
6  6  0
1  38  0
2  35  0
3  15  0
4  10  0
5  17  0
6  32  0
1  23  0
2  62  0
3  35  0
4  26  0
5  24  0
6  52  0
1  39  0
2  24  0
3  40  0
4  21  0
5  11  0
6  50  0
1  47  0
2  27  0
3  33  0
4  41  0
5  18  0
6  13  0
