2  13  164.01662721614616
4  37  226.15657764826267
6  12  329.16877200694529
8  28  246.60861845746606
10  57  35.127234835812366
12  42  468.56979551079525
14  83  58.176644086294324
16  69  199.15334789994537
18  41  95.27735113223369
20  73  57.004461283526624
2  0  77.000901553111149
4  38  66.850538779579765
6  14  245.16055465814094
8  76  102.84103779005828
10  57  245.69016175107177
12  44  16.215253508912596
14  58  82.425946382624346
16  58  255.04265459864527
18  55  334.08698407128452
20  69  44.839827175307789
2  12  15.358837506540359
4  0  0.0
6  50  214.11150373501144
8  74  128.34980027342078
10  87  76.183265806741204
12  73  217.71897610632223
14  55  181.88771652624797
16  64  76.534628263384874
18  59  22.581906592128941
20  71  114.09025829726623
2  15  146.52615341528647
4  19  13.369978469427078
6  28  76.018433900244901
8  59  66.7966272803435
10  31  274.20837137996898
12  48  201.61234972951686
14  64  122.16346080143829
16  71  157.05056137910469
18  72  165.36160945421267
20  48  181.41124852650512
2  6  150.03152233823684
4  16  126.19483255107353
6  20  219.97739514379353
8  47  130.66849926353089
10  58  47.38446897749008
12  45  300.23793835640799
14  58  120.54135818157495
16  62  211.27090142625354
18  84  135.37722010593237
20  73  98.367477114195367
2  21  104.10255708060292
4  57  74.919820387122201
6  41  176.77109412905313
8  15  200.3482388820423
10  63  243.39942030085305
12  32  493.73749471251006
14  43  402.33039548562664
16  48  246.75628765558341
18  47  412.29477391669741
20  42  353.10618860739299
2  7  71.849391105638844
4  13  172.19965520684408
6  47  108.55787973442412
8  22  209.84322863054126
10  49  236.14183470415762
12  32  435.89166368962333
14  68  194.12865581682448
16  27  580.93299111752697
18  60  86.924819022004712
20  36  138.21933833661745
2  23  83.444341005766432
4  21  198.05546150010872
6  8  466.78572809535973
8  34  149.15914496396795
10  32  153.13610009612989
12  73  178.30487479606285
14  41  529.23436002765493
16  69  224.46570261535467
18  24  462.73048293920846
20  35  84.990542180453673
2  26  47.743472919240681
4  8  288.59230706075988
6  42  191.31868951976546
8  40  166.9343635571158
10  22  443.9000389372693
12  46  117.71961861775492
14  61  375.65773545718025
16  77  107.40661944467057
18  74  74.951127161799093
20  56  212.00000000000014
2  17  48.668833316315066
4  11  132.78636900481578
6  49  143.83799391654998
8  31  335.0667106732343
10  36  220.53519405792053
12  56  191.78190852266343
14  49  352.40790855425013
16  76  39.059929690566413
18  72  113.95449577794805
20  28  1002.9515127170348
2  0  186.58929851698647
4  37  187.71250502656702
6  26  197.440416456371
8  28  261.25209981420346
10  51  189.3519778969364
12  65  73.127604203493561
14  60  375.84503035042286
16  73  331.12589444769276
18  52  548.7304712587802
20  56  239.29475543064828
2  49  93.319102551847948
4  23  197.61144533993979
6  30  124.78271675879762
8  10  255.07780545066927
10  32  197.41618942267093
12  49  411.41326231760934
14  49  226.7993658610892
16  64  151.154708557303
18  45  322.67933758279361
20  50  123.53297370226242
2  0  0.0
4  0  90.309402447061885
6  37  148.77095877890517
8  44  234.17733752647385
10  50  314.15511336234539
12  78  118.88351497472907
14  45  298.47504266153567
16  70  244.8981240285386
18  46  158.2377724626898
20  47  458.08674040311718
2  30  58.224222811503921
4  27  197.02909030636351
6  27  368.34067268320786
8  45  285.73169439358566
10  39  290.8322185946609
12  68  70.127432773319129
14  77  43.038655072995283
16  49  154.69444859668462
18  64  95.750464087838921
20  78  118.36204369107175
2  4  86.222537465280382
4  49  105.67412931279424
6  22  262.8702782641239
8  74  86.212573653109857
10  84  70.083906101020943
12  21  559.12010280018444
14  59  179.81247295849636
16  53  172.23141853917718
18  65  156.21149646708145
20  48  336.99831219951187
2  19  92.529554560185105
4  32  120.7668236001622
6  30  127.95824176407957
8  38  203.56658315773953
10  24  547.19035596108563
12  57  185.93357861150187
14  82  112.07439669230844
16  25  43.785045541737659
18  73  165.33285780633983
20  48  185.79258034307776
2  16  115.25930819754439
4  19  197.65579442225481
6  31  198.54978534242409
8  79  87.873330342427778
10  68  94.864676898689495
12  74  171.88676841347871
14  65  128.65282925933198
16  64  164.68880812813981
18  67  7.0719278038131845
20  65  328.60177460209184
2  23  82.977358729646568
4  33  84.342509083067526
6  46  228.95809479544045
8  33  236.54449759675589
10  53  160.47200392870784
12  47  260.96150689805199
14  46  189.99511998951488
16  61  154.76286944582498
18  62  89.411545896926043
20  56  144.90729080380493
2  20  113.73982126613096
4  36  60.579763049730715
6  0  138.23944179506509
8  48  133.84571280444808
10  70  166.39245812309258
12  56  255.68266835280988
14  58  237.65051902498971
16  61  243.71683203588773
18  66  195.34779451038332
20  79  35.184654149487514
2  17  55.616370202632147
4  15  251.04762543203742
6  58  175.25834696596849
8  57  175.16532377895783
10  35  251.74487089868259
12  59  70.796508052217931
14  62  127.45432041330986
16  59  304.6368772851132
18  60  345.46957975576061
20  86  101.50917388660289
2  29  129.64652515929765
4  49  131.77113558012272
6  34  228.47447177271329
8  36  401.21894446615033
10  43  99.828259222172306
12  55  134.99091578810672
14  58  135.06893854384157
16  53  80.011257767946603
18  65  96.046986572568358
20  89  15.094856968637576
2  0  97.685626142716856
4  40  120.71244076421063
6  24  257.25723571975351
8  22  409.47570789440772
10  31  209.49249387139804
12  49  54.637980571497032
14  58  217.30657378899684
16  64  105.29088951972491
18  65  66.551131147226684
20  64  337.33222662508336
2  0  149.15555027818337
4  8  52.443456013775169
6  47  63.22649508436951
8  29  357.73319514511638
10  52  44.578182628916977
12  54  267.8976354983966
14  61  250.67647618653893
16  51  440.77440078547158
18  41  353.13655741050923
20  66  56.970968428161157
2  7  168.13775823436839
4  33  98.633116873222576
6  18  322.47707185203194
8  25  213.83421148269193
10  22  335.31658276168997
12  15  303.88528374376477
14  13  852.84239610963562
16  66  134.99999999999991
18  51  215.5452112165643
20  53  456.93610243803545
2  22  98.394650673271769
4  12  33.91329686877814
6  38  127.62190866180029
8  32  42.877624043101576
10  75  98.640432413941198
12  77  123.97580512220854
14  23  362.6870865412485
16  35  368.71351668939673
18  61  250.43819840140085
20  68  152.28821893616666
2  19  78.478191019334503
4  6  94.16398049355179
6  17  284.1246853113023
8  21  201.15406069894976
10  61  214.00767588379517
12  28  358.56225310634471
14  60  423.57341300210868
16  60  168.76126203470886
18  61  295.97088798515426
20  78  47.760028818677306
2  20  128.3494505905179
4  13  262.18205503751864
6  41  109.85657322859966
8  48  174.15420810360331
10  43  225.70229406113404
12  47  185.36966752963326
14  42  295.42939282154913
16  67  117.60259995800884
18  69  104.36031729965835
20  79  124.30627687493043
2  11  68.89398932297695
4  26  194.63929812137212
6  18  251.38056504868825
8  55  63.794645385487499
10  60  213.57198332385417
12  28  141.38819568622824
14  70  252.88830276095516
16  66  140.37940831377514
18  42  456.84390866431568
20  64  5.1395906451860496
2  7  140.09764834333509
4  40  185.10303052558035
6  41  239.32463720175141
8  45  206.97055086479239
10  64  161.53639940546975
12  63  110.2857464160595
14  70  42.726870266971581
16  36  396.38128767741085
18  57  322.57545263177326
20  60  66.299639322420148
2  19  91.656887808092122
4  46  112.26482732960092
6  16  305.69629307873242
8  50  99.009964135003798
10  75  49.085734969299743
12  39  516.6211085627026
14  28  599.83366273402657
16  71  148.9886952642394
18  37  513.30243152722119
20  59  330.87318270264871
2  8  99.999999999999986
4  31  145.66445400184944
6  31  228.13201115310108
8  67  211.41491511928726
10  26  496.90424469119012
12  61  178.15424816017256
14  69  91.737056785504706
16  36  398.99514383809259
18  74  206.87648013188297
20  42  332.10964177700441
2  36  70.941514679410702
4  27  198.80531969951446
6  24  369.4485388950294
8  34  189.51302989560745
10  62  70.107475388738266
12  46  129.47966974937822
14  56  151.5565794798307
16  64  194.2470348972717
18  58  212.5923778805456
20  66  45.811369341378729
2  5  141.65895668850186
4  20  201.69308319768197
6  28  302.67194198510691
8  59  147.21679656040141
10  52  189.64844436097039
12  46  267.26049911291352
14  57  224.17252934417198
16  60  64.61352446685278
18  76  30.73161936161025
20  63  1.6193893589522688
2  27  110.9143048176449
4  16  230.04936241211385
6  28  318.59159825092888
8  44  209.43030707657164
10  52  102.56984782172503
12  12  555.33394178180436
14  64  174.46006440680924
16  78  127.72092576904927
18  54  331.23366725694103
20  79  111.34044937177455
2  0  2.9999999999999947
4  18  232.81276939288725
6  53  53.946928434839577
8  45  191.05240735933339
10  58  254.3868137211721
12  48  369.39347178145709
14  90  73.618562501618641
16  57  120.37242256480273
18  55  264.93840730843215
20  47  340.38655488418567
2  20  86.03763767466593
4  16  135.75773634305273
6  21  337.31203998857853
8  44  124.56291288353717
10  49  320.46318924251625
12  52  136.08779899110991
14  57  305.93220507255927
16  56  433.69373205032775
18  88  105.77234230760006
20  50  346.67253533735504
2  19  51.511314186022254
4  33  97.549103564589501
6  47  208.90618964184216
8  42  213.52771759562035
10  65  111.65377550436315
12  76  105.77409856934639
14  58  142.79939663036913
16  49  253.13215814113943
18  89  95.882927772697897
20  65  232.71664069274297
2  21  127.23356645615645
4  51  165.19111572275341
6  24  235.19549827909017
8  11  184.97383604394923
10  37  171.86130532871121
12  55  152.21906984187984
14  49  238.1937584814047
16  64  296.34615702695612
18  79  49.59960532723057
20  46  278.55389768621694
2  10  143.73292275255091
4  48  92.042641097139224
6  22  378.26464551827229
8  12  7.4187694598086713
10  59  143.75570832035379
12  6  518.00912233975691
14  51  89.188108745951169
16  79  60.947518139924341
18  44  499.07837089033802
20  59  428.33166236581911
2  0  79.891203063394769
4  17  135.14558111864662
6  44  188.47361911914038
8  41  317.23346474233915
10  41  301.72324114633545
12  44  176.01827002737696
14  42  520.60438109072606
16  63  216.83328125511886
18  63  141.08789416548848
20  83  82.722351458648234
2  23  98.767115517432273
4  13  75.028408120009331
6  52  102.62181848370408
8  37  338.17188090274544
10  25  320.92255631324247
12  47  106.21946516069318
14  31  593.78623674087544
16  44  375.54224434448923
18  80  41.464054317539329
20  66  266.95114789844973
2  14  142.26527578399566
4  47  112.41478461911075
6  33  202.70629783272821
8  49  92.81934648266683
10  40  111.78851595805665
12  71  136.63969168203857
14  34  194.11896477995728
16  54  300.80312150431797
18  64  283.26895116236494
20  40  511.32133595542172
2  10  181.99999999999994
4  0  41.00000000000005
6  9  162.27126904290742
8  41  175.6405254178851
10  42  68.106206517753805
12  37  367.71790896299763
14  48  280.20704873291857
16  64  155.31628603573955
18  54  144.6874444583988
20  71  113.6186101933271
2  58  37.057292019584089
4  14  188.64515275557616
6  45  51.410817478150932
8  41  163.91272067374996
10  43  406.031786485699
12  75  191.02527473900415
14  34  127.32359581120556
16  30  158.39343049178962
18  40  317.40377526183835
20  61  88.705871589451945
2  25  92.084674642060591
4  32  159.04736102993613
6  23  147.44834833324123
8  22  214.21253446688235
10  53  225.55035829546154
12  40  234.92940395806139
14  67  188.29947268696446
16  82  43.019505587626661
18  73  82.714983051228643
20  79  143.04718322897091
2  43  83.026681052358114
4  38  107.54829445426776
6  63  61.429564171101056
8  36  114.45832912448653
10  47  140.64015803293472
12  39  294.54554682775199
14  59  170.54330772863966
16  40  82.555316561232885
18  84  74.096027664132961
20  64  439.91241466776182
2  49  82.394555509315467
4  9  263.43955693599889
6  40  62.95005552194332
8  37  184.4328669198747
10  57  261.40542043315469
12  39  395.80481923653724
14  64  95.980366122421643
16  61  127.93702102392611
18  55  176.41873315829497
20  63  84.195731332297413
2  67  35.582383904503125
4  29  184.32499778672619
6  19  300.53280449659718
8  40  92.549798217318425
10  23  506.77923967657904
12  64  160.99580592684239
14  57  106.97196275759768
16  57  128.63755062279893
18  53  499.85007240953774
20  64  168.73226799193986
2  25  98.757611154826563
4  40  126.95290635225527
6  59  126.74204425010559
8  47  100.68543000512801
10  41  386.41464194663899
12  55  166.2964130430295
14  51  176.07587889703302
16  68  223.93947512098529
18  83  161.48793777994601
20  60  25.642333212306617
2  0  133.74460578633051
4  34  116.73163189485395
6  25  345.88388397152102
8  42  232.34520548141478
10  44  137.99905956858257
12  45  312.98087939488562
14  40  302.81836033969711
16  65  236.48567040939011
18  57  240.20563898983059
20  53  94.704365476676315
2  21  50.916441163358215
4  45  179.29349001432624
6  15  209.73059009569278
8  34  319.96511082765579
10  41  440.64834831292291
12  16  542.79192239451982
14  67  43.538347337264355
16  27  223.53680359256572
18  65  87.236070420495366
20  66  104.00347729271161
2  43  71.841502617304968
4  28  220.87197161723628
6  45  133.20694065425351
8  33  132.1500312482471
10  51  293.57693113177658
12  50  261.9669308347207
14  57  63.258680106172513
16  74  151.15831076310826
18  48  209.66554214125372
20  51  408.79727036724375
2  11  85.598940490223896
4  20  230.9457565642912
6  35  96.394047438924076
8  32  278.59136818703206
10  53  232.04819503610864
12  32  432.84798450424591
14  51  66.098743854520265
16  46  588.28806386337271
18  75  132.6164071213453
20  85  105.70071225917674
2  15  111.60938132198056
4  30  179.013543718585
6  36  106.57404595396872
8  53  220.14675384404106
10  47  166.09067484277023
12  51  138.93376520692715
14  40  303.19970942039197
16  70  52.838865616463188
18  75  139.96217834407162
20  74  79.26543196450757
2  22  108.66424726778806
4  64  115.65187797887805
6  41  165.79115569435839
8  62  117.70550344760233
10  46  138.99902640806485
12  67  80.899750397886265
14  70  119.37651684781606
16  46  255.0986757099991
18  30  173.2968352367144
20  53  381.13960866808264
2  0  5.9999999999999982
4  37  117.47471234543079
6  42  60.759667954298635
8  48  268.71259384246105
10  12  655.68744133364589
12  61  134.33395123083969
14  72  108.56886945485992
16  70  207.67345521897559
18  93  40.980337356576761
20  90  59.879635004762918
2  6  75.531085349729295
4  33  166.3740182008026
6  41  149.63626218344814
8  44  221.09554320567139
10  40  227.24492767904536
12  31  401.67684869365178
14  60  196.94432522071585
16  65  249.09161374347627
18  50  53.645958113316517
20  69  44.759811237238537
2  46  102.74055724634891
4  36  68.899566925364397
6  39  132.94921909789986
8  15  243.23832477692298
10  67  132.61338539189251
12  40  419.09807374964703
14  57  253.33834049845262
16  54  149.80107186071891
18  50  96.943235768950657
20  79  109.58833163425237
2  18  60.174382371683443
4  11  105.60588542689317
6  42  224.03432105071721
8  56  24.07732715226523
10  54  107.33137041402053
12  47  253.72519753132136
14  49  182.02795212097092
16  87  131.38348772384009
18  57  166.0382193129372
20  47  101.44680478257099
2  20  71.16017859085143
4  47  28.988702611500287
6  55  104.11468561261326
8  62  107.80347486578285
10  39  405.28440684362045
12  33  313.22274160339305
14  47  243.75343234786243
16  94  30.111093222946696
18  39  216.20918776297262
20  62  61.506274965454509
2  15  91.890059285606895
4  52  68.472076941167558
6  32  101.51261896401402
8  56  145.44987194809627
10  16  417.3404292559531
12  53  244.53247729665836
14  45  323.30322845870518
16  38  200.13395476456716
18  93  55.490350487699018
20  57  311.31859989326841
2  17  109.15063695041279
4  6  91.608170946653587
6  35  232.0053647570671
8  64  157.75293679650591
10  53  100.40386776129957
12  46  292.46639538874541
14  68  146.08128163529645
16  54  175.25940456248324
18  75  275.19949043006068
20  33  130.95478867735937
2  14  74.922981779128165
4  53  124.93771789504567
6  10  72.743004463168305
8  52  139.94277706570696
10  30  152.94646034686252
12  58  114.30545561619678
14  69  138.4143226567752
16  56  108.56360079604579
18  56  375.7896364705133
20  36  451.82756315509414
2  9  106.48290633283301
4  33  142.04030998956924
6  20  234.45129163719508
8  22  131.98286041181319
10  82  85.940200558848801
12  72  37.653446286604506
14  33  596.69032261841755
16  18  726.2650624157701
18  73  187.15968596807801
20  50  539.88115515666902
2  40  76.513416043396006
4  30  203.44343162429163
6  40  172.12616048480399
8  61  172.39264058817386
10  28  378.5239006047542
12  48  193.41532160686944
14  53  131.20217968813751
16  54  149.16579593402403
18  41  351.15661747414515
20  52  504.59204050695399
2  4  181.87340127698772
4  28  190.68057452408192
6  39  160.57882314075067
8  40  110.34324968946126
10  73  92.417985022844846
12  33  381.10559998149813
14  80  129.08431542175663
16  57  300.95888838602218
18  59  278.40261654887763
20  33  685.48520559039127
2  24  120.93389679013981
4  18  54.511162973137139
6  68  109.87595687921353
8  37  209.72745033209736
10  75  118.45026650189985
12  36  519.32363336115372
14  52  163.46831486348128
16  47  311.29995406880136
18  44  375.11689316020818
20  46  413.80037418332779
2  10  175.31191643295887
4  23  170.49742616765025
6  64  127.02264344567558
8  50  193.00331636720978
10  42  209.71111200519451
12  70  21.803451838833688
14  45  225.66407409551874
16  36  82.296797271718617
18  75  132.35499187286814
20  59  18.177050857930773
2  32  79.069998500838025
4  11  246.94493291768254
6  27  159.8027753446932
8  47  93.149123190502706
10  43  70.805072170013943
12  10  456.27390593384831
14  58  2.6847514888646318
16  66  93.469912050261939
18  63  303.32630287877538
20  69  126.68824617382467
2  24  66.644838638547327
4  10  65.407656478378428
6  25  137.0005902208222
8  69  99.153070454844652
10  59  265.10686621934911
12  77  76.644567381870232
14  34  223.92467199787342
16  29  701.07658788794504
18  80  148.55120881476466
20  83  31.249641056096102
2  0  143.89111852683774
4  31  8.0648518672190264
6  3  260.09520065625566
8  55  145.65784592963601
10  51  224.58332827308465
12  40  99.618962104513415
14  18  369.57380014061999
16  26  311.91959398514837
18  63  38.871194371668835
20  57  188.35068813048903
2  39  19.395033526256569
4  36  106.6953652671053
6  8  178.29185705611536
8  22  256.84476992228281
10  52  217.02479652405924
12  48  216.60141143694702
14  37  296.0078677917071
16  58  122.68921543529873
18  70  230.29724195625093
20  63  147.92172831242834
2  0  32.000000000000021
4  51  130.18387089421554
6  35  251.87176121775337
8  10  221.0000000000002
10  64  101.51198016813728
12  48  292.24735729535797
14  65  153.96762506410042
16  72  107.83247457824213
18  76  240.47873763153629
20  75  53.375847864282115
2  14  65.534212982597154
4  24  186.0048841644321
6  77  95.223722197283223
8  39  219.53858243334994
10  86  99.335927973630817
12  52  264.23524017973574
14  82  202.89292236918664
16  71  177.46214655446815
18  61  286.3148586628252
20  41  292.87510603593341
2  19  51.994568225300618
4  44  190.96282184539555
6  19  118.77994126307996
8  30  244.45453250114451
10  56  229.05779616820163
12  38  280.76105072095436
14  49  238.10233801340956
16  61  169.79464815978295
18  62  266.11793026572025
20  68  39.185639302721832
2  28  126.79758948534321
4  38  168.94852211457655
6  64  131.56276462360086
8  36  235.7354910867368
10  44  149.40882256666728
12  51  99.847290410642842
14  60  232.1679057538249
16  94  31.210630386237785
18  90  83.491427044470441
20  74  216.30092574248516
2  41  74.052275003452095
4  13  178.70305534887495
6  52  77.975034746874897
8  36  78.382495250988811
10  37  194.42645424200529
12  78  113.98486676811345
14  71  60.634286809457265
16  46  590.77637991309314
18  72  293.82064234836423
20  61  158.69737807066008
2  23  105.36773954432508
4  24  61.919600044281083
6  55  73.9301510567457
8  8  302.05090306689021
10  36  308.32263467400509
12  38  466.9335733791728
14  28  248.66566804942181
16  43  195.78808917284584
18  79  28.698291984213974
20  65  34.512344196758292
2  27  43.224740244236358
4  41  84.898641456615351
6  39  146.05637185303587
8  39  300.42842827012066
10  16  156.7184315348517
12  35  379.32420089088578
14  8  260.36548504598585
16  44  137.22235385715362
18  72  181.53947748821449
20  84  117.37390043302342
2  9  101.71107282767451
4  38  132.55739370453563
6  53  91.001173472466036
8  15  464.96184531554906
10  44  162.50754000074596
12  14  297.81155763348971
14  42  469.78156125674843
16  50  193.79350183412524
18  58  416.29703429047106
20  23  361.97112198022018
2  0  75.0
4  30  143.3314104772106
6  13  48.551859337166675
8  70  127.50663165090617
10  38  129.25326210411183
12  72  145.71178921464556
14  45  337.54824723126757
16  58  80.986794012674665
18  76  77.977809758039285
20  51  241.81955994485702
2  50  94.033330651475566
4  25  172.6922753332247
6  37  160.62265591161648
8  11  50.0
10  47  302.41709214453448
12  65  84.538085547893644
14  42  217.2414946233676
16  20  534.36561263483418
18  71  136.39973363594382
20  76  65.999999999999943
2  47  85.178249847944684
4  71  92.714873697692198
6  28  201.24390120412068
8  20  384.89246813092586
10  17  369.60450851873571
12  80  119.81117367528491
14  36  117.16151399850217
16  75  52.547835407640775
18  75  101.31308432765221
20  75  16.880622319303594
2  8  163.99999999999994
4  34  235.59376151533525
6  20  356.16461071470815
8  24  316.37319876655221
10  73  186.44743512204488
12  53  427.0838718881314
14  75  84.255260292024118
16  56  149.64175312325531
18  55  89.567724394631043
20  47  300.09684654565478
2  0  129.45579094722544
4  31  120.03809240464253
6  22  253.48498639705934
8  53  228.90521681996239
10  22  325.25761078740356
12  56  188.01839719803644
14  55  50.439889289125773
16  61  200.38779889406368
18  61  225.11062685602329
20  62  120.76274989289182
2  14  155.22068123849479
4  23  88.377445757412957
6  6  284.00000000000006
8  16  528.98923784040539
10  94  29.469722731474107
12  43  137.6299112708727
14  51  173.91400102830107
16  64  191.14160082972916
18  71  103.07150329156154
20  75  257.15482194475538
2  10  179.80525221818212
4  0  0.0
6  55  102.18304698002285
8  29  158.00742861361289
10  54  239.68632847073971
12  83  71.743842937163478
14  14  205.91959073179748
16  57  287.55782175409507
18  65  236.35833265755764
20  83  144.95767754378167
2  31  146.81694430619342
4  10  246.79402479473549
6  46  145.31061048645955
8  16  193.82309692829404
10  53  183.52531216416304
12  37  580.89824802187354
14  57  129.70849706289749
16  45  588.74749727974142
18  54  160.42078729308932
20  68  295.66411088735344
2  42  95.112618318625096
4  43  63.035848131633685
6  45  283.21163443902236
8  63  274.17131386198321
10  53  215.43300483390374
12  30  397.444456542073
14  46  186.0659659210404
16  47  140.29214112175617
18  59  192.1451849337424
20  44  403.89603517742523
2  30  110.90081987557781
4  24  284.71830262677992
6  33  152.46172699836916
8  24  543.2655321431713
10  44  251.34032585968731
12  49  25.910766448359205
14  57  246.75592493047995
16  47  302.97691297754324
18  75  103.94306967914032
20  64  267.10936439958721
2  10  114.15070265501136
4  29  121.21966755130133
6  23  208.25439609766559
8  31  318.05320316307422
10  47  330.31480402928406
12  47  144.72722409047884
14  34  167.53706583811163
16  39  272.95787636911149
18  55  437.24746472524674
20  76  92.06865897908817
2  50  45.738363695391961
4  61  26.817652074914431
6  30  168.93467640126886
8  26  307.11357317514756
10  64  181.59113687497222
12  45  212.55528522472483
14  72  15.178319629594753
16  80  171.93304799299494
18  68  190.08375910991822
20  31  272.06859567703231
2  25  158.2178137690554
4  37  55.089571099667872
6  45  230.34891964720978
8  31  153.83326191037611
10  49  199.60750184460539
12  56  164.35002454527404
14  74  197.88681777810874
16  58  151.40261150107025
18  30  707.07959323767864
20  80  142.06196703802868
2  47  96.73606113765851
4  20  146.16257907740933
6  41  73.075681960724168
8  48  226.83469599167478
10  64  88.196819548649827
12  47  250.72772219947049
14  40  98.350333439675566
16  69  58.393820431219638
18  67  30.354780751049379
20  63  279.65143445799958
2  13  43.824446022114238
4  3  100.00000000000006
6  45  240.14642974859098
8  35  126.03662561396985
10  59  104.91748462933684
12  32  321.71807307761054
14  55  364.59493226327743
16  48  108.16925053912543
18  46  393.94359613975917
20  95  22.161620035184516
2  19  131.49116172794842
4  7  154.7346024746536
6  67  56.68434478651551
8  30  239.22215615451694
10  69  122.26539840277989
12  70  129.25515361301223
14  46  92.10307506364569
16  69  33.244078475785514
18  48  378.45913025336131
20  24  151.16749111891517
2  25  91.939482228872507
4  24  188.38887277811892
6  73  99.084468651228519
8  28  319.22574684817192
10  67  104.11280669399724
12  52  61.448888707043551
14  57  211.80800988392076
16  38  168.11494195072348
18  46  123.76076081413929
20  70  135.76863458487099
2  21  122.71129819135673
4  49  102.77454683101567
6  28  122.50449041485292
8  24  332.42774036297004
10  69  131.00209393940511
12  71  89.024082637652171
14  43  315.24936086920553
16  75  149.79423014893345
18  41  311.84978876373879
20  51  133.05282410020118
2  11  169.6224913332498
4  41  41.792935599134218
6  17  297.12014518699851
8  31  288.25190728406091
10  45  57.788438566106485
12  42  282.48326356516748
14  41  554.40894449306393
16  53  327.19706747538788
18  85  71.389923479349591
20  52  299.00552035798739
2  9  148.41839591927774
4  41  186.19323797478472
6  42  143.59506960018041
8  61  107.07515999908442
10  28  427.41291883707237
12  47  158.00404783041148
14  51  140.58986260581875
16  63  383.31289076984268
18  43  539.99999999999977
20  65  200.47054483330487
