1  82  65.405906191352344
2  60  214.57776922734288
3  51  363.74823167291936
4  37  491.19394801403689
5  60  208.51805113345807
6  54  288.31068729038594
1  22  164.09313027240029
2  77  157.11826667083466
3  45  222.39319642820135
4  67  238.42356489213842
5  41  314.36740273000538
6  45  426.41264764402774
1  53  106.53166127657869
2  55  273.5024306340631
3  62  211.27866785274225
4  49  210.74130947390992
5  54  226.64159549919606
6  53  250.53806569765808
1  87  83.626776093874454
2  69  141.41327868444736
3  48  352.94218547812847
4  75  147.63351055128044
5  33  367.58270063649303
6  47  433.22810109397187
1  49  241.01637005053121
2  78  137.11703344045654
3  62  125.57782248294339
4  60  290.87783071315494
5  39  207.07799274733154
6  58  250.70538778594647
1  76  75.719346815379183
2  67  157.31779537038585
3  76  132.26842755818754
4  57  238.24122340254542
5  71  114.53980740586495
6  39  504.57772958935072
1  84  60.647449927955655
2  63  239.58379078450119
3  66  268.25742220211168
4  40  331.54559857049935
5  19  500.79259455612447
6  56  323.9435246842815
1  67  72.971034610942922
2  62  184.04753242600142
3  30  527.79376758488274
4  51  411.95763662470563
5  81  100.67619688746326
6  46  313.95204399834796
1  69  180.4053822048576
2  73  132.02218702979272
3  65  241.91334687738541
4  69  175.66590857098336
5  51  261.83639345566786
6  38  434.29816244261872
1  68  189.34603233201153
2  68  194.80367007056864
3  30  250.40972688264407
4  68  178.90618175298698
5  82  92.335670874563391
6  69  176.63451201918508
1  50  147.72853154643352
2  40  216.26302995456948
3  75  146.40657793735278
4  47  323.43319398397472
5  59  156.28663290537972
6  31  413.25449539316543
1  69  125.73444541666231
2  63  237.02710552711292
3  48  314.04315958549734
4  59  322.62809120570807
5  42  253.25270386129549
6  50  308.83403696150833
1  83  120.82695585099533
2  83  114.36991897699711
3  29  258.35518277113448
4  51  305.1865039671402
5  76  171.28837923898615
6  43  369.21641422576317
1  89  59.859307913687601
2  63  266.97111104773569
3  18  304.86406072284711
4  50  283.41058845963653
5  63  163.68738825197539
6  38  205.58224391151668
1  76  109.42369411815433
2  78  90.204608672103532
3  69  155.75300502569067
4  70  161.20020981489665
5  37  539.1121521346173
6  48  348.36043923500995
1  76  153.37491440394888
2  60  206.71237532934643
3  65  200.93314668231361
4  15  623.29407271794923
5  33  507.28912426690852
6  67  193.64530761567138
1  45  156.20095477383566
2  76  144.67097297475712
3  68  191.16910822235405
4  51  210.23364187985675
5  52  258.94404202116613
6  55  340.9973224632983
1  63  255.62546199340485
2  63  221.9154333581925
3  52  288.61430361274796
4  69  187.76415749020416
5  35  403.52195711969455
6  45  397.71971146567188
1  72  134.31216829147459
2  53  306.01459349962136
3  57  196.21151463260409
4  44  350.45431572417391
5  60  170.69947419030177
6  79  108.17003067177157
1  73  109.60259112333682
2  60  233.00388525463751
3  76  111.80743422103723
4  52  436.82534910387153
5  88  93.031216696658149
6  66  218.46519002036729
1  58  103.45792435489798
2  46  333.85083828926457
3  80  122.91321127032506
4  20  226.51074906187131
5  47  379.07416039777587
6  53  291.24149330873684
1  42  388.00220679710776
2  92  34.998870013837831
3  54  383.27364666826742
4  62  243.67753054552415
5  66  137.37198654045878
6  57  299.40125178987347
1  72  125.38510142801636
2  72  185.77852230069936
3  45  402.40246372866403
4  63  164.64525500087947
5  60  202.58721796555491
6  71  146.31076479621098
1  69  89.194026995693591
2  57  198.04183340915728
3  48  292.58929520567358
4  63  224.38348695610927
5  66  156.59286575936753
6  57  256.80807667722399
1  82  97.211730298237725
2  75  131.37425300048255
3  37  332.89337100606565
4  40  532.51081843516442
5  37  397.03097518461232
6  50  266.71697259776636
1  60  199.98717542610552
2  54  165.00350160515862
3  74  58.269015153870598
4  49  187.61112880085585
5  54  222.64326939803169
6  41  318.30959034556287
1  65  183.79229759607412
2  24  283.59979859955689
3  45  319.04357398773845
4  42  391.7088674497088
5  48  250.82489061533505
6  20  399.10702114750831
1  55  222.23350262253626
2  74  159.93631713241334
3  69  218.75938087798613
4  32  529.96896200995945
5  66  218.92534910708585
6  43  352.33045764206241
1  79  149.2513283050356
2  50  196.09416710195862
3  39  311.66908541497855
4  60  302.28000565618436
5  67  170.96156839581019
6  43  333.52584421419198
1  88  60.219150301792034
2  51  361.67023922002323
3  57  203.70736093588394
4  81  109.88314787568001
5  37  324.65747499071153
6  62  228.83895983007295
1  58  114.19777006621878
2  76  158.31541137825658
3  62  233.77214651972051
4  58  268.96359004597798
5  82  86.311277147704828
6  37  341.65623700741571
1  64  161.68223310942147
2  67  235.68149239675725
3  45  74.635262559732837
4  44  360.82275637883089
5  45  426.76426645325228
6  63  204.52764884865607
1  78  101.10570625047578
2  65  164.89997720043596
3  58  247.79768457258325
4  56  298.22321603097021
5  49  340.94360659854351
6  33  517.33693724112936
1  60  248.77055896566333
2  54  247.79217234279628
3  41  315.11470071361498
4  36  284.77480108993916
5  57  258.12629300334754
6  49  336.89006660798094
1  46  214.30127882161892
2  63  179.87176503943152
3  36  387.95192091863032
4  56  209.49559515176387
5  49  199.11278408357785
6  46  377.2979554536069
1  67  205.73946094041847
2  88  73.120959063864504
3  31  332.45406351285681
4  75  134.6396568106027
5  53  190.31507945329531
6  34  390.51052791243268
1  77  105.1470902131604
2  67  144.48028904184878
3  67  129.79352647901896
4  67  200.14561623378606
5  65  215.47079044386413
6  29  292.23375851126156
1  61  142.21993153191224
2  48  252.12374647761476
3  39  388.24340890927289
4  38  318.93142108380351
5  28  683.24108879199582
6  60  205.19687542125752
1  77  118.66866150765738
2  68  189.07801581343168
3  55  350.94248706628002
4  52  311.21942915454804
5  18  232.58891582619901
6  39  374.15165685882204
1  82  107.46021821329184
2  51  197.64915938142923
3  58  168.57757218277612
4  48  315.41261459898078
5  67  185.42390710578482
6  38  313.21810934993164
1  72  133.8015587679204
2  50  285.47049027675814
3  63  164.49768690044181
4  53  319.130489148062
5  42  369.68585532079675
6  53  231.0296663180012
1  86  89.553345160657116
2  60  217.07751584493292
3  40  49.680397064483486
4  61  298.55320250461233
5  68  244.32764457018629
6  62  297.54925049233134
1  69  187.18597971561263
2  68  191.24018507650825
3  72  150.19995464278284
4  27  618.71562376532449
5  45  317.73602538440423
6  63  196.34651342505424
1  75  85.56784565288082
2  60  283.080842922812
3  34  391.21615360854298
4  78  183.13592206344816
5  49  357.77964967175217
6  59  263.80978131761458
1  44  392.89845986518424
2  63  294.38333456081222
3  32  312.70318428570476
4  67  200.38811908499792
5  60  218.19350170068563
6  58  313.83843809663875
1  72  165.00000000000009
2  72  117.30751953611826
3  29  440.82174222432468
4  73  150.9305809390041
5  55  302.02957219307109
6  67  205.65485794158224
1  72  138.33131250793062
2  44  230.23943669910855
3  31  498.60102267395791
4  65  334.67659512234462
5  56  230.96462409816843
6  44  243.24024327206399
1  82  89.631983404460684
2  38  439.11986114897462
3  56  194.63024653006107
4  45  396.38670752279222
5  46  442.48968698801087
6  50  309.96191330144944
1  79  99.746960123231673
2  61  307.16384434866171
3  79  129.13918556268337
4  36  421.50464684704582
5  50  204.47939895707353
6  58  245.53200628880441
1  76  140.8757973090664
2  80  124.86389018130113
3  54  243.41419607792474
4  29  650.8086819570841
5  64  222.94348818015624
6  57  296.40626044237712
1  85  77.426864077217218
2  40  359.29367551394904
3  39  439.90788819509874
4  34  386.69847794474441
5  46  313.85467844761138
6  70  212.24566506488782
1  57  219.73312248018689
2  63  192.80559568409763
3  44  353.68488341610362
4  67  258.3600286438953
5  47  284.64518430323704
6  35  443.16764024108772
1  66  239.54304088085925
2  63  198.49709120618579
3  59  320.18194529542899
4  60  245.91331630569437
5  63  256.45614440707203
6  44  306.97577150246042
1  54  225.49284178693739
2  47  356.44358121831914
3  57  222.28824461411938
4  71  158.58540929414062
5  55  439.70588664969489
6  41  513.57176768335535
1  82  76.4492427660891
2  45  211.2683053029366
3  57  193.29721537987552
4  63  143.97600843075912
5  55  318.88712243488669
6  58  150.01557128872196
1  72  149.95024136466256
2  80  124.29270096239192
3  77  137.7652340638075
4  41  406.93992798177896
5  69  213.6654801180288
6  27  436.85512967077801
1  65  227.38367678815447
2  53  234.53131070390731
3  70  161.89876085626923
4  46  231.28451895343406
5  42  287.15197346539594
6  54  308.70807565814943
1  51  126.22571735804981
2  59  239.37317274007276
3  54  249.41071331330778
4  50  236.60960874092569
5  59  186.39126653125803
6  47  475.43760115117169
1  93  40.36990809231029
2  34  302.49857244754531
3  61  213.93324104761575
4  38  409.85504880750091
5  35  457.98690600215161
6  62  256.79686160998682
1  96  13.301249962139128
2  57  151.74280356790428
3  61  268.57389762017721
4  40  449.70978451240541
5  61  115.1774177658917
6  53  472.69014500355377
1  62  118.55752813735855
2  75  138.11193999121576
3  52  337.15512625457143
4  33  241.35588900848913
5  73  266.7881815456285
6  51  248.80902313199078
1  75  100.49081337504161
2  69  118.98401439045952
3  36  175.64402460145058
4  51  378.99213392630821
5  29  378.39052636749255
6  56  266.47158465126682
1  86  67.805960619109229
2  78  157.82435867157045
3  72  225.65676634234427
4  49  323.30926676886514
5  57  259.59591227294544
6  24  410.3937821173443
1  73  151.96149090795353
2  70  159.99664129625015
3  52  267.54268164414015
4  50  292.25125183416418
5  57  362.61124909868744
6  49  365.29009042917573
1  60  113.87970245881995
2  44  425.11964740591452
3  53  365.25678216510011
4  38  474.89564434010202
5  58  321.21420780872387
6  41  399.43692278336175
1  44  55.922333790725773
2  41  264.1867238093559
3  59  166.92784776188907
4  46  429.78618730587891
5  65  233.54765572637598
6  26  469.9918274100051
1  73  129.71745190913163
2  50  300.11064332789948
3  68  241.0553679684507
4  56  277.9082407406234
5  41  474.55759193881556
6  38  515.08871143309227
1  84  120.32876074618102
2  74  86.715574107388136
3  70  148.13306033560295
4  35  525.01024210501964
5  44  169.51945188716806
6  69  295.61319887243747
1  74  89.529190149757326
2  57  263.24069595973924
3  36  266.82309656112295
4  45  252.42972905813482
5  57  275.57243758725025
6  39  385.42270359452306
1  53  86.149838847807345
2  59  253.59903100500165
3  46  125.70716266413524
4  28  469.80679773949396
5  30  274.91359695564807
6  39  282.214462071149
1  60  223.80630215400086
2  60  288.41495846271755
3  54  271.52278462975914
4  79  104.6361038718304
5  42  267.9422670790895
6  34  226.11688169403635
1  51  345.08520705714312
2  72  121.34195948786392
3  59  315.26655581453235
4  81  98.41846090007482
5  14  690.71938236838218
6  45  423.23762036059856
1  47  291.95111919977734
2  43  306.17465589585549
3  62  152.24578335764451
4  61  277.4630294072295
5  59  190.09630159133343
6  51  131.05041148711041
1  85  97.836376659765008
2  53  155.76492315297014
3  34  363.0563831464753
4  51  240.91852891357163
5  23  395.35988029567488
6  66  158.35474862360508
1  49  145.83923715635149
2  81  90.279421734013638
3  74  253.72245658453409
4  34  233.75270496366454
5  28  530.52292062755851
6  17  458.08909259032112
1  74  158.35114149888813
2  47  349.79233063934112
3  69  175.17809394077258
4  37  551.55891875483337
5  33  628.10679907506085
6  42  281.64751853453333
1  65  140.58253168011481
2  57  328.83630240878199
3  70  183.60147449516157
4  32  266.23309135122742
5  31  552.3033930878637
6  41  281.32117269989783
1  83  106.51014134881825
2  49  232.52767233019409
3  78  161.39023087072857
4  21  534.76099832655882
5  53  345.17809091652663
6  69  125.52638821599979
1  56  205.57034386646416
2  73  195.63002147481927
3  46  295.0642387457836
4  49  206.51387492679581
5  54  265.19553077486438
6  50  259.29233853222036
1  49  129.82907922343171
2  54  239.0456983034976
3  44  238.13139494931195
4  46  263.61220199265659
5  57  226.48883108610414
6  44  307.47332102144412
1  39  239.0761785214242
2  66  165.10648145551238
3  78  96.483118308330617
4  67  221.87104571387667
5  39  295.37619437491156
6  34  629.22302568428984
1  65  167.87120286915342
2  50  344.76560843604926
3  27  440.44387887313781
4  29  477.80804213611873
5  77  145.62806759402068
6  48  309.37033658279631
1  63  182.7212683861521
2  56  278.38258588621648
3  49  260.74208211820167
4  22  239.38787738023007
5  60  268.85787433159311
6  66  202.63737428454473
1  66  188.55534177427793
2  59  228.52742693951322
3  48  365.12437842138991
4  52  240.43306437114762
5  36  374.17412945881608
6  40  426.17721103049251
1  72  165.49229949760743
2  45  281.25535143530396
3  65  232.82504031660963
4  55  301.3411542279274
5  36  267.86457761718401
6  51  312.00869057456498
1  81  76.915360802519032
2  80  144.08190128922135
3  53  270.26975761082304
4  73  172.93213809130444
5  83  116.34141243999014
6  38  302.01222556477046
1  59  260.32374500811221
2  70  156.21765766548577
3  71  181.62270669146085
4  65  221.24804684333054
5  30  478.62447514666428
6  61  169.34274239252514
1  68  122.64296029906481
2  66  149.31888487812333
3  59  210.59274139468832
4  75  124.52358398482396
5  41  304.54648823606169
6  43  428.2587632419349
1  80  95.125298344840189
2  55  200.3241977094043
3  71  162.76595806416427
4  46  358.75438285343841
5  45  214.66149433178379
6  30  370.55256769880009
1  54  234.86632793449897
2  57  249.52706129434827
3  35  408.84011644203139
4  28  345.71834201701938
5  40  425.89376368817813
6  70  163.32462566833533
1  84  95.912580281691831
2  68  199.53781383815786
3  76  159.57389238187957
4  59  163.68494052472252
5  45  305.93012759453148
6  36  445.94273056905621
1  87  61.208743713151463
2  57  253.16514544394127
3  77  115.15187432129885
4  57  250.00116570675661
5  51  242.83551682185472
6  34  373.02879251769565
1  76  139.61929779447752
2  70  221.19073224845957
3  83  102.83324529732667
4  51  335.98392393213766
5  48  264.74731496793805
6  59  343.976538411197
1  82  84.416570345462489
2  43  398.37630097269863
3  47  204.23490484043111
4  34  309.64658770564643
5  37  480.41422365280391
6  69  144.23738759760877
1  84  110.90244975232633
2  51  282.74846517773722
3  48  312.29056880341818
4  55  256.11623878081679
5  55  340.25485284079713
6  50  327.21201606740129
1  71  144.86936060287908
2  57  264.44453131783945
3  45  213.20888864294585
4  53  288.55081869366853
5  49  253.27037070492423
6  72  139.76028232605495
1  78  114.82514783938049
2  67  129.97790930989089
3  75  94.784592647455611
4  84  77.475224079773241
5  63  222.15553254777984
6  34  391.44775205087336
1  56  327.79977090275275
2  49  289.32351632356807
3  69  227.50844332952084
4  77  132.54192899534544
5  44  361.95820142971411
6  41  405.40276705437009
1  72  127.09769334513511
2  70  180.2100163964046
3  68  206.57406459844182
4  40  252.01901557221046
5  37  307.4561153163018
6  46  352.44565840588729
1  66  199.9851796879484
2  36  351.45816817358713
3  35  299.3235815890576
4  45  358.64485834840593
5  73  189.29880204930305
6  37  529.8833140035764
