2  79.5  422.33715020650897
3  86.666666666666671  442.48747028837613
4  90.0  388.10445007134814
5  86.200000000000003  514.53016858904812
6  81.166666666666671  774.15202244978877
7  83.571428571428569  683.0495227011013
8  82.25  660.33583214270845
9  84.444444444444443  962.08341644574421
10  87.400000000000006  886.78612731571889
2  86.5  262.21040383346872
3  79.333333333333329  574.94331060740342
4  81.0  523.41486443829842
5  83.400000000000006  564.47952589422107
6  86.166666666666671  699.33404015814438
7  86.142857142857139  772.08188711297157
8  83.625  910.02948443016282
9  77.888888888888886  961.50327327102457
10  77.700000000000003  885.71492344316289
